      wave_micron        flux_mjy  
  0.0154221819325             0.0  
  0.0154783455809             0.0  
   0.015540258413             0.0  
  0.0156024189732             0.0  
  0.0156648289627             0.0  
  0.0157274883885             0.0  
  0.0157903989725             0.0  
   0.015853560715             0.0  
  0.0159169753591             0.0  
  0.0159806428986             0.0  
  0.0160445650983             0.0  
  0.0161087437552             0.0  
  0.0161731788756             0.0  
   0.016237870441             0.0  
  0.0163028221147             0.0  
  0.0163680339168             0.0  
  0.0164335058424             0.0  
  0.0164992397599             0.0  
  0.0165652375728             0.0  
  0.0166314973626             0.0  
   0.016698022957             0.0  
  0.0167648163217             0.0  
  0.0168318755082             0.0  
  0.0168992024628             0.0  
  0.0169667991687             0.0  
  0.0170346676472             0.0  
  0.0171028048591             0.0  
  0.0171712168936             0.0  
  0.0172399017199             0.0  
  0.0173088613934             0.0  
  0.0173780969564             0.0  
  0.0174476083969             0.0  
  0.0175173988859             0.0  
  0.0175874684342             0.0  
  0.0176578192002             0.0  
  0.0177284500972             0.0  
  0.0177993632902             0.0  
  0.0178705609874             0.0  
  0.0179420431955             0.0  
  0.0180138121572             0.0  
  0.0180858667379             0.0  
  0.0181582103376             0.0  
   0.018230842962             0.0  
  0.0183037669249             0.0  
  0.0183769822319             0.0  
  0.0184504900473             0.0  
  0.0185242915451             0.0  
  0.0185983891149             0.0  
  0.0186727827634             0.0  
  0.0187474736943             0.0  
  0.0188224631215             0.0  
  0.0188977535148             0.0  
  0.0189733436286             0.0  
  0.0190492372098             0.0  
  0.0191254342705             0.0  
  0.0192019360793             0.0  
  0.0192787439165             0.0  
  0.0193558590743             0.0  
  0.0194332828569             0.0  
  0.0195110152532             0.0  
  0.0195890602365             0.0  
  0.0196674164828             0.0  
  0.0197460853146             0.0  
  0.0198250694374             0.0  
  0.0199043702325             0.0  
  0.0199839877024             0.0  
  0.0200639232226             0.0  
  0.0201441795976             0.0  
  0.0202247554125             0.0  
  0.0203056549267             0.0  
  0.0203868781584             0.0  
  0.0204684250949             0.0  
  0.0205502986369             0.0  
  0.0206325002631             0.0  
  0.0207150299721             0.0  
  0.0207978907469             0.0  
  0.0208810810743             0.0  
  0.0209646054901             0.0  
  0.0210484640106             0.0  
  0.0211326581768             0.0  
  0.0212171895475             0.0  
  0.0213020581165             0.0  
  0.0213872654403             0.0  
  0.0214728147007             0.0  
  0.0215587059078             0.0  
  0.0216449406729             0.0  
  0.0217315206258             0.0  
  0.0218184474159             0.0  
  0.0219057210389             0.0  
  0.0219933431436             0.0  
  0.0220813170987             0.0  
  0.0221696429202             0.0  
  0.0222583205902             0.0  
  0.0223473535396             0.0  
  0.0224367435202             0.0  
  0.0225264905366             0.0  
  0.0226165963424             0.0  
  0.0227070627134             0.0  
   0.022797891448             0.0  
  0.0228890825408             0.0  
  0.0229806396339             0.0  
  0.0230725608835             0.0  
  0.0231648518352             0.0  
  0.0232575106339             0.0  
  0.0233505410324             0.0  
  0.0234439430362             0.0  
  0.0235377185467             0.0  
  0.0236318694907             0.0  
  0.0237263978211             0.0  
  0.0238213035385             0.0  
  0.0239165886016             0.0  
  0.0240122549961             0.0  
  0.0241083027081             0.0  
  0.0242047378153             0.0  
  0.0243015562579             0.0  
  0.0243987621108             0.0  
   0.024496357451             0.0  
  0.0245943422758             0.0  
  0.0246927207968             0.0  
  0.0247914908945             0.0  
  0.0248906568236             0.0  
  0.0249902185834             0.0  
  0.0250901805246             0.0  
  0.0251905404622             0.0  
  0.0252913027928             0.0  
  0.0253924675203             0.0  
   0.025494039142             0.0  
  0.0255960154078             0.0  
  0.0256983985612             0.0  
  0.0258011932004             0.0  
  0.0259043970131             0.0  
  0.0260080146481             0.0  
    0.02611204611             0.0  
  0.0262164937597             0.0  
  0.0263213599946             0.0  
  0.0264266472488             0.0  
  0.0265323530848             0.0  
   0.026638482369             0.0  
  0.0267450350961             0.0  
  0.0268520162481             0.0  
  0.0269594233237             0.0  
   0.027067261363             0.0  
  0.0271755303777             0.0  
  0.0272842329335             0.0  
  0.0273933690209             0.0  
   0.027502943863             0.0  
  0.0276129548334             0.0  
  0.0277234072187             0.0  
  0.0278343010305             0.0  
  0.0279456389615             0.0  
  0.0280574210034             0.0  
  0.0281696498716             0.0  
  0.0282823283267             0.0  
  0.0283954591745             0.0  
  0.0285090395999             0.0  
  0.0286230752233             0.0  
  0.0287375689239             0.0  
  0.0288525178234             0.0  
  0.0289679276849             0.0  
  0.0290838014637             0.0  
  0.0292001362195             0.0  
  0.0293169348659             0.0  
  0.0294342033877             0.0  
  0.0295519418269             0.0  
  0.0296701471117             0.0  
  0.0297888284028             0.0  
  0.0299079857543             0.0  
  0.0300276160314             0.0  
  0.0301477254602             0.0  
  0.0302683172275             0.0  
  0.0303893913559             0.0  
  0.0305109478221             0.0  
  0.0306329930995             0.0  
  0.0307555239287             0.0  
  0.0308785468721             0.0  
  0.0310020619542             0.0  
  0.0311260691522             0.0  
  0.0312505718008             0.0  
  0.0313755767274             0.0  
  0.0315010770906             0.0  
  0.0316270832193             0.0  
  0.0317535916642             0.0  
  0.0318806059038             0.0  
  0.0320081259079             0.0  
  0.0321361587989             0.0  
  0.0322647046199             0.0  
  0.0323937633655             0.0  
  0.0325233386688             0.0  
  0.0326534305126             0.0  
   0.032784046325             0.0  
  0.0329151823899             0.0  
  0.0330468424368             0.0  
  0.0331790302653             0.0  
  0.0333117458776             0.0  
  0.0334449931253             0.0  
  0.0335787720014             0.0  
  0.0337130864104             0.0  
  0.0338479403317             0.0  
  0.0339833297668             0.0  
   0.034119266773             0.0  
    0.03425574124             0.0  
  0.0343927653635             0.0  
  0.0345303371289             0.0  
  0.0346684564989             0.0  
  0.0348071318312             0.0  
  0.0349463589249             0.0  
  0.0350861462674             0.0  
  0.0352264895855             0.0  
  0.0353673953179             0.0  
  0.0355088656611             0.0  
  0.0356509006117             0.0  
   0.035793504579             0.0  
  0.0359366775568             0.0  
  0.0360804262925             0.0  
  0.0362247462568             0.0  
  0.0363696465556             0.0  
  0.0365151249103             0.0  
  0.0366611859421             0.0  
  0.0368078296413             0.0  
  0.0369550607037             0.0  
  0.0371028815203             0.0  
  0.0372512920825             0.0  
  0.0374002972022             0.0  
  0.0375498993313             0.0  
  0.0377000984646             0.0  
  0.0378508995351             0.0  
  0.0380023025414             0.0  
  0.0381543124999             0.0  
  0.0383069294135             0.0  
  0.0384601558058             0.0  
  0.0386139968225             0.0  
  0.0387684524758             0.0  
   0.038923528001             0.0  
  0.0390792207552             0.0  
  0.0392355386861             0.0  
  0.0393924818217             0.0  
  0.0395500501301             0.0  
  0.0397082517653             0.0  
  0.0398670839996             0.0  
  0.0400265523356             0.0  
   0.040186659577             0.0  
  0.0403474057178             0.0  
  0.0405087935511             0.0  
  0.0406708287828             0.0  
  0.0408335143331             0.0  
  0.0409968472931             0.0  
  0.0411608334584             0.0  
  0.0413254787495             0.0  
  0.0414907802101             0.0  
   0.041656743801             0.0  
  0.0418233695127             0.0  
  0.0419906634194             0.0  
  0.0421586255298             0.0  
   0.042327258912             0.0  
  0.0424965698167             0.0  
  0.0426665551097             0.0  
  0.0428372210879             0.0  
  0.0430085709616             0.0  
  0.0431806047274             0.0  
  0.0433533288696             0.0  
  0.0435267401058             0.0  
  0.0437008482999             0.0  
   0.043875650142             0.0  
  0.0440511522978             0.0  
  0.0442273581705             0.0  
  0.0444042677676             0.0  
  0.0445818844935             0.0  
  0.0447602117949             0.0  
  0.0449392531611             0.0  
  0.0451190085759             0.0  
  0.0452994851091             0.0  
  0.0454806827765             0.0  
  0.0456626087953             0.0  
  0.0458452558873             0.0  
  0.0460286386326             0.0  
  0.0462127533948             0.0  
  0.0463976038551             0.0  
   0.046583193743             0.0  
   0.046769526837             0.0  
   0.046956606966             0.0  
  0.0471444302599             0.0  
  0.0473330082767             0.0  
  0.0475223410627             0.0  
  0.0477124325616             0.0  
  0.0479032787694             0.0  
  0.0480948956441             0.0  
  0.0482872751942             0.0  
  0.0484804213891             0.0  
  0.0486743423835             0.0  
  0.0488690423574             0.0  
  0.0490645171557             0.0  
  0.0492607751063             0.0  
  0.0494578204664             0.0  
  0.0496556489567             0.0  
   0.049854273417             0.0  
  0.0500536895535             0.0  
  0.0502539060659             0.0  
  0.0504549185427             0.0  
  0.0506567402489             0.0  
  0.0508593667607             0.0  
  0.0510628025253             0.0  
  0.0512670566381             0.0  
  0.0514721245518             0.0  
  0.0516780108055             0.0  
  0.0518847246999             0.0  
   0.052092261563             0.0  
  0.0523006307993             0.0  
  0.0525098324223             0.0  
  0.0527198760571             0.0  
  0.0529307520196             0.0  
  0.0531424748511             0.0  
  0.0533550445924             0.0  
  0.0535684662058             0.0  
  0.0537827396889             0.0  
  0.0539978700401             0.0  
  0.0542138623369             0.0  
  0.0544307165721             0.0  
  0.0546484430685             0.0  
  0.0548670366526             0.0  
  0.0550865024807             0.0  
  0.0553068511252             0.0  
  0.0555280772875             0.0  
  0.0557501916691             0.0  
  0.0559731888451             0.0  
  0.0561970851542             0.0  
  0.0564218696252             0.0  
    0.05664755882             0.0  
  0.0568741471904             0.0  
   0.057101645976             0.0  
  0.0573300495008             0.0  
  0.0575593691465             0.0  
  0.0577896107521             0.0  
   0.058020768517             0.0  
   0.058252848197             0.0  
  0.0584858616093             0.0  
  0.0587198028284             0.0  
  0.0589546838262             0.0  
  0.0591905046543             0.0  
  0.0594272652747             0.0  
  0.0596649717642             0.0  
  0.0599036365615             0.0  
  0.0601432471883             0.0  
  0.0603838224564             0.0  
  0.0606253560613             0.0  
  0.0608678607795             0.0  
  0.0611113301733             0.0  
  0.0613557771937             0.0  
  0.0616012018839             0.0  
  0.0618476041939             0.0  
  0.0620949907005             0.0  
  0.0623433748748             0.0  
  0.0625927500343             0.0  
  0.0628431160694             0.0  
  0.0630944935939             0.0  
  0.0633468688088             0.0  
  0.0636002555816             0.0  
  0.0638546539134             0.0  
   0.064110078039             0.0  
  0.0643665136604             0.0  
  0.0646239823258             0.0  
  0.0648824768223             0.0  
  0.0651420117993             0.0  
  0.0654025799059             0.0  
  0.0656641884884             0.0  
  0.0659268450311             0.0  
  0.0661905495202             0.0  
  0.0664553095403             0.0  
  0.0667211328193             0.0  
  0.0669880194077             0.0  
  0.0672559692546             0.0  
   0.067524998104             0.0  
  0.0677950980645             0.0  
  0.0680662770408             0.0  
  0.0683385430896             0.0  
  0.0686118962156             0.0  
   0.068886340455             0.0  
   0.069161888209             0.0  
  0.0694385353599             0.0  
   0.069716290261             0.0  
  0.0699951528868             0.0  
  0.0702751360196             0.0  
   0.070556235388             0.0  
  0.0708384595976             0.0  
  0.0711218130144             0.0  
  0.0714063000362             0.0  
  0.0716919250936             0.0  
    0.07197869265             0.0  
  0.0722666072029             0.0  
  0.0725556732844             0.0  
  0.0728459000873             0.0  
  0.0731372830003             0.0  
  0.0734298312522             0.0  
  0.0737235495201             0.0  
  0.0740184425194             0.0  
  0.0743145198186             0.0  
  0.0746117766219             0.0  
  0.0749102225396             0.0  
  0.0752098624475             0.0  
  0.0755107012636             0.0  
  0.0758127489591             0.0  
  0.0761159955082             0.0  
  0.0764204609911             0.0  
  0.0767261454929             0.0  
  0.0770330489826             0.0  
  0.0773411817395             0.0  
  0.0776505437441             0.0  
  0.0779611454547             0.0  
  0.0782729922069             0.0  
  0.0785860840041             0.0  
  0.0789004261565             0.0  
  0.0792160294956             0.0  
   0.079532894053             0.0  
   0.079851025297             0.0  
  0.0801704287509             0.0  
  0.0804911099934             0.0  
  0.0808130746602             0.0  
  0.0811363284449             0.0  
  0.0814608713158             0.0  
  0.0817867147778             0.0  
  0.0821138647046             0.0  
  0.0824423211076             0.0  
  0.0827720898447             0.0  
   0.083103176837             0.0  
  0.0834355880695             0.0  
  0.0837693295932             0.0  
  0.0841044075257             0.0  
  0.0844408280531             0.0  
  0.0847785911656             0.0  
  0.0851177030393             0.0  
  0.0854581762863             0.0  
  0.0858000109601             0.0  
  0.0861432069836             0.0  
  0.0864877837083             0.0  
   0.086833734686             0.0  
   0.087181066378             0.0  
  0.0875297920005             0.0  
  0.0878799115976             0.0  
  0.0882314318658             0.0  
  0.0885843527423             0.0  
  0.0889386947135             0.0  
  0.0892944509877             0.0  
  0.0896516284288             0.0  
  0.0900102339858             0.0  
  0.0903702746949             0.0  
  0.0907317505044             0.0  
  0.0910946829245             0.0  
  0.0914590575601             0.0  
  0.0918248961623             0.0  
  0.0921921988168             0.0  
  0.0925609654697             0.0  
  0.0929312109813             0.0  
  0.0933029353717             0.0  
  0.0936761461684             0.0  
  0.0940508509988             0.0  
  0.0944270498198             0.0  
  0.0948047581127             0.0  
  0.0951839838158             0.0  
  0.0955647190532             0.0  
  0.0959469715991             0.0  
  0.0963307655121             0.0  
  0.0967160847083             0.0  
  0.0971029535334             0.0  
  0.0974913638291             0.0  
  0.0978813237277             0.0  
  0.0982728498947             0.0  
    0.09866594241             0.0  
   0.099060609758             0.0  
  0.0994568519222             0.0  
  0.0998546774253             0.0  
   0.100254094913             0.0  
   0.100655113158             0.0  
   0.101057732156             0.0  
   0.101461960725             0.0  
   0.101867807811             0.0  
   0.102275282494             0.0  
   0.102684384796             0.0  
   0.103095123848             0.0  
   0.103507499581             0.0  
   0.103921530592             0.0  
   0.104337216941             0.0  
   0.104754568095             0.0  
   0.105173584024             0.0  
   0.105594283976             0.0  
   0.106016658262             0.0  
   0.106440726351             0.0  
   0.106866488265             0.0  
   0.107293953898             0.0  
     0.1077231333             0.0  
   0.108154016287             0.0  
   0.108586633294             0.0  
   0.109020984491             0.0  
   0.109457069886             0.0  
   0.109894899843             0.0  
   0.110334474284             0.0  
   0.110775814355             0.0  
   0.111218920147             0.0  
   0.111663791584             0.0  
   0.112110450329             0.0  
   0.112558885443             0.0  
   0.113009129988             0.0  
   0.113461161814             0.0  
   0.113915003126             0.0  
   0.114370665274             0.0  
   0.114828148301             0.0  
   0.115287463664             0.0  
   0.115748611332             0.0  
   0.116211602869             0.0  
   0.116676450037             0.0  
   0.117143152835             0.0  
   0.117611735198             0.0  
   0.118082173035             0.0  
   0.118554502557             0.0  
   0.119028723913             0.0  
   0.119504837073             0.0  
   0.119982854371             0.0  
   0.120462788359             0.0  
   0.120944639055             0.0  
   0.121428419148             0.0  
   0.121914128591             0.0  
   0.122401793275             0.0  
   0.122891400238             0.0  
   0.123382962455             0.0  
   0.123876493133             0.0  
   0.124372005713             0.0  
   0.124869486696             0.0  
    0.12536896306             0.0  
   0.125870448651             0.0  
   0.126373929725             0.0  
   0.126879419965             0.0  
   0.127386933305             0.0  
   0.127896483936             0.0  
   0.128408071933             0.0  
   0.128921697178             0.0  
   0.129437388564             0.0  
   0.129955146271             0.0  
   0.130474955445             0.0  
   0.130996860392             0.0  
   0.131520846332             0.0  
   0.132046928203             0.0  
   0.132575121227             0.0  
   0.133105425465             0.0  
   0.133637840778             0.0  
   0.134172398206             0.0  
   0.134709082127             0.0  
   0.135247924046             0.0  
   0.135788908058             0.0  
   0.136332066143             0.0  
   0.136877390275             0.0  
   0.137424904887             0.0  
   0.137974601796             0.0  
   0.138526497437             0.0  
   0.139080608566             0.0  
   0.139636926768             0.0  
    0.14019547741             0.0  
   0.140756260558             0.0  
   0.141319284768             0.0  
   0.141884558656             0.0  
   0.142452099745             0.0  
   0.143021908073             0.0  
   0.143593992447             0.0  
   0.144168370799             0.0  
   0.144745043155             0.0  
   0.145324027728             0.0  
   0.145905324541             0.0  
   0.146488942746             0.0  
   0.147074900997             0.0  
   0.147663199313             0.0  
   0.148253847072             0.0  
   0.148846863384             0.0  
   0.149442258012             0.0  
    0.15004002118             0.0  
   0.150640182132             0.0  
   0.151242740914             0.0  
   0.151847717443             0.0  
   0.152455101654             0.0  
   0.153064923769             0.0  
   0.153677183874             0.0  
   0.154291892196             0.0  
   0.154909059057             0.0  
   0.155528694873             0.0  
    0.15615081016             0.0  
   0.156775415535             0.0  
   0.157402521715             0.0  
   0.158032128636             0.0  
   0.158664257937             0.0  
   0.159298909593             0.0  
   0.159936105631             0.0  
   0.160575857307             0.0  
   0.161218153334             0.0  
   0.161863027494             0.0  
    0.16251047988             0.0  
   0.163160521938             0.0  
   0.163813165237             0.0  
   0.164468421468             0.0  
   0.165126290561             0.0  
   0.165786796153             0.0  
   0.166449938238             0.0  
     0.1671157409             0.0  
   0.167784204206             0.0  
   0.168455340333             0.0  
   0.169129161595             0.0  
   0.169805680445             0.0  
   0.170484909475             0.0  
   0.171166848655             0.0  
   0.171851510563             0.0  
   0.172538920896             0.0  
   0.173229066678             0.0  
    0.17392198699             0.0  
   0.174617682033             0.0  
   0.175316151747             0.0  
   0.176017409306             0.0  
   0.176721481655             0.0  
   0.177428368893             0.0  
   0.178138084683             0.0  
   0.178850628912             0.0  
   0.179566043354             0.0  
   0.180284300021             0.0  
   0.181005441147             0.0  
   0.181729466868             0.0  
   0.182456377047             0.0  
   0.183186200516             0.0  
   0.183918952014             0.0  
    0.18465461675             0.0  
   0.185393239096             0.0  
   0.186134819272             0.0  
   0.186879357215             0.0  
    0.18762686792             0.0  
   0.188377382046             0.0  
   0.189130884183             0.0  
   0.189887405278             0.0  
   0.190646961147             0.0  
   0.191409551855             0.0  
   0.192175193269             0.0  
    0.19294388525             0.0  
   0.193715660074             0.0  
   0.194490534275             0.0  
    0.19526849138             0.0  
   0.196049564345             0.0  
   0.196833753116             0.0  
   0.197621091384             0.0  
   0.198411579304             0.0  
   0.199205234028             0.0  
    0.20000205552             0.0  
   0.200802061011             0.0  
   0.201605267985             0.0  
   0.202411694179             0.0  
   0.203221339593             0.0  
    0.20403422206             0.0  
   0.204850359677             0.0  
   0.205669752375             0.0  
   0.206492436937             0.0  
   0.207318413552             0.0  
    0.20814768209             0.0  
   0.208980261139             0.0  
   0.209816188758             0.0  
   0.210655445884             0.0  
   0.211498071008             0.0  
   0.212344064232             0.0  
   0.213193445145             0.0  
   0.214046213675             0.0  
   0.214902409677             0.0  
   0.215762013091             0.0  
    0.21662506424             0.0  
   0.217491563183             0.0  
   0.218361530429             0.0  
   0.219234965867             0.0  
   0.220111911284             0.0  
     0.2209923669             0.0  
   0.221876332607             0.0  
   0.222763829578             0.0  
    0.22365490114             0.0  
   0.224549503758             0.0  
   0.225447702921             0.0  
   0.226349498892             0.0  
   0.227254891597             0.0  
   0.228163925989             0.0  
   0.229076579506             0.0  
   0.229992874618             0.0  
   0.230912857412             0.0  
   0.231836504828             0.0  
   0.232763839934             0.0  
   0.233694909994             0.0  
    0.23462969145             0.0  
   0.235568207999             0.0  
   0.236510483745             0.0  
   0.237456518631             0.0  
   0.238406337007             0.0  
   0.239359963648             0.0  
   0.240317398589             0.0  
   0.241278666869             0.0  
   0.242243793968             0.0  
   0.243212780032             0.0  
   0.244185624836             0.0  
   0.245162353976             0.0  
    0.24614301991             0.0  
   0.247127569931             0.0  
   0.248116083417             0.0  
    0.24910856079             0.0  
   0.250105002093             0.0  
   0.251105406992             0.0  
   0.252109830165             0.0  
   0.253118271822             0.0  
   0.254130759937             0.0  
   0.255147266246             0.0  
   0.256167846992             0.0  
   0.257192531015             0.0  
   0.258221289561             0.0  
   0.259254180438             0.0  
   0.260291203866             0.0  
   0.261332359668             0.0  
   0.262377707278             0.0  
   0.263427216902             0.0  
    0.26448091836             0.0  
   0.265538842033             0.0  
   0.266600987898             0.0  
   0.267667386749             0.0  
   0.268738069965             0.0  
   0.269813006064             0.0  
   0.270892258088             0.0  
   0.271975826221             0.0  
   0.273063742733             0.0  
   0.274156007754             0.0  
   0.275252620997             0.0  
    0.27635363168             0.0  
   0.277459056633             0.0  
    0.27856887898             0.0  
    0.27968316611             0.0  
   0.280801901239             0.0  
   0.281925101253             0.0  
   0.283052800615             0.0  
   0.284185016866             0.0  
   0.285321749936             0.0  
   0.286463035083             0.0  
    0.28760889024             0.0  
   0.288759333475             0.0  
   0.289914364678             0.0  
   0.291074020225             0.0  
   0.292238318604             0.0  
   0.293407278456             0.0  
   0.294580899659             0.0  
   0.295759219764             0.0  
   0.296942257868             0.0  
   0.298130033227             0.0  
   0.299322545737             0.0  
   0.300519834195             0.0  
   0.301721918353             0.0  
   0.302928798139             0.0  
   0.304140513331             0.0  
   0.305357084209             0.0  
    0.30657851075             0.0  
    0.30780483376             0.0  
   0.309036053261             0.0  
   0.310272189784             0.0  
   0.311513285199             0.0  
   0.312759339614             0.0  
   0.314010374147             0.0  
   0.315266410121             0.0  
   0.316527469063             0.0  
   0.317793594723             0.0  
   0.319064765213             0.0  
   0.320341024541             0.0  
   0.321622395105             0.0  
    0.32290887681             0.0  
   0.324200514872             0.0  
   0.325497309296             0.0  
   0.326799306137             0.0  
   0.328106505512             0.0  
   0.329418930686             0.0  
   0.330736605174             0.0  
   0.332059552743             0.0  
   0.333387773198             0.0  
   0.334721339076             0.0  
   0.336060226296             0.0  
   0.337404459096             0.0  
   0.338754086995             0.0  
   0.340109084964             0.0  
   0.341469528289             0.0  
   0.342835417322             0.0  
   0.344206751893             0.0  
    0.34558358336             0.0  
   0.346965911735             0.0  
   0.348353789395             0.0  
   0.349747189896             0.0  
   0.351146192895             0.0  
   0.352550771731             0.0  
   0.353960980257             0.0  
   0.355376818476             0.0  
   0.356798313591             0.0  
   0.358225521107             0.0  
   0.359658413196             0.0  
    0.36109704583             0.0  
   0.362541447593             0.0  
   0.363991589687             0.0  
   0.365447558249             0.0  
   0.366909353625             0.0  
   0.368377005178             0.0  
   0.369850512842             0.0  
   0.371329906034             0.0  
   0.372815214556             0.0  
   0.374306499135             0.0  
   0.375803698768             0.0  
   0.377306936059             0.0  
    0.37881614935             0.0  
   0.380331432033             0.0  
   0.381852752824             0.0  
   0.383380142906             0.0  
    0.38491366618             0.0  
   0.386453322919             0.0  
   0.387999145622             0.0  
   0.389551134167             0.0  
   0.391109354508             0.0  
   0.392673773317             0.0  
   0.394244491082             0.0  
   0.395821440208             0.0  
   0.397404756821             0.0  
   0.398994372669             0.0  
   0.400590356569             0.0  
   0.402192708445             0.0  
    0.40380146314             0.0  
   0.405416691825             0.0  
   0.407038359024             0.0  
    0.40866650028             0.0  
   0.410301151665             0.0  
   0.411942349788             0.0  
   0.413590131812             0.0  
   0.415244497878             0.0  
   0.416905485377             0.0  
   0.418573094084             0.0  
   0.420247400108             0.0  
   0.421928364977             0.0  
   0.423616104768             0.0  
   0.425310541546             0.0  
   0.427011792894             0.0  
   0.428719859375             0.0  
   0.430434740904             0.0  
   0.432156477435             0.0  
   0.433885109556             0.0  
   0.435620637143             0.0  
    0.43736310109             0.0  
   0.439112584969             0.0  
   0.440869004932             0.0  
   0.442632487246             0.0  
   0.444403032456             0.0  
   0.446180640438             0.0  
   0.447965354113             0.0  
   0.449757217111             0.0  
   0.451556229337             0.0  
   0.453362479596             0.0  
   0.455175923398             0.0  
   0.456996605151             0.0  
   0.458824615881             0.0  
   0.460659910107             0.0  
   0.462502533404             0.0  
   0.464352579108             0.0  
    0.46620995338             0.0  
   0.468074797379             0.0  
   0.469947111716             0.0  
   0.471826896298             0.0  
   0.473714199207             0.0  
   0.475609069359             0.0  
   0.477511506824             0.0  
   0.479421561033             0.0  
   0.481339231788             0.0  
   0.483264569046             0.0  
   0.485197623643             0.0  
    0.48713844731             0.0  
    0.48908698843             0.0  
    0.49104335062             0.0  
   0.493007534152             0.0  
   0.494979538549             0.0  
   0.496959470212             0.0  
   0.498947275454             0.0  
    0.50094306216             0.0  
   0.502946885801             0.0  
   0.504958636151             0.0  
   0.506978478729             0.0  
    0.50900641424             0.0  
   0.511042442618             0.0  
   0.513086620388             0.0  
   0.515138947285             0.0  
   0.517199480546             0.0  
   0.519268278468             0.0  
   0.521345341199             0.0  
   0.523430727797             0.0  
   0.525524498426             0.0  
   0.527626593036             0.0  
   0.529737071145             0.0  
   0.531855993396             0.0  
   0.533983421578             0.0  
   0.536119356013             0.0  
   0.538263859347             0.0  
   0.540416931774             0.0  
   0.542578572662             0.0  
   0.544748909884             0.0  
   0.546927879032             0.0  
   0.549115609922             0.0  
   0.551312070118             0.0  
   0.553517325448             0.0  
   0.555731375711             0.0  
   0.557954321622             0.0  
   0.560186129508             0.0  
    0.56242686716             0.0  
   0.564676568953             0.0  
   0.566935269508             0.0  
   0.569203038998             0.0  
   0.571479842222             0.0  
   0.573765749586             0.0  
   0.576060832897             0.0  
   0.578365056043             0.0  
   0.580678527832             0.0  
   0.583001248583             0.0  
   0.585333255065             0.0  
   0.587674584337             0.0  
   0.590025273757             0.0  
   0.592385360989             0.0  
    0.59475492255             0.0  
    0.59713391995             0.0  
   0.599522469205             0.0  
   0.601920570721             0.0  
   0.604328223989             0.0  
   0.606745547913             0.0  
   0.609172542992             0.0  
   0.611609208806             0.0  
   0.614055667248             0.0  
   0.616511877542             0.0  
   0.618977921892             0.0  
    0.62145384213             0.0  
   0.623939680483             0.0  
    0.62643543682             0.0  
   0.628941153152             0.0  
   0.631456915341             0.0  
   0.633982767257             0.0  
   0.636518664907             0.0  
   0.639064739921             0.0  
   0.641621037484             0.0  
   0.644187512807             0.0  
   0.646764255413             0.0  
   0.649351310787             0.0  
   0.651948724887             0.0  
   0.654556497467             0.0  
   0.657174721394             0.0  
   0.659803444093             0.0  
    0.66244266568             0.0  
   0.665092433462             0.0  
   0.667752795259             0.0  
   0.670423799416             0.0  
    0.67310549481             0.0  
   0.675797930866             0.0  
   0.678501107401             0.0  
   0.681215124321             0.0  
   0.683939981772             0.0  
   0.686675730236             0.0  
   0.689422420776             0.0  
   0.692180105052             0.0  
   0.694948835326             0.0  
   0.697728664482             0.0  
   0.700519539089             0.0  
   0.703321618534             0.0  
   0.706134903276             0.0  
   0.708959447472             0.0  
   0.711795305937             0.0  
   0.714642478514             0.0  
   0.717501076141             0.0  
   0.720371042598             0.0  
   0.723252546752             0.0  
   0.726145531988             0.0  
   0.729050112501             0.0  
   0.731966346677             0.0  
   0.734894175957             0.0  
   0.737833776058             0.0  
   0.740785088054             0.0  
   0.743748230808             0.0  
   0.746723265124             0.0  
   0.749710130124             0.0  
   0.752708947032             0.0  
   0.755719839845             0.0  
   0.758742684465             0.0  
   0.761777667799             0.0  
   0.764824790406             0.0  
   0.767884051683             0.0  
   0.770955579374             0.0  
   0.774039438886             0.0  
   0.777135564917             0.0  
    0.78024415422             0.0  
   0.783365074359             0.0  
   0.786498591855             0.0  
   0.789644572959             0.0  
   0.792803152342             0.0  
   0.795974329745             0.0  
   0.799158242868             0.0  
   0.802354892328             0.0  
   0.805564277528             0.0  
   0.808786539182             0.0  
    0.81202167761             0.0  
    0.81526976432             0.0  
   0.818530871882             0.0  
   0.821805000353             0.0  
   0.825092222719             0.0  
   0.828392613059             0.0  
   0.831706171199             0.0  
   0.835032971668             0.0  
   0.838373090129             0.0  
   0.841726603405             0.0  
   0.845093511678             0.0  
   0.848473892288             0.0  
   0.851867744698             0.0  
   0.855275226474             0.0  
   0.858696338263             0.0  
     0.8621311604             0.0  
   0.865579692848             0.0  
   0.869042016538             0.0  
   0.872518130734             0.0  
   0.876008200591             0.0  
   0.879512226677             0.0  
   0.883030293186             0.0  
   0.886562400028             0.0  
   0.890108632087             0.0  
   0.893669075629             0.0  
   0.897243818335             0.0  
   0.900832772471             0.0  
   0.904436113504             0.0  
   0.908053841492             0.0  
   0.911686045672             0.0  
    0.91533281677             0.0  
   0.918994155003             0.0  
   0.922670059186             0.0  
   0.926360807225             0.0  
   0.930066213277             0.0  
   0.933786464124             0.0  
   0.937521655387             0.0  
   0.941271691238             0.0  
    0.94503676327             0.0  
   0.948816969728             0.0  
   0.952612212787             0.0  
   0.956422689039             0.0  
    0.96024839901             0.0  
   0.964089341764             0.0  
   0.967945719061             0.0  
   0.971817531867             0.0  
   0.975704779678             0.0  
   0.979607565052             0.0  
   0.983525992373             0.0  
    0.98746016788             0.0  
    0.99140998551             0.0  
   0.995375550182             0.0  
   0.999357077529             0.0  
    1.00335456921             0.0  
     1.0073679148             0.0  
    1.01139744463             0.0  
    1.01544304873             0.0  
    1.01950483853             0.0  
    1.02358281331             0.0  
    1.02767708587             0.0  
    1.03178788711             0.0  
    1.03591498602             0.0  
    1.04005861403             0.0  
    1.04421888967             0.0  
     1.0483958139             0.0  
    1.05258938609             0.0  
    1.05679972569             0.0  
    1.06102695441             0.0  
    1.06527107257             0.0  
     1.0695320789             0.0  
    1.07381022173             0.0  
    1.07810550248             0.0  
    1.08241792093             0.0  
    1.08674760389             0.0  
    1.09109455089             0.0  
    1.09545895593             0.0  
    1.09984075394             0.0  
    1.10424014184             0.0  
    1.10865712028             0.0  
    1.11309168825             0.0  
    1.11754411518             0.0  
    1.12201426596             0.0  
    1.12650234506             0.0  
    1.13100835277             0.0  
    1.13553235792             0.0  
    1.14007450061             0.0  
    1.14463478098             0.0  
    1.14921334131             0.0  
    1.15381018168             0.0  
    1.15842544658             0.0  
    1.16305913603             0.0  
    1.16771132256             0.0  
    1.17238222901             0.0  
     1.1770717062             0.0  
    1.18178005487             0.0  
    1.18650712344             0.0  
    1.19125314023             0.0  
    1.19601818322             0.0  
    1.20080225251             0.0  
    1.20560542555             0.0  
     1.2104278603             0.0  
    1.21526955699             0.0  
    1.22013067626             0.0  
    1.22501121851             0.0  
    1.22991126469             0.0  
    1.23483089651             0.0  
    1.23977019641             0.0  
    1.24472933202             0.0  
    1.24970821917             0.0  
    1.25470702642             0.0  
    1.25972583937             0.0  
    1.26476474446             0.0  
    1.26982382899             0.0  
    1.27490309256             0.0  
    1.28000271133             0.0  
    1.28512277523             0.0  
     1.2902632844             0.0  
    1.29542432843             0.0  
    1.30060599784             0.0  
    1.30580838408             0.0  
     1.3110316732             0.0  
    1.31627577206             0.0  
    1.32154086795             0.0  
    1.32682705626             0.0  
    1.33213433675             0.0  
    1.33746290205             0.0  
    1.34281275249             0.0  
    1.34818398535             0.0  
    1.35357669902             0.0  
    1.35899099299             0.0  
    1.36442696787             0.0  
    1.36988472544             0.0  
    1.37536426557             0.0  
    1.38086568994             0.0  
     1.3863892061             0.0  
    1.39193470951             0.0  
    1.39750240935             0.0  
    1.40309251941             0.0  
    1.40870482573             0.0  
    1.41433965025             0.0  
    1.41999699353             0.0  
    1.42567696474             0.0  
    1.43137967438             0.0  
    1.43710523432             0.0  
    1.44285364441             0.0  
    1.44862501663             0.0  
     1.4544195796             0.0  
    1.46023721857             0.0  
    1.46607816418             0.0  
    1.47194253421             0.0  
      1.477830329             0.0  
    1.48374154662             0.0  
    1.48967654556             0.0  
    1.49563532798             0.0  
    1.50161777091             0.0  
    1.50762424051             0.0  
    1.51365473797             0.0  
    1.51970938801             0.0  
    1.52578819019             0.0  
    1.53189139745             0.0  
    1.53801901079             0.0  
    1.54417102887             0.0  
    1.55034770985             0.0  
    1.55654905389             0.0  
    1.56277532485             0.0  
    1.56902639034             0.0  
    1.57530251691             0.0  
    1.58160370472             0.0  
    1.58793008889             0.0  
    1.59428180649             0.0  
    1.60065899655             0.0  
    1.60706165945             0.0  
    1.61348993491             0.0  
    1.61994382173             0.0  
    1.62642360449             0.0  
    1.63292928386             0.0  
    1.63946100449             0.0  
     1.6460189132             0.0  
     1.6526028614             0.0  
    1.65921329316             0.0  
    1.66585021079             0.0  
    1.67251361406             0.0  
    1.67920365382             0.0  
    1.68592048325             0.0  
    1.69266410175             0.0  
    1.69943482084             0.0  
    1.70623248366             0.0  
    1.71305740532             0.0  
     1.7199097473             0.0  
    1.72678934875             0.0  
    1.73369653225             0.0  
    1.74063129799             0.0  
    1.74759380992             0.0  
    1.75458423461             0.0  
    1.76160257222             0.0  
    1.76864899066             0.0  
    1.77572348875             0.0  
    1.78282640892             0.0  
     1.7899577528   13.2954173016  
    1.79711751932   13.3491150656  
    1.80430605936             0.0  
    1.81152319598             0.0  
    1.81876928446             0.0  
    1.82604450707             0.0  
    1.83334868291             0.0  
     1.8406819916             0.0  
    1.84804480185             0.0  
    1.85543692875             0.0  
     1.8628585567             0.0  
    1.87031006382             0.0  
    1.87779126121             0.0  
    1.88530253195             0.0  
    1.89284368298             0.0  
    1.90041510239             0.0  
    1.90801679125             0.0  
    1.91564874769             0.0  
    1.92331136998             0.0  
    1.93100465998             0.0  
    1.93872861661             0.0  
    1.94648364868             0.0  
    1.95426955095             0.0  
    1.96208652804             0.0  
    1.96993499966             0.0  
    1.97781475664             0.0  
    1.98572600968             0.0  
    1.99366875669             0.0  
    2.00164342911             0.0  
    2.00965002913    59.736028518  
     2.0176887777             0.0  
    2.02575945264             0.0  
    2.03386249764   14.3244914733  
    2.04199791323             0.0  
    2.05016592587   15.2257226531  
    2.05836653531   15.2503711037  
    2.06659997086             0.0  
    2.07486646606             0.0  
    2.08316602235   31.7249615766  
    2.09149863802             0.0  
    2.09986454834             0.0  
    2.10826399303             0.0  
    2.11669697217             0.0  
    2.12516397475   31.2501058242  
    2.13366451009             0.0  
    2.14219906852             0.0  
    2.15076790095             0.0  
    2.15937100899   32.9985182568  
    2.16800864708             0.0  
    2.17668055826   32.0300071613  
    2.18538725457             0.0  
    2.19412886786             0.0  
     2.2029053986             0.0  
    2.21171697719             0.0  
    2.22056386918   16.3941879061  
    2.22944607449   17.7186395165  
     2.2383638626             0.0  
    2.24731737067             0.0  
    2.25630659816   30.9694940342  
    2.26533182065             0.0  
    2.27439317825             0.0  
    2.28349081208   17.0575861243  
    2.29262472114   17.7364858895  
    2.30179518955    35.867215518  
    2.31100236161    33.400840533  
    2.32024638274   17.4092231804  
    2.32952739949             0.0  
    2.33884555955   36.0520718554  
     2.3482008616             0.0  
    2.35759375493    55.077718175  
     2.3670240892   36.0938451125  
    2.37649216717    33.280667647  
    2.38599814264   35.6397031625  
    2.39554217071   18.5020430388  
    2.40512425024   18.7733344076  
    2.41474485293             0.0  
     2.4244038215   18.5112826044  
    2.43410131268   54.3483279322  
    2.44383780997   56.0465484011  
    2.45361315272   36.6699060077  
    2.46342750192   35.7339198464  
    2.47328135334   56.6667778302  
    2.48317437503             0.0  
    2.49310706713   60.4820294086  
     2.5030796008   40.1677070745  
    2.51309180473   38.6629664678  
    2.52314419199   56.7831290402  
    2.53323676388   72.5862237693  
    2.54336969409   75.5388026992  
      2.553543158   76.1811796637  
    2.56375733277   60.6392338888  
    2.57401239734   76.4722222147  
    2.58430853246   99.8140805495  
    2.59464573736   59.0240294363  
    2.60502437702   77.7537375332  
    2.61544445152   40.6250669518  
    2.62590614476   98.1677610145  
    2.63640983195   81.7410276534  
    2.64695551462   20.7213593866  
    2.65754319028   81.9665145654  
    2.66817343412             0.0  
    2.67884605387    20.813252289  
    2.68956143808    41.152646129  
    2.70031978513    81.612280105  
    2.71112109538   57.9375849437  
     2.7219655669   125.905815225  
    2.73285339999   79.4393557645  
    2.74378479725   125.245901058  
    2.75475996361   84.0227201434  
    2.76577889803   142.698945021  
     2.7768420153   61.8292362439  
    2.78794952761    60.824790807  
    2.79910122283   42.4139758124  
    2.81029773829   122.699934801  
    2.82153886012   68.2488170003  
    2.83282501905   63.3219188869  
    2.84415621465   173.019012385  
    2.85553288641   107.892247448  
     2.8669550358   212.354024897  
    2.87842288562   65.0457112416  
    2.88993666146    109.77482793  
    2.90149636242   154.065680824  
    2.91310221432   147.927151562  
    2.92475467888   84.7948671025  
    2.93645375843   116.253508144  
    2.94819945083   180.487573297  
    2.95999246544   224.229499012  
    2.97183232698   206.333374251  
    2.98371975291   316.014418434  
    2.99565450142   135.475826395  
    3.00763705757   249.391558439  
    3.01966766914   140.511639247  
    3.03174633682   231.870169347  
     3.0438733091   143.488273082  
    3.05604883781    185.70656414  
    3.06827292179   255.594030915  
    3.08054607218   211.070003527  
    3.09286829073   144.523641028  
    3.10523983715    254.72313514  
       3.11766071   218.666274858  
    3.13013143684   143.979374256  
     3.1426520194   215.610660013  
     3.1552224546   267.094199319  
    3.16784328125   173.280096377  
    3.18051477514    257.88402517  
    3.19323693827   311.806502047  
    3.20600976777   170.104251482  
    3.21883382034    265.91908158  
    3.23170909668   290.289621599  
    3.24463587936   297.418566027  
    3.25761445513    338.86654714  
    3.27064511496   197.020236862  
    3.28372756669    293.05684776  
    3.29686239202    342.31543706  
    3.31004988796   394.132029502  
    3.32329005515   270.547936693  
    3.33658319242   201.913416601  
    3.34992960313     286.9883277  
    3.36332928717   384.840077845  
    3.37678254987   229.524561363  
    3.39028970127   434.870197512  
    3.40385105624   183.589989181  
    3.41746629822   330.212867249  
    3.43113637807   396.452523755  
    3.44486065569   363.572721347  
    3.45864009442   400.959907326  
    3.47247469798   389.447300251  
    3.48636479597    290.36845668  
    3.50031005569   522.317807807  
    3.51431147419   516.795550757  
    3.52836871873   563.480057804  
    3.54248212415   484.765067758  
    3.55665203068     432.4405614  
    3.57087878411   463.505981192  
    3.58516203559   627.934208072  
    3.59950283138   528.733805685  
    3.61390082286   403.778322206  
    3.62835636186   389.002344711  
    3.64286980603   695.524995268  
    3.65744115459    498.40794186  
     3.6720711358   505.187492849  
    3.68675938494   718.046366057  
    3.70150626634   642.617884521  
    3.71631252674   771.334282025  
    3.73117779346   806.932775763  
    3.74610244067   677.307555355  
     3.7610868489   468.991651328  
    3.77613101678   516.578515477  
    3.79123572024   757.157156887  
    3.80640057035   825.524027589  
    3.82162635332   725.730349511  
     3.8369126718   825.384787358  
    3.85226032249   619.777824602  
    3.86766930695   467.561403071  
    3.88314003164   683.251412801  
    3.89867249609   739.850872431  
    3.91426752862   597.548841201  
    3.92992429535   861.059601111  
    3.94564404997   872.138243687  
    3.96142679819   609.432733994  
    3.97727253972   664.314664187  
    3.99318170256   813.179149512  
    4.00915428459   855.368367452  
    4.02519071885   648.140033865  
    4.04129144627   1101.70545711  
     4.0574569158   1173.32534629  
    4.07368668043   614.818694327  
    4.08998118387   1347.73050695  
    4.10634133737   835.529794721  
    4.12276668611   879.775511319  
    4.13925768777    881.93265522  
     4.1558148085   1229.75768423  
    4.17243804884    666.18563783  
    4.18912788102   911.327746567  
    4.20588430424   1153.67290851  
    4.22270779694   834.378774819  
    4.23959884661   1264.57939803  
    4.25655696277   1318.48709619  
    4.27358312521   1490.94347657  
    4.29067733583   1290.50051846  
    4.30784009553   1430.57899854  
    4.32507140516   1413.13281892  
    4.34237177264   1403.47006598  
    4.35974119784   840.060374994  
    4.37718045687   1475.73917141  
    4.39468902883   1029.87339729  
    4.41226796031   1342.30939368  
    4.42991698849   1114.88699045  
    4.44763664356   1347.65232957  
    4.46542719446    919.56070697  
    4.48328891197    1219.9585094  
    4.50122206872   1046.64046467  
    4.51922693926   1473.79169666  
    4.53730380009   1714.45022313  
    4.55545292971   1579.82961463  
    4.57367489354   1257.00566916  
     4.5919694066   1668.69812932  
    4.61033732575   2112.89569967  
    4.62877865296   1847.84648637  
     4.6472939715   1496.98026845  
    4.66588298672   1948.03610051  
    4.68454658297    1452.3254868  
     4.7032847621   1502.26306498  
     4.7220978225   1653.83081213  
    4.74098637113   1491.81310118  
    4.75995010145   1545.17197778  
    4.77898993408   1819.81260037  
    4.79810587133   1564.49069177  
    4.81729854038   1675.40004194  
    4.83656762537   1392.07438054  
     4.8559137564   1575.94377086  
    4.87533757653   1436.50514195  
    4.89483876301   1643.90802983  
    4.91441829106   1584.91269007  
    4.93407583344   2169.95587762  
     4.9538123818   1747.70223271  
    4.97362760448    1924.3406557  
    4.99352183074   2090.54405104  
    5.01349607765   2256.22833294  
    5.03355000696   1503.16095797  
    5.05368430539   1816.36663772  
    5.07389897276   1360.26209449  
    5.09419470807   1752.43970749  
    5.11457151245   1468.31517177  
     5.1350297384   1756.46285177  
    5.15556974197   2158.65891873  
    5.17619188281   2276.99018094  
    5.19689689217   2058.09048506  
    5.21768440439   2446.03996415  
    5.23855515541   1414.78624171  
    5.25950952014    2331.5429474  
    5.28054749769   1978.11626344  
    5.30166946194   1940.24602609  
    5.32287617669   2662.23963526  
     5.3441676442   1949.59226787  
    5.36554464285   2464.06344061  
    5.38700678205   2698.98565795  
    5.40855484569   2957.72230612  
    5.43018883146    1940.4945601  
     5.4519095384    2108.3421875  
    5.47371737491   2533.68892342  
    5.49561234274   2531.82293987  
    5.51759443527   2387.17973544  
    5.53966489128   2476.73618198  
    5.56182371703   2351.51597086  
    5.58407091037   2846.42333248  
    5.60640731682   2662.36420488  
    5.62883293749   3005.61849141  
    5.65134819992   3039.28204996  
    5.67395353681   2359.27673869  
    5.69664938618   2598.48696905  
    5.71943619141   2823.31492057  
    5.74231350316   2830.78958888  
     5.7652831125   2285.65511489  
    5.78834412131   2746.12755316  
    5.81149743365   2882.83965983  
    5.83474351021     2289.275987  
    5.85808235018   2348.63811837  
    5.88151488606   2899.94814223  
    5.90504064664   3126.41614921  
    5.92866105146   2161.93313569  
    5.95237562645   2870.90425742  
    5.97618533246   3053.19697133  
    6.00008968111   2897.59286579  
    6.02409013633   2062.20927842  
     6.0481867053    2561.4940208  
    6.07237938609   2443.47551245  
     6.0966686737    2892.5338698  
    6.12105558018   3487.23736347  
    6.14553959755   3138.73347268  
    6.17012174768   3242.49726235  
    6.19480255328   3303.40520822  
    6.21958149061   3794.09541631  
    6.24446013397    3095.8684316  
    6.26943795744   3287.35411332  
    6.29451548781   3233.82460505  
    6.31969380334   3405.85879755  
    6.34497236227   3041.15796579  
    6.37035225392   3240.83896568  
    6.39583347869    3130.5674677  
    6.42141715049   3102.84751148  
    6.44710271082   3452.99129277  
    6.47289128537   2726.04759079  
    6.49878287572   3411.91138854  
    6.52477805342   2133.02958096  
      6.550876814   3113.84615506  
    6.57708032125   4247.57782265  
    6.60338857865   3687.27744313  
    6.62980217829   2558.60761064  
     6.6563217212   3862.53215003  
    6.68294660092   3409.75613452  
    6.70967863407   3530.80774031  
    6.73651721316   2598.10345826  
    6.76346356996   3621.83984697  
    6.79051708144   3480.57712918  
    6.81767899338   4023.15283288  
    6.84494994327   3482.99159276  
    6.87232993526   3255.15127439  
    6.89981896307   3580.47316196  
    6.92741831705   4576.46801261  
    6.95512800081   3607.54508034  
    6.98294867158     4127.285753  
    7.01088032757   3816.92523126  
     7.0389236311   3782.22334583  
    7.06707925516   4130.14874169  
    7.09534788362   3336.21778222  
    7.12372952024   3386.97925296  
    7.15222415796   3971.62106468  
    7.18083318331   3971.86562647  
    7.20955660066     3886.872039  
    7.23839440342   3855.04695941  
    7.26734801256   3361.07674421  
     7.2964174335   4085.51398371  
    7.32560339154   3556.95136041  
     7.3549058873   4720.98986637  
    7.38432565288   3307.66657338  
    7.41386268406   3708.77818692  
    7.44351771988   5160.10400795  
    7.47329227265   3389.38182153  
    7.50318559143   3967.51433214  
    7.53319843542   4359.49481481  
    7.56333079768   4262.48096548  
    7.59358423039   3957.38281407  
    7.62395874079    3975.3776588  
    7.65445432458   4509.30639195  
    7.68507177011   4319.21925777  
    7.71581269039   3238.33505582  
    7.74667546895   3610.77835088  
    7.77766254505   4105.32517829  
    7.80877310258   4644.42818337  
    7.84000796151   3708.47763984  
    7.87136795637   3916.86331131  
    7.90285393657   3735.65363761  
    7.93446505168   3766.43905624  
    7.96620300486   4095.23660841  
    7.99806779953    4210.1500691  
    8.03006030517   4138.09232752  
     8.0621805217   3608.18958185  
    8.09442932911   4681.28625081  
    8.12680672387   4837.16024488  
    8.15931359673   4048.71167842  
    8.19195085476   4745.60212396  
    8.22471942171   3556.56324711  
    8.25761745204   4454.68726578  
    8.29064864545   4630.72213093  
    8.32381114603   3971.12904704  
    8.35710587897   4009.68836034  
    8.39053474565   4412.45224416  
    8.42409679606   3929.33690064  
    8.45779298527   4314.54146108  
    8.49162428634   3915.00430343  
    8.52559070065   4037.67546175  
    8.55969321454   4689.86559989  
    8.59393182709   3888.30536316  
    8.62830753824   4372.76744513  
    8.66282136702   4568.53449747  
    8.69747229125   4371.48628301  
    8.73226235834    5305.4574211  
    8.76719105115   4803.19433794  
    8.80225993308   4233.30905168  
    8.83746900884   5222.07446041  
    8.87281880584   4402.65158434  
    8.90830985498   5488.59574078  
    8.94394323548   4239.06622076  
    8.97971894935   4019.97477169  
      9.015638092   5265.82810736  
    9.05170066437   4112.39229058  
    9.08790721605   3702.54497104  
    9.12425886751    3923.9591571  
    9.16075618987   5535.53008384  
     9.1973991825   3878.08924666  
    9.23418841136   3781.46907971  
    9.27112561745   4059.69922514  
    9.30820963329   4038.88839088  
    9.34544280832   4911.05321508  
    9.38282455567   4087.47594082  
    9.42035546382   3720.16322398  
    9.45803734441   3878.29630377  
    9.49586959654   4269.41227825  
    9.53385282337   3786.15170022  
    9.57198825704   3931.45183043  
    9.61027589683   3896.84328393  
    9.64871699537   3987.92718849  
    9.68731219181   4141.10108416  
    9.72606148678   3581.06760444  
     9.7649655154    3766.4288567  
    9.80402557306   3861.36134929  
    9.84324166221   3022.42593454  
    9.88261443541   2802.47060609  
    9.92214522171   3765.17513626  
    9.96183335024   2686.86826921  
    10.0016808383   3097.70776274  
     10.041687693   2141.70097285  
    10.0818545982   2845.64501219  
    10.1221815468   2500.09294717  
    10.1626706261   2018.97296546  
    10.2033211391   2389.32973085  
    10.2441344948   30562.2663229  
