      wave_micron        flux_mjy  
  0.0156853443263             0.0  
  0.0157424663449             0.0  
  0.0158054356507             0.0  
  0.0158686569118             0.0  
  0.0159321318584             0.0  
  0.0159958604977             0.0  
  0.0160598445808             0.0  
  0.0161240841083             0.0  
  0.0161885808528             0.0  
  0.0162533348082             0.0  
  0.0163183477691             0.0  
  0.0163836215635             0.0  
  0.0164491561976             0.0  
  0.0165149516526             0.0  
  0.0165810116545             0.0  
  0.0166473362235             0.0  
  0.0167139253547             0.0  
  0.0167807809484             0.0  
  0.0168479049407             0.0  
  0.0169152953802             0.0  
  0.0169829561599             0.0  
  0.0170508892791             0.0  
  0.0171190927561             0.0  
  0.0171875685703             0.0  
  0.0172563187389             0.0  
  0.0173253453176             0.0  
  0.0173946452152             0.0  
  0.0174642246251             0.0  
  0.0175340814816             0.0  
  0.0176042178752             0.0  
  0.0176746348662             0.0  
  0.0177453324422             0.0  
  0.0178163138284             0.0  
  0.0178875790356             0.0  
  0.0179591302593             0.0  
   0.018030966394             0.0  
  0.0181030896418             0.0  
  0.0181755022485             0.0  
  0.0182482042211             0.0  
  0.0183211978404             0.0  
  0.0183944819524             0.0  
  0.0184680600153             0.0  
  0.0185419320346             0.0  
  0.0186161003639             0.0  
  0.0186905650087             0.0  
  0.0187653271533             0.0  
  0.0188403879917             0.0  
  0.0189157499541             0.0  
  0.0189914130476             0.0  
  0.0190673784962             0.0  
  0.0191436475346             0.0  
  0.0192202226747             0.0  
  0.0192971026499             0.0  
  0.0193742912707             0.0  
  0.0194517885495             0.0  
  0.0195295957766             0.0  
  0.0196077142543             0.0  
  0.0196861452965             0.0  
  0.0197648902299             0.0  
  0.0198439490432             0.0  
  0.0199233257773             0.0  
  0.0200030190859             0.0  
  0.0200830303139             0.0  
   0.020163362213             0.0  
   0.020244016188             0.0  
  0.0203249922415             0.0  
  0.0204062917725             0.0  
  0.0204879176333             0.0  
  0.0205698683849             0.0  
  0.0206521483595             0.0  
  0.0207347575754             0.0  
  0.0208176960197             0.0  
  0.0209009666426             0.0  
  0.0209845709483             0.0  
   0.021068508935             0.0  
  0.0211527836369             0.0  
  0.0212373935147             0.0  
  0.0213223431819             0.0  
  0.0214076326548             0.0  
  0.0214932635009             0.0  
  0.0215792373054             0.0  
  0.0216655540623             0.0  
  0.0217522153544             0.0  
  0.0218392244177             0.0  
  0.0219265812629             0.0  
  0.0220142875284             0.0  
   0.022102344872             0.0  
  0.0221907549711             0.0  
  0.0222795178215             0.0  
     0.0223686351             0.0  
  0.0224581102329             0.0  
  0.0225479432363             0.0  
  0.0226381340923             0.0  
    0.02272868629             0.0  
  0.0228196016112             0.0  
  0.0229108800607             0.0  
  0.0230025234219             0.0  
  0.0230945335011             0.0  
  0.0231869121271             0.0  
  0.0232796592944             0.0  
  0.0233727787076             0.0  
  0.0234662684912             0.0  
  0.0235601342854             0.0  
  0.0236543742035             0.0  
  0.0237489920624             0.0  
  0.0238439878675             0.0  
  0.0239393635529             0.0  
  0.0240351210781             0.0  
  0.0241312624294             0.0  
  0.0242277876074             0.0  
  0.0243246986042             0.0  
  0.0244219974394             0.0  
  0.0245196840988             0.0  
  0.0246177647639             0.0  
  0.0247162353057             0.0  
  0.0248150998684             0.0  
  0.0249143605646             0.0  
  0.0250140173915             0.0  
  0.0251140746327             0.0  
  0.0252145301323             0.0  
  0.0253153882178             0.0  
  0.0254166488883             0.0  
   0.025518316569             0.0  
  0.0256203890373             0.0  
  0.0257228707652             0.0  
  0.0258257617563             0.0  
  0.0259290665849             0.0  
  0.0260327829623             0.0  
  0.0261369131704             0.0  
  0.0262414618859             0.0  
  0.0263464267569             0.0  
  0.0264518125117             0.0  
  0.0265576191548             0.0  
  0.0266638490876             0.0  
  0.0267705047483             0.0  
  0.0268775886124             0.0  
   0.026985098201             0.0  
  0.0270930384635             0.0  
  0.0272014093945             0.0  
   0.027310216061             0.0  
  0.0274194559189             0.0  
  0.0275291340945             0.0  
  0.0276392505996             0.0  
  0.0277498080437             0.0  
  0.0278608064171             0.0  
  0.0279722510321             0.0  
  0.0280841392175             0.0  
  0.0281964763499             0.0  
  0.0283092624414             0.0  
  0.0284225002304             0.0  
  0.0285361897086             0.0  
  0.0286503336378             0.0  
  0.0287649348254             0.0  
  0.0288799961254             0.0  
  0.0289955146745             0.0  
  0.0291114961891             0.0  
  0.0292279435974             0.0  
  0.0293448539722             0.0  
  0.0294622331746             0.0  
  0.0295800842108             0.0  
  0.0296984040898             0.0  
  0.0298171957753             0.0  
  0.0299364653541             0.0  
   0.030056212869             0.0  
  0.0301764351955             0.0  
   0.030297141651             0.0  
  0.0304183322902             0.0  
   0.030540003925             0.0  
  0.0306621628877             0.0  
  0.0307848124195             0.0  
  0.0309079525434             0.0  
  0.0310315832356             0.0  
    0.03115571108             0.0  
  0.0312803327616             0.0  
  0.0314054549548             0.0  
  0.0315310776845             0.0  
  0.0316572009275             0.0  
  0.0317838280754             0.0  
  0.0319109660721             0.0  
  0.0320386079596             0.0  
  0.0321667642428             0.0  
  0.0322954314137             0.0  
  0.0324246130101             0.0  
  0.0325543090014             0.0  
  0.0326845266313             0.0  
  0.0328152659439             0.0  
  0.0329465269336             0.0  
  0.0330783132954             0.0  
   0.033210625012             0.0  
   0.033343469638             0.0  
  0.0334768433941             0.0  
  0.0336107500733             0.0  
  0.0337451935402             0.0  
   0.033880173797             0.0  
  0.0340156947608             0.0  
  0.0341517564247             0.0  
  0.0342883627599             0.0  
  0.0344255178135             0.0  
  0.0345632175188             0.0  
   0.034701474139             0.0  
  0.0348402773911             0.0  
  0.0349796396789             0.0  
  0.0351195589536             0.0  
   0.035260035177             0.0  
  0.0354010768498             0.0  
  0.0355426796991             0.0  
  0.0356848523573             0.0  
  0.0358275904781             0.0  
  0.0359709006102             0.0  
  0.0361147849876             0.0  
  0.0362592436068             0.0  
  0.0364042809523             0.0  
  0.0365498970178             0.0  
  0.0366960986659             0.0  
  0.0368428812899             0.0  
  0.0369902541514             0.0  
  0.0371382149325             0.0  
  0.0372867683334             0.0  
  0.0374359143444             0.0  
  0.0375856577413             0.0  
  0.0377360009557             0.0  
  0.0378869439793             0.0  
  0.0380384917058             0.0  
  0.0381906466288             0.0  
  0.0383434087434             0.0  
  0.0384967830666             0.0  
   0.038650769597             0.0  
  0.0388053734364             0.0  
   0.038960594588             0.0  
  0.0391164356184             0.0  
  0.0392729017611             0.0  
  0.0394299930284             0.0  
  0.0395877147451             0.0  
  0.0397460642231             0.0  
  0.0399050495458             0.0  
  0.0400646707415             0.0  
   0.040224927778             0.0  
  0.0403858289483             0.0  
  0.0405473714781             0.0  
  0.0407095609641             0.0  
  0.0408724002575             0.0  
  0.0410358893525             0.0  
  0.0412000310899             0.0  
  0.0413648312727             0.0  
  0.0415302928712             0.0  
  0.0416964129266             0.0  
  0.0418631973335             0.0  
  0.0420306521135             0.0  
  0.0421987742598             0.0  
   0.042367569835             0.0  
  0.0425370388292             0.0  
  0.0427071874205             0.0  
  0.0428780156177             0.0  
   0.043049526541             0.0  
  0.0432217265482             0.0  
  0.0433946124512             0.0  
  0.0435681906547             0.0  
  0.0437424644236             0.0  
  0.0439174337544             0.0  
   0.044093105242             0.0  
  0.0442694755483             0.0  
  0.0444465547052             0.0  
  0.0446243393465             0.0  
  0.0448028362515             0.0  
  0.0449820488816             0.0  
  0.0451619772443             0.0  
  0.0453426248022             0.0  
  0.0455239950608             0.0  
   0.045706091569             0.0  
  0.0458889143101             0.0  
  0.0460724704748             0.0  
   0.046256760079             0.0  
   0.046441790463             0.0  
  0.0466275542247             0.0  
  0.0468140661927             0.0  
  0.0470013226687             0.0  
  0.0471893273967             0.0  
  0.0473780841697             0.0  
  0.0475675968309             0.0  
  0.0477578692744             0.0  
  0.0479488975641             0.0  
   0.048140693455             0.0  
  0.0483332569947             0.0  
  0.0485265921937             0.0  
  0.0487206949799             0.0  
  0.0489155815836             0.0  
   0.049111243877             0.0  
   0.049307685897             0.0  
  0.0495049159376             0.0  
  0.0497029382501             0.0  
  0.0499017486086             0.0  
   0.050101355483             0.0  
  0.0503017632032             0.0  
  0.0505029674168             0.0  
  0.0507049811828             0.0  
   0.050907800134             0.0  
  0.0511114331187             0.0  
    0.05131587565             0.0  
  0.0515211412192             0.0  
  0.0517272253272             0.0  
  0.0519341324971             0.0  
  0.0521418719793             0.0  
  0.0523504391491             0.0  
  0.0525598386228             0.0  
  0.0527700798601             0.0  
  0.0529811581091             0.0  
  0.0531930829348             0.0  
   0.053405854351             0.0  
   0.053619482147             0.0  
  0.0538339564734             0.0  
  0.0540492921197             0.0  
  0.0542654891273             0.0  
  0.0544825525434             0.0  
  0.0547004823653             0.0  
  0.0549192836769             0.0  
  0.0551389616421             0.0  
  0.0553595162538             0.0  
  0.0555809580109             0.0  
  0.0558032816516             0.0  
  0.0560264924201             0.0  
  0.0562506010693             0.0  
  0.0564756022102             0.0  
  0.0567015067269             0.0  
  0.0569283091019             0.0  
  0.0571560259525             0.0  
  0.0573846461207             0.0  
  0.0576141864508             0.0  
  0.0578446412999             0.0  
  0.0580760220995             0.0  
  0.0583083230765             0.0  
  0.0585415558071             0.0  
  0.0587757262298             0.0  
  0.0590108284451             0.0  
  0.0592468683068             0.0  
   0.059483857834             0.0  
      0.059721791             0.0  
   0.059960679981             0.0  
  0.0602005248295             0.0  
  0.0604413255067             0.0  
  0.0606830881933             0.0  
  0.0609258255401             0.0  
  0.0611695248559             0.0  
  0.0614142052735             0.0  
  0.0616598603809             0.0  
  0.0619065031726             0.0  
  0.0621541271011             0.0  
  0.0624027453381             0.0  
  0.0626523579279             0.0  
  0.0629029648195             0.0  
  0.0631545727019             0.0  
  0.0634071952761             0.0  
  0.0636608257455             0.0  
  0.0639154639987             0.0  
  0.0641711310012             0.0  
  0.0644278127187             0.0  
  0.0646855232552             0.0  
  0.0649442626117             0.0  
  0.0652040452661             0.0  
  0.0654648566764             0.0  
  0.0657267187584             0.0  
  0.0659896241762             0.0  
  0.0662535878291             0.0  
  0.0665186022408             0.0  
  0.0667846748831             0.0  
  0.0670518133677             0.0  
  0.0673200176808             0.0  
  0.0675892955364             0.0  
  0.0678596547942             0.0  
  0.0681310955057             0.0  
  0.0684036176189             0.0  
  0.0686772371465             0.0  
  0.0689519460626             0.0  
  0.0692277524068             0.0  
  0.0695046643732             0.0  
  0.0697826819665             0.0  
  0.0700618092917             0.0  
  0.0703420589619             0.0  
   0.070623426789             0.0  
  0.0709059212687             0.0  
  0.0711895423753             0.0  
  0.0714743031091             0.0  
  0.0717601991258             0.0  
  0.0720472391778             0.0  
  0.0723354277057             0.0  
  0.0726247691824             0.0  
  0.0729152681139             0.0  
    0.07320692904             0.0  
  0.0734997565348             0.0  
  0.0737937552076             0.0  
  0.0740889344083             0.0  
  0.0743852894469             0.0  
  0.0746828297095             0.0  
  0.0749815599532             0.0  
  0.0752814849739             0.0  
  0.0755826145031             0.0  
  0.0758849436633             0.0  
  0.0761884822289             0.0  
  0.0764932351588             0.0  
  0.0767992074549             0.0  
  0.0771064092587             0.0  
  0.0774148303731             0.0  
  0.0777244912211             0.0  
  0.0780353918892             0.0  
  0.0783475323458             0.0  
  0.0786609230457             0.0  
  0.0789755639691             0.0  
  0.0792914657527             0.0  
   0.079608633823             0.0  
  0.0799270681838             0.0  
  0.0802467742357             0.0  
   0.080567762995             0.0  
  0.0808900344938             0.0  
   0.081213594294             0.0  
  0.0815384480128             0.0  
  0.0818646013243             0.0  
  0.0821920599602             0.0  
  0.0825208297115             0.0  
  0.0828509105458             0.0  
  0.0831823141643             0.0  
   0.083515046541             0.0  
  0.0838491076875             0.0  
  0.0841845035616             0.0  
  0.0845212401854             0.0  
  0.0848593236462             0.0  
   0.085198760098             0.0  
   0.085539555763             0.0  
  0.0858817169328             0.0  
  0.0862252435974             0.0  
  0.0865701420383             0.0  
  0.0869164250829             0.0  
  0.0872640927855             0.0  
  0.0876131450676             0.0  
  0.0879636016111             0.0  
  0.0883154558578             0.0  
   0.088668714379             0.0  
  0.0890233906167             0.0  
  0.0893794846157             0.0  
  0.0897370031866             0.0  
  0.0900959462655             0.0  
  0.0904563346886             0.0  
  0.0908181615483             0.0  
  0.0911814338254             0.0  
  0.0915461585877             0.0  
  0.0919123429913             0.0  
  0.0922799869838             0.0  
  0.0926491124422             0.0  
   0.093019704726             0.0  
  0.0933917859573             0.0  
  0.0937653562234             0.0  
  0.0941404154694             0.0  
  0.0945169788091             0.0  
  0.0948950462631             0.0  
  0.0952746254872             0.0  
  0.0956557242391             0.0  
  0.0960383424748             0.0  
    0.09642249594             0.0  
  0.0968081927081             0.0  
  0.0971954247693             0.0  
    0.09758420003             0.0  
  0.0979745429595             0.0  
  0.0983664371996             0.0  
  0.0987599075112             0.0  
  0.0991549455969             0.0  
  0.0995515597278             0.0  
  0.0999497668536             0.0  
   0.100349567056             0.0  
   0.100750968963             0.0  
    0.10115397256             0.0  
   0.101558586513             0.0  
   0.101964819616             0.0  
   0.102372680792             0.0  
   0.102782170036             0.0  
   0.103193296316             0.0  
   0.103606068731             0.0  
   0.104020496516             0.0  
   0.104436579694             0.0  
   0.104854327552             0.0  
   0.105273740019             0.0  
   0.105694836009             0.0  
   0.106117615583             0.0  
   0.106542088371             0.0  
   0.106968254342             0.0  
    0.10739613307             0.0  
   0.107825714704             0.0  
   0.108257019043             0.0  
   0.108690046111             0.0  
    0.10912480597             0.0  
   0.109561308842             0.0  
   0.109999544368             0.0  
   0.110439543503             0.0  
   0.110881306421             0.0  
   0.111324833128             0.0  
   0.111770134167             0.0  
   0.112217209458             0.0  
   0.112666080506             0.0  
   0.113116747406             0.0  
   0.113569210079             0.0  
    0.11402349056             0.0  
    0.11447957772             0.0  
   0.114937505188             0.0  
   0.115397250435             0.0  
   0.115858836044             0.0  
    0.11632227356             0.0  
   0.116787563027             0.0  
   0.117254716096             0.0  
   0.117723732736             0.0  
   0.118194624709             0.0  
   0.118667403978             0.0  
    0.11914207054             0.0  
   0.119618648741             0.0  
   0.120097114076             0.0  
   0.120577503377             0.0  
   0.121059816793             0.0  
   0.121544054295             0.0  
   0.122030228427             0.0  
   0.122518351955             0.0  
   0.123008424898             0.0  
    0.12350046016             0.0  
   0.123994457695             0.0  
   0.124490443835             0.0  
   0.124988405397             0.0  
   0.125488355577             0.0  
   0.125990307807             0.0  
   0.126494275758             0.0  
   0.127000245701             0.0  
   0.127508245074             0.0  
    0.12801828796             0.0  
   0.128530360378             0.0  
   0.129044476247             0.0  
   0.129560649739             0.0  
   0.130078895284             0.0  
   0.130599212962             0.0  
   0.131121602652             0.0  
   0.131646093737             0.0  
   0.132172686404             0.0  
   0.132701365544             0.0  
   0.133232176219             0.0  
   0.133765103397             0.0  
   0.134300162271             0.0  
   0.134837368321             0.0  
   0.135376721612             0.0  
   0.135918222001             0.0  
   0.136461901057             0.0  
   0.137007742892             0.0  
   0.137555779549             0.0  
   0.138105994852             0.0  
   0.138658421326             0.0  
   0.139213050809             0.0  
   0.139769908149             0.0  
   0.140328985025             0.0  
   0.140890298152             0.0  
   0.141453864571             0.0  
   0.142019675725             0.0  
   0.142587757413             0.0  
   0.143158109703             0.0  
   0.143730741295             0.0  
   0.144305660953             0.0  
     0.1448828865             0.0  
   0.145462417974             0.0  
   0.146044264332             0.0  
   0.146628443812             0.0  
    0.14721495644             0.0  
   0.147803820742             0.0  
   0.148395036739             0.0  
   0.148988613741             0.0  
   0.149584570717             0.0  
    0.15018290769             0.0  
   0.150783634197             0.0  
   0.151386769673             0.0  
   0.151992324049             0.0  
   0.152600287381             0.0  
   0.153210689412             0.0  
    0.15382353019             0.0  
   0.154438829972             0.0  
   0.155056578518             0.0  
    0.15567680657             0.0  
   0.156299514214             0.0  
    0.15692471185             0.0  
   0.157552409977             0.0  
    0.15818261919             0.0  
   0.158815350183             0.0  
   0.159450613755             0.0  
   0.160088420804             0.0  
   0.160728771267             0.0  
   0.161371687153             0.0  
   0.162017168434             0.0  
   0.162665237514             0.0  
   0.163315905841             0.0  
   0.163969161936             0.0  
   0.164625040157             0.0  
   0.165283540598             0.0  
   0.165944674901             0.0  
   0.166608454833             0.0  
   0.167274892283             0.0  
   0.167943987181             0.0  
   0.168615763567             0.0  
   0.169290221434             0.0  
    0.16996738528             0.0  
   0.170647255169             0.0  
   0.171329843488             0.0  
   0.172015162761             0.0  
   0.172703225652             0.0  
   0.173394044972             0.0  
   0.174087620686             0.0  
   0.174783965587             0.0  
   0.175483105814             0.0  
   0.176185028167             0.0  
   0.176889772394             0.0  
   0.177597338699             0.0  
   0.178307727023             0.0  
   0.179020950763             0.0  
   0.179737037323             0.0  
   0.180455986807             0.0  
   0.181177813108             0.0  
   0.181902516113             0.0  
   0.182630138307             0.0  
   0.183360651225             0.0  
   0.184094097823             0.0  
   0.184830478239             0.0  
   0.185569792332             0.0  
   0.186312069427             0.0  
   0.187057324515             0.0  
   0.187805542552             0.0  
   0.188556768668             0.0  
   0.189311003085             0.0  
   0.190068245741             0.0  
   0.190828511884             0.0  
   0.191591832701             0.0  
   0.192358192514             0.0  
     0.1931276228             0.0  
   0.193900139646             0.0  
   0.194675743117             0.0  
    0.19545444935             0.0  
   0.196236258206             0.0  
    0.19702120251             0.0  
   0.197809299078             0.0  
   0.198600531156             0.0  
   0.199394932263             0.0  
   0.200192502344             0.0  
   0.200993275664             0.0  
   0.201797252382             0.0  
   0.202604449942             0.0  
   0.203414868307             0.0  
   0.204228525003             0.0  
    0.20504543781             0.0  
   0.205865624771             0.0  
   0.206689085885             0.0  
   0.207515839287             0.0  
   0.208345903386             0.0  
   0.209179278109             0.0  
   0.210016000869             0.0  
   0.210856071857             0.0  
   0.211699490941             0.0  
   0.212546277026             0.0  
   0.213396468821             0.0  
   0.214250046937             0.0  
   0.215107050522             0.0  
    0.21596747968             0.0  
   0.216831354335             0.0  
   0.217698674411             0.0  
   0.218569480447             0.0  
   0.219443752038             0.0  
   0.220321530195             0.0  
   0.221202814979             0.0  
    0.22208762725             0.0  
   0.222975966893             0.0  
   0.223867876408             0.0  
   0.224763356022             0.0  
    0.22566240562             0.0  
   0.226565046741             0.0  
   0.227471323449             0.0  
   0.228381191466             0.0  
   0.229294717399             0.0  
   0.230211901517             0.0  
   0.231132743741             0.0  
   0.232057289795             0.0  
    0.23298551673             0.0  
   0.233917447399             0.0  
   0.234853128678             0.0  
   0.235792537111             0.0  
   0.236735696159             0.0  
   0.237682653894             0.0  
   0.238633386357             0.0  
   0.239587917649             0.0  
   0.240546272283             0.0  
   0.241508450202             0.0  
   0.242474476173             0.0  
   0.243444375393             0.0  
   0.244418147897             0.0  
   0.245395819152             0.0  
   0.246377415072             0.0  
   0.247362935807             0.0  
   0.248352381126             0.0  
   0.249345777063             0.0  
   0.250343176971             0.0  
   0.251344527244             0.0  
   0.252349908614             0.0  
    0.25335932151             0.0  
   0.254372765977             0.0  
   0.255390241673             0.0  
   0.256411804211             0.0  
   0.257437453804             0.0  
   0.258467218904             0.0  
   0.259501070763             0.0  
   0.260539066586             0.0  
   0.261581235703             0.0  
   0.262627548869             0.0  
   0.263678064881             0.0  
   0.264732783961             0.0  
    0.26579170593             0.0  
   0.266854891235             0.0  
   0.267922309574             0.0  
   0.268993991277             0.0  
   0.270069967242             0.0  
   0.271150237445             0.0  
   0.272234833207             0.0  
   0.273323786442             0.0  
   0.274417065131             0.0  
   0.275514733392             0.0  
   0.276616791411             0.0  
   0.277723272009             0.0  
   0.278834175318             0.0  
   0.279949501047             0.0  
   0.281069299253             0.0  
   0.282193587055             0.0  
   0.283322347287             0.0  
   0.284455648488             0.0  
   0.285593473589             0.0  
   0.286735839763             0.0  
    0.28788278206             0.0  
   0.289034318324             0.0  
    0.29019044848             0.0  
    0.29135120839             0.0  
   0.292516616291             0.0  
   0.293686690561             0.0  
   0.294861431089             0.0  
   0.296040874868             0.0  
   0.297225040705             0.0  
   0.298413947558             0.0  
   0.299607595302             0.0  
    0.30080602213             0.0  
   0.302009247464             0.0  
    0.30321729089             0.0  
     0.3044301523             0.0  
   0.305647871155             0.0  
   0.306870467543             0.0  
   0.308097941391             0.0  
   0.309330333157             0.0  
   0.310567663464             0.0  
   0.311809932292             0.0  
   0.313057181141             0.0  
   0.314309410034             0.0  
   0.315566639853             0.0  
   0.316828913182             0.0  
   0.318096230131             0.0  
   0.319368612178             0.0  
   0.320646081009             0.0  
   0.321928658521             0.0  
   0.323216389208             0.0  
   0.324509250809             0.0  
   0.325807288084             0.0  
   0.327110523813             0.0  
   0.328418957898             0.0  
   0.329732636328             0.0  
   0.331051559108             0.0  
   0.332375773078             0.0  
   0.333705278357             0.0  
   0.335040098608             0.0  
   0.336380257747             0.0  
   0.337725779946             0.0  
   0.339076665006             0.0  
   0.340432986705             0.0  
   0.341794720546             0.0  
   0.343161891185             0.0  
   0.344534548985             0.0  
   0.345912668488             0.0  
   0.347296326266             0.0  
   0.348685522677             0.0  
   0.350080257549             0.0  
   0.351480583114             0.0  
   0.352886499387             0.0  
   0.354298059636             0.0  
   0.355715236968             0.0  
   0.357138112398             0.0  
   0.358566658811             0.0  
   0.360000930978             0.0  
   0.361440928903             0.0  
   0.362886680252             0.0  
   0.364338241478             0.0  
   0.365795584278             0.0  
   0.367258765579             0.0  
   0.368727814453             0.0  
   0.370202701609             0.0  
   0.371683514657             0.0  
   0.373170253946             0.0  
   0.374662949342             0.0  
   0.376161600777             0.0  
   0.377666238169             0.0  
    0.37917689183             0.0  
   0.380693623523             0.0  
   0.382216371204             0.0  
   0.383745259568             0.0  
   0.385280225907             0.0  
   0.386821365205             0.0  
   0.388368645644             0.0  
   0.389922098941             0.0  
   0.391481790084             0.0  
   0.393047719354             0.0  
   0.394619919803             0.0  
   0.396198391308             0.0  
   0.397783200948             0.0  
   0.399374314825             0.0  
   0.400971835143             0.0  
   0.402575693153             0.0  
   0.404186027304             0.0  
    0.40580276818             0.0  
   0.407425985771             0.0  
   0.409055680001             0.0  
   0.410691886307             0.0  
   0.412334677075             0.0  
   0.413984016222             0.0  
   0.415639939898             0.0  
   0.417302484792             0.0  
   0.418971688138             0.0  
    0.42064758773             0.0  
   0.422330183714             0.0  
   0.424019514119             0.0  
   0.425715578715             0.0  
    0.42741845491             0.0  
   0.429128103577             0.0  
   0.430844642772             0.0  
   0.432567993229             0.0  
   0.434298274541             0.0  
   0.436035487278             0.0  
   0.437779631355             0.0  
   0.439530747406             0.0  
   0.441288876713             0.0  
   0.443054019149             0.0  
   0.444826216307             0.0  
   0.446605553183             0.0  
   0.448391944501             0.0  
   0.450185518681             0.0  
   0.451986276277             0.0  
   0.453794217163             0.0  
   0.455609384994             0.0  
   0.457431824142             0.0  
   0.459261534513             0.0  
   0.461098606424             0.0  
   0.462942994629             0.0  
   0.464794744293             0.0  
   0.466653947995             0.0  
   0.468520559477             0.0  
   0.470394625092             0.0  
    0.47227623977             0.0  
   0.474165308069             0.0  
   0.476061973558             0.0  
   0.477966236859             0.0  
   0.479878097875             0.0  
    0.48179760551             0.0  
   0.483724809516             0.0  
   0.485659709962             0.0  
   0.487602357123             0.0  
   0.489552750798             0.0  
   0.491510941797             0.0  
   0.493476981822             0.0  
   0.495450923487             0.0  
   0.497432714296             0.0  
   0.499422459632             0.0  
   0.501420159773   7.61696221711  
   0.503425814233             0.0  
    0.50543953123             0.0  
   0.507461256159             0.0  
   0.509491098746             0.0  
   0.511529115411             0.0  
   0.513575194045   7.57398569356  
   0.515629502992             0.0  
   0.517692042968             0.0  
   0.519762813907             0.0  
   0.521841873299             0.0  
   0.523929220874             0.0  
   0.526024914845   15.4508896444  
   0.528129014504             0.0  
   0.530241520001             0.0  
   0.532362491404             0.0  
   0.534491989902   7.96119887896  
    0.53662995442    8.3518529503  
   0.538776445492   32.2657734371  
   0.540931524796             0.0  
   0.543095255176             0.0  
   0.545267636958   25.5676426528  
   0.547448733858   7.93888296951  
   0.549638546073   8.21247269131  
    0.55183707296             0.0  
   0.554044444575   16.9791427069  
    0.55626059541             0.0  
   0.558485657495   25.2824149229  
   0.560719597844             0.0  
   0.562962483405             0.0  
   0.565214313975    18.144071014  
   0.567475191987   18.0193855031  
   0.569745083194   26.6586373199  
   0.572024056544   19.0586722788  
   0.574312146998   38.0654912622  
   0.576609389767   26.6076106303  
   0.578915856223   17.7755196806  
   0.581231510563   29.4571357209  
   0.583556424395   27.2376457466  
   0.585890670752   29.3493814099  
   0.588234212906   35.6817423894  
   0.590587161519   9.48786535015  
   0.592949516918   36.9364621918  
   0.595321316499             0.0  
   0.597702597952   28.9925668208  
   0.600093399275   49.3662246215  
   0.602493758773    30.289797715  
   0.604903754268   30.3869131072  
   0.607323346614   21.1321938066  
   0.609752653807   11.4461685417  
    0.61219167626   22.3961613065  
   0.614640413456   63.4971468555  
   0.617098986326   30.3450429414  
   0.619567395379   40.6710238841  
   0.622045640186   20.2614063521  
   0.624533844723   44.9117952624  
   0.627031967515   22.9340744462  
   0.629540092171   32.3560780443  
   0.632058261237   45.9055683725  
   0.634586517658   20.9441550943  
   0.637124861303   46.6603006267  
   0.639673334899   22.7860503949  
   0.642232025774   22.2477149469  
   0.644800978545   35.5056365842  
   0.647380148471   11.1953451861  
   0.649969669425   68.8521415679  
   0.652569587365   11.9866588315  
   0.655179856736   58.2222801375  
   0.657800568591   50.2369569005  
   0.660431769189   23.5741672246  
   0.663073505274   24.6986218679  
   0.665725776595   36.2944272496  
   0.668388677604             0.0  
   0.671062256533   11.7366742434  
   0.673746513503   12.8183294529  
   0.676441496628             0.0  
   0.679147254542   27.1302133491  
   0.681863836416   25.7519142513  
   0.684591291962   39.7771741992  
   0.687329671447    50.950844115  
   0.690078974684   75.6994305383  
   0.692839303287   28.7454990121  
   0.695610657402   13.3303994671  
   0.698393088372   63.7044010112  
   0.701186648134   37.2204922858  
   0.703991389227    15.123407842  
   0.706807364806   25.5349286583  
   0.709634628657   10.8548153338  
   0.712473126437    41.358355256  
   0.715323020253   14.0731141648  
   0.718184310573   30.0777016232  
   0.721057052476   14.2996923759  
   0.723941301714   16.5216960477  
   0.726837058126   41.4439759756  
   0.729744434544   51.6020720304  
    0.73266337379   16.2444864958  
   0.735594047609   15.8358297015  
   0.738536398423   30.7707357551  
   0.741490542374   27.2334065046  
   0.744456538845   14.6123150004  
   0.747434328278   14.0434279537  
   0.750424089387   57.7059608747  
   0.753425762242             0.0  
   0.756439467734   43.4623580144  
   0.759465267704    14.388837598  
   0.762503100235   28.2208510727  
   0.765553088621   65.7090284581  
   0.768615358973   38.9374200392  
   0.771689785078   39.3812408485  
   0.774776557029   37.4958653196  
   0.777875675396   78.0539587772  
   0.780987139566   65.4230950516  
   0.784111079464    71.566661599  
   0.787247561611   70.0156333255  
   0.790396519592   69.1064484194  
   0.793558153516   81.5516171194  
   0.796732328688   51.0084312482  
   0.799919316178   39.3133821663  
   0.803118979953   85.6415381959  
   0.806331456982   28.0475172597  
   0.809556747003   64.9783097515  
   0.812794990065   104.097073554  
   0.816046186795   152.800748303  
   0.819310336587   103.649039482  
   0.822587582554   102.515474958  
   0.825877925024   117.384920466  
   0.829181436724    26.166592567  
   0.832498191461   104.296186264  
   0.835828189296     67.56975552  
   0.839171504458   29.5123561032  
   0.842528212291   58.7015116905  
   0.845898312618   76.7357231517  
   0.849281881239   58.2487062477  
   0.852678995109   66.0233983618  
   0.856089732362   63.3110162401  
   0.859514093183    60.490336735  
   0.862952156231   14.4935239404  
    0.86640392096   89.7335406426  
   0.869869547625   33.3489817284  
   0.873349036885   99.0198761765  
   0.876842470444   113.154894912  
   0.880349848266    29.494365419  
    0.88387125266   80.9984307209  
   0.887406682882   32.7210269501  
   0.890956306903   136.142637448  
   0.894520125299   36.5075153018  
   0.898098223703   83.8735295603  
   0.901690602022   97.2096388468  
    0.90529734659   116.928475604  
   0.908918545144   153.959765549  
   0.912554286861   188.468233549  
    0.91620448251   89.4794555755  
   0.919869310553   69.2871825112  
   0.923548771048   84.7561900516  
   0.927242954756   53.0235844046  
   0.930951953949    52.682034231  
    0.93467576885   53.1482671599  
   0.938414398252   54.0228102007  
   0.942168124804   100.950946094  
   0.945936759492   20.2513608518  
   0.949720492285   70.9312966181  
   0.953519420436   76.9190832661  
   0.957333446481   159.752246122  
   0.961162765282   15.0984724591  
   0.965007476762   19.3876040625  
   0.968867481426   37.5465560224  
    0.97274297922   91.9609023476  
   0.976633970679   78.8808990936  
   0.980540454853   76.9640779093  
   0.984462636942   98.4158767966  
   0.988400517931    99.879337725  
   0.992354097304   38.9372084782  
   0.996323479373   110.096766802  
     1.0003087703   100.448397198  
    1.00431007814   19.6973235731  
    1.00832729502   34.6315323117  
    1.01236052764   38.4067356111  
    1.01640999533    41.447075748  
    1.02047569976   18.9241233262  
    1.02455752863   35.9598948893  
    1.02865581791   20.3822431157  
    1.03277045575   58.8223078807  
    1.03690155548   16.6115487985  
    1.04104911636   34.8505170132  
    1.04521325314   81.5596080333  
    1.04939420063             0.0  
    1.05359172389   41.3219665987  
    1.05780605831   62.6910672748  
    1.06203732443    77.692571649  
    1.06628552323   19.2731008897  
    1.07055065407    107.00333362  
    1.07483283844   39.8175656276  
    1.07913220012    62.975122249  
    1.08344873944   17.2343883651  
     1.0877824551             0.0  
    1.09213359969             0.0  
    1.09650217463   20.7405156877  
     1.1008881797   103.369486531  
     1.1052917439   39.5488459768  
    1.10971286672   65.4183572203  
    1.11415174547             0.0  
      1.118608314   16.5102600501  
    1.12308277256   20.1508290807  
    1.12757512183   38.5524945992  
    1.13208536077   19.6993804299  
    1.13661376343   44.4286986503  
    1.14116019235   22.7742668366  
    1.14572485554    62.508924767  
    1.15030775326   109.575825547  
    1.15490895553    86.530410164  
    1.15952860483    42.821974616  
    1.16416670132   65.8774890477  
     1.1688233897   62.7328277797  
    1.17349867003   131.103139331  
     1.1781926893   66.3903579663  
    1.18290544752   65.6228478755  
    1.18763701844   21.0521526799  
    1.19238762871   19.6256313374  
    1.19715712662   68.0686404983  
    1.20194581802   104.649669897  
    1.20675354877   113.374744979  
    1.21158055106   162.870674327  
    1.21642690421   67.2202705392  
    1.22129260833    143.41397601  
    1.22617774218   90.0947413982  
    1.23108246641   20.4831129204  
    1.23600678128   88.8811232505  
    1.24095085014   105.526547554  
    1.24591467342   108.337100575  
    1.25089833345   178.379593596  
    1.25590191332   45.8179439298  
    1.26092549688   156.693134222  
    1.26596925462   201.022447929  
    1.27103310096   191.053281356  
    1.27611720729   190.304594841  
    1.28122166071   156.146677168  
    1.28634654912   138.333298554  
     1.2914919613   169.075915074  
    1.29665789685   121.789484922  
    1.30184453495    214.89705758  
    1.30705196705   242.985022547  
    1.31228019329    119.97600957  
     1.3175293048   23.9548056587  
    1.32279939364   145.645532194  
    1.32809055282   201.157117125  
    1.33340297157   174.231365372  
    1.33873655515   151.070543626  
    1.34409149405   205.831737826  
    1.34946788529   175.036318794  
    1.35486572862   251.168169908  
    1.36028521997   132.367528158  
    1.36572635965   262.648554767  
    1.37118924663   182.546819617  
    1.37667398097    160.66182005  
    1.38218066385   83.1992147638  
     1.3877093976   325.747164284  
    1.39326028573   109.870670539  
    1.39883332813   112.261523469  
    1.40442862818   216.425063819  
    1.41004639701   194.924609847  
    1.41568652828   141.068440474  
    1.42134923472   114.730048249  
     1.4270347338   137.570678216  
    1.43274280789   136.822698867  
    1.43847378442   53.0969411532  
    1.44422766398   141.610602125  
    1.45000455759   145.549908085  
    1.45580457763   30.3408830972  
    1.46162783788   87.2656265068  
     1.4674743382   114.409336686  
    1.47334419247   89.2582354426  
    1.47923763322   83.8935703534  
    1.48515454374   28.2300204863  
    1.49109515859   119.864241816  
    1.49705959758   56.0306956231  
    1.50304786104   86.3187717936  
    1.50905994702   137.083737894  
    1.51509622013   28.5082075295  
    1.52115668254   27.9141555495  
    1.52724120921    24.510051555  
    1.53335017254   54.3755751619  
    1.53948357374   84.5516018299  
    1.54564153965   88.0665073584  
    1.55182406983   228.742074016  
    1.55803142154             0.0  
    1.56426359579    91.517734945  
    1.57052059122    60.265750938  
     1.5768026704   84.3820530474  
    1.58310983348   84.8645287272  
    1.58944234883   113.560413754  
    1.59580008182             0.0  
    1.60218330351   60.6830152721  
    1.60859201408   61.8663019686  
    1.61502635096   102.493665367  
    1.62148645356   116.623065705  
    1.62797246329   61.6314750413  
    1.63448438051   236.621282796  
    1.64102234735   175.964257388  
    1.64758636258   216.014732348  
    1.65417671562   178.570457345  
    1.66079340718   118.763991815  
    1.66743658437    138.86221955  
     1.6741063965   154.847183678  
    1.68080269246   279.164205633  
    1.68752592389   208.146848387  
    1.69427609314   170.256432957  
    1.70105319998   245.168482897  
    1.70785739784   88.9364104413  
    1.71468884249   186.150745282  
    1.72154753335   422.823280529  
    1.72843378724   112.565043667  
    1.73534744462   92.6303539489  
    1.74228882598   291.679533301  
    1.74925809556   514.224281615  
    1.75625508976   366.894521061  
    1.76328013667   494.549122514  
    1.77033323648   309.523355207  
    1.77741455594     295.2982473  
    1.78452426446    393.15164969  
     1.7916623622   554.275460406  
    1.79882901993   585.615966162  
    1.80602423647   603.778453312  
    1.81324836008   616.290896349  
    1.82050139242   688.114282573  
     1.8277833324   726.725889215  
    1.83509453688   637.483334997  
    1.84243482592   535.890362583  
    1.84980456084   834.682046074  
    1.85720392704   608.103216755  
    1.86463274053   795.536584325  
    1.87209118398   682.720415541  
     1.8795796324   596.172150546  
    1.88709789773   904.504916968  
    1.89464616751    812.48634161  
    1.90222482632   641.450213106  
    1.90983368203    876.73664213  
    1.91747312426   700.369145599  
    1.92514295664   625.580101683  
    1.93284357391    562.37025761  
    1.94057497714   945.216224649  
    1.94833716444   520.656079737  
    1.95613054087   607.353124814  
     1.9639551083    585.15778242  
    1.97181086567    614.33310205  
    1.97969822875    824.09326578  
    1.98761698878   651.015747936  
     1.9955673539    677.84433688  
    2.00354975096   231.996798096  
    2.01156396724   421.977163183  
    2.01961021701   700.636947818  
    2.02768849818   186.746505306  
    2.03579924952   741.442667769  
    2.04394247327   640.556040443  
    2.05211839415   349.590400274  
    2.06032678619   616.565700723  
    2.06856810064   684.885805383  
    2.07684233806   686.344229023  
    2.08514972876   729.374968451  
    2.09349027249   852.972154612  
    2.10186420246   1067.65537224  
    2.11027175621   850.816895355  
    2.11871293521   842.566200717  
     2.1271877377   1359.49400038  
    2.13569640299   1361.15079911  
    2.14423917486   1898.52536171  
    2.15281605342    2025.7454111  
    2.16142753599   2177.76658944  
    2.17007312352   2640.37295551  
     2.1787533147    2746.9840853  
    2.18746836472   2834.81477633  
    2.19621827524   3275.39835247  
    2.20500330503   2611.50680818  
    2.21382319273   3616.60278824  
    2.22267845914   3438.24996211  
    2.23156923834   3832.04288828  
    2.24049553083    4516.2037389  
    2.24945746922   4163.19270293  
    2.25845532359   4322.75260852  
    2.26748909386   4099.52079018  
     2.2765590541   4299.21018797  
    2.28566534384   4330.64073906  
     2.2948079625   4511.00520802  
    2.30398719039   3813.66536936  
    2.31320316998    4611.6618205  
    2.32245604483   3919.49903474  
    2.33174581389   4597.88455139  
    2.34107276615   4855.18041551  
    2.35043704837    4279.9472434  
    2.35983880845   3782.17015993  
    2.36927819543   5068.14434128  
    2.37875535953   4297.59124109  
    2.38827029941   4360.99978492  
    2.39782347203   5635.89600607  
    2.40741472448    5079.1193246  
    2.41704436467   5097.21479601  
    2.42671254905   4826.59932874  
    2.43641943535   4821.34379297  
    2.44616502242    5062.4416555  
       2.45594979   5490.38339404  
    2.46577357813   4666.50673531  
    2.47563654622   4467.07930667  
    2.48553918601   3756.97560818  
    2.49548133412   4509.46742758  
    2.50546315429   4182.39084294  
    2.51548515073   4411.88798897  
    2.52554698583   4455.17964612  
    2.53564916829   4105.62650662  
    2.54579187216   4805.86222207  
    2.55597492322    4665.2451474  
     2.5661988433   4425.19151787  
    2.57646363371   3699.76659789  
    2.58676947111   3732.16536707  
    2.59711653388   4038.24128304  
    2.60750500219   4959.74303991  
    2.61793505804   5063.25073827  
    2.62840688526   4957.07745062  
    2.63892048307   3561.39303401  
    2.64947622269   4291.24228868  
    2.66007410417   4840.19795957  
    2.67071431458   4639.25102655  
    2.68139723552   5073.04216095  
    2.69212286854   5176.73141164  
    2.70289121112   5652.27933799  
    2.71370284826   6027.82293273  
     2.7245575844   6438.47973228  
    2.73545581473   5541.62189181  
    2.74639774102   7026.54367886  
    2.75738336362    5619.6629917  
    2.76841288399   5925.11118068  
    2.77948650585   4815.51205557  
    2.79060443525    5768.0331332  
    2.80176688064   5658.61899072  
    2.81297384093   5089.57523603  
    2.82422573799   5534.27960867  
    2.83552278766   5395.54763151  
    2.84686477416   5611.81918081  
    2.85825234572   4643.05461456  
     2.8696852848   4760.80195341  
    2.88116402948   5660.69631395  
    2.89268857934   5484.18521446  
    2.90425938136   4519.17639241  
    2.91587643703   6306.58480335  
    2.92753997296   4844.42097397  
    2.93925021859   5946.36968846  
      2.951007173   4792.85045049  
    2.96281106587   4797.00100521  
    2.97466236678   5110.92775002  
    2.98656107812   4846.58264272  
     2.9985071977   4372.90611036  
      3.010501447    4974.1677935  
    3.02254334263   4012.84523317  
    3.03463361427   3968.07069081  
    3.04677201599   3777.95156694  
    3.05895904115   2824.03194282  
    3.07119494173   3318.86492864  
    3.08347971845   4082.08349903  
    3.09581362403   3061.89946034  
    3.10819691461   2917.81404653  
    3.12062958899   2739.41435207  
    3.13311216706   2339.81111435  
    3.14564465057   3056.08517675  
    3.15822730368   2327.74487924  
    3.17086012492   2327.37896791  
    3.18354365085   2440.39638675  
    3.19627788324   2513.38962504  
    3.20906281894   1911.39446904  
    3.22189900597    1344.6328987  
    3.23478672482   1672.63891001  
    3.24772597752   1819.43409565  
    3.26071676117   2019.30444998  
    3.27375964194   1677.15534827  
    3.28685462056   1987.87606175  
    3.30000198442   1505.43766274  
    3.31320202516   1515.78431438  
    3.32645503871   1295.08400332  
    3.33976072794   1573.32193859  
    3.35311968447   1114.77222798  
    3.36653221038   1432.77393304  
     3.3799983063    815.01949389  
    3.39351827618   1086.77430108  
    3.40709242856   1426.07891384  
    3.42072076331   591.516328676  
    3.43440359099   981.485367913  
    3.44814122692   739.783157443  
    3.46193399134    604.62424875  
    3.47578156229   481.934789397  
    3.48968490685   620.955327288  
    3.50364337402   613.673494288  
    3.51765794355    415.36370504  
    3.53172861925   480.126078617  
    3.54585573632   712.636802021  
     3.5600389564    561.48607968  
    3.57427929354   217.414387379  
    3.58857640934   498.491687854  
    3.60293064433   209.247691502  
    3.61734234457   333.412782033  
    3.63181186174   473.164307484  
    3.64633884103   377.805811977  
    3.66092434656   345.300999414  
    3.67556802377   149.579014609  
    3.69027023047   236.657095688  
    3.70503133043   314.150211539  
    3.71985132286   76.7151070908  
    3.73473094844   224.958517419  
    3.74966983622   190.049224348  
    3.76466835677   396.284288035  
    3.77972726954   356.453460132  
    3.79484619552   330.107707896  
    3.81002551525     218.0210258  
    3.82526561575   64.9970784562  
    3.84056649563   755.744059239  
    3.85592894407   274.038235165  
    3.87135256549   480.117890673  
    3.88683815953   205.742547374  
    3.90238532204    217.50241434  
    3.91799486333    145.11802983  
    3.93366678499   572.858044464  
     3.9494015004   359.707236696  
    3.96519900909   511.570718231  
    3.98106015352   361.455078284  
    3.99698408556   735.969332621  
    4.01297208033   364.116052687  
    4.02902414361   456.364214689  
    4.04514027511    517.26235083  
    4.06132091013   617.403883577  
    4.07756604651   687.015618824  
     4.0938761247   306.074091208  
    4.11025159314   536.346836744  
    4.12669290844   707.386302674  
    4.14319961597   229.127011541  
      4.159772167   583.213031221  
    4.17641148833   407.160323505  
     4.1931171174   151.306253536  
    4.20988951967   636.403995507  
    4.22672916926   334.348844213  
    4.24363606672   334.341715202  
    4.26061069234   502.524131044  
    4.27765304529   348.191506916  
     4.2947636122   336.708932759  
    4.31194288887   268.923851438  
    4.32919037643   343.667579033  
    4.34650707141   505.902370312  
    4.36389297573   270.771660983  
    4.38134859885   396.838813469  
    4.39887394162   88.6733505114  
    4.41646952064   451.992811647  
    4.43413533578   466.294453503  
    4.45187217638   346.491304373  
    4.46967951266   182.913946405  
    4.48755840908   87.7104752277  
    4.50550859831   77.7188275282  
     4.5235306196   281.041017362  
    4.54162474648   255.998153276  
    4.55979125434   96.2544332152  
    4.57803042047   169.755475163  
    4.59634252412   86.1740903693  
     4.6147278465   92.1020726599  
    4.63318667084   158.120505043  
    4.65171957222   184.471386255  
    4.67032626082   93.7084167882  
    4.68900760809             0.0  
    4.70776361606   85.9533807441  
    4.72659487793   70.1234983431  
    4.74550109403   91.3186915931  
    4.76448316381             0.0  
    4.78354108914   111.616826447  
     4.8026751735             0.0  
    4.82188603423             0.0  
    4.84117335953   68.6255202024  
    4.86053808574   135.920542431  
    4.87998021521             0.0  
    4.89950038583             0.0  
    4.91909827634             0.0  
    4.93877452759             0.0  
    4.95852979362   91.1376042529  
    4.97836374618             0.0  
    4.99827737711             0.0  
     5.0182703536             0.0  
    5.03834368422             0.0  
    5.05849703165             0.0  
    5.07873073078             0.0  
    5.09904581601             0.0  
    5.11944194334             0.0  
    5.13991981119   207.998367614  
    5.16047941939             0.0  
    5.18112147886             0.0  
    5.20184599077             0.0  
    5.22265331361             0.0  
     5.2435438095   73.3010570054  
    5.26451784426   75.3881219323  
    5.28557616158   179.275041254  
     5.3067183896   167.909982839  
    5.32794527679             0.0  
    5.34925720446             0.0  
    5.37065417172   244.589366875  
    5.39213655882             0.0  
    5.41370514258   111.012460147  
    5.43535992532   269.666754578  
    5.45710169869             0.0  
    5.47893006545             0.0  
    5.50084582284   365.252335582  
    5.52284896853             0.0  
    5.54494031519    82.426138732  
    5.56712027819             0.0  
    5.58938885932             0.0  
    5.61174605182   360.344686763  
    5.63419311564   96.2942039275  
    5.65673005712   191.309614238  
    5.67935687409   384.403777523  
    5.70207442649   302.028256385  
    5.72488271545   86.7399546731  
     5.7477821758   482.036517728  
    5.77077324765   365.889272313  
    5.79385637646   901.259273402  
     5.8170320132   783.969455046  
    5.84029970084   482.916501053  
    5.86366126104   1167.42423875  
    5.88711578034   1593.54864607  
    5.91066417822   1559.21029841  
    5.93430692324   2013.33394841  
    5.95804401457   700.040972509  
    5.98187640063   1318.97932104  
    6.00580360217   1177.41125321  
    6.02982706295   2053.72266649  
     6.0539463008   2702.66263582  
    6.07816229297    3158.8983749  
    6.10247454277    2839.9380317  
    6.12688453908   2531.05428213  
    6.15139228923   3070.22790164  
    6.17599779122   3553.70559233  
    6.20070154853   3400.91480644  
    6.22550459046   2894.50898403  
    6.25040640037   4142.82590319  
    6.27540801757   4023.80378563  
    6.30050997369   3696.35308649  
    6.32571173604   5109.26935751  
     6.3510149058   5956.71293814  
    6.37641894807   4243.90132281  
    6.40192439863   4716.57175504  
    6.42753235412   3920.93142929  
    6.45324226357   5044.68793065  
    6.47905523486   6233.00175495  
    6.50497126841   3481.82480398  
    6.53099149713    5468.3772149  
      6.557115353   5711.45773518  
    6.58334398091   4512.24452748  
    6.60967738247   3515.29395497  
      6.636116139   3954.62936793  
    6.66266024591    3436.0870941  
     6.6893108869   4749.00593503  
    6.71606806547   2712.80309652  
    6.74293238382    3061.8143711  
    6.76990445326   3791.74556153  
    6.79698365696   4760.79563626  
    6.82417184254   4489.73066306  
    6.85146839216   2270.20794794  
    6.87887455859   4636.06587247  
    6.90638970817   2479.48724027  
    6.93401510795   3308.36581663  
    6.96175140629   4156.30872175  
    6.98959860741   2631.55548266  
    7.01755670493   3308.41387105  
    7.04562701121   1112.67352179  
    7.07380952993   1860.11022854  
    7.10210492952   1897.85654993  
    7.13051320818   1768.83240517  
    7.15903503951   1276.06124709  
      7.187671108   1087.36067225  
    7.21642210919   1249.23675338  
     7.2452880469   2203.83271287  
    7.27426891394   743.145443522  
     7.3033661205   784.387047796  
    7.33257967105   767.378545844  
    7.36190955887   986.057952535  
    7.39135722917   939.833661885  
    7.42092268746   958.464859937  
    7.45060667143    636.61232389  
    7.48040918171   252.650897036  
     7.5103309629    133.21235555  
    7.54037201069   306.159609587  
    7.57053307674             0.0  
    7.60081569915   154.082228386  
     7.6312191142   557.525665007  
    7.66174409401   671.128964445  
    7.69239063155   144.761529773  
    7.72316030546             0.0  
    7.75405312312    548.98232721  
    7.78506908015   430.990357585  
    7.81620897836   428.987283886  
    7.84747445827   144.426031426  
    7.87886387586   760.873030252  
    7.91037971196   293.995034488  
    7.94202113658     570.0715425  
    7.97378898366   268.652130751  
    8.00568410198   633.565005922  
    8.03770735543   455.926823246  
    8.06985787909             0.0  
    8.10213740517   338.206611511  
    8.13454593714   285.413427084  
    8.16708435933   162.529898994  
    8.19975267166             0.0  
    8.23255176913   165.761815895  
    8.26548164815   494.176386376  
    8.29854321466             0.0  
    8.33173739122   502.825931621  
    8.36506511734   118.390403219  
      8.398524516             0.0  
    8.43211935001   125.098203452  
    8.46584773181   291.983324811  
    8.49971060237             0.0  
     8.5337098955   133.998572544  
    8.56784464499             0.0  
    8.60211582222    153.85679305  
    8.63652441684             0.0  
    8.67107043027             0.0  
    8.70575486565             0.0  
    8.74057772207    133.69094504  
    8.77554001652   331.214887795  
    8.81064278543   328.891514508  
    8.84588498917   533.429554571  
    8.88126871009   153.268689755  
    8.91679342222   141.955228247  
    8.95246071565   989.732261701  
    8.98827059515   428.481364945  
    9.02422359715   275.399029002  
    9.06032026159   317.412509128  
    9.09656168612   472.419832038  
    9.13294787279   434.599379016  
    9.16947993568   298.644439271  
    9.20615787578   159.550950744  
    9.24298225202   643.934783929  
      9.279954204   1859.82590279  
    9.31707431261   609.923809785  
    9.35434257718   447.358784028  
    9.39175957335    2781.9238475  
     9.4293270718   2226.63850632  
    9.46704388515   3580.03662203  
    9.50491240293   2077.21274922  
    9.54293202825   2896.23592419  
    9.58110335964    4117.5699267  
    9.61942823963   5175.78681839  
     9.6579060571   6729.81049529  
    9.69653742549    6254.5646063  
    9.73532359794   5966.08394007  
    9.77426457375   6572.42101296  
    9.81336162691   7346.84054593  
    9.85261540749   7420.17449903  
     9.8920259161   8313.56407665  
    9.93159379873   7396.30990322  
    9.97132037286   8567.80054283  
     10.011205641   10344.8820886  
    10.0512502668    9530.6993333  
     10.091455602   7425.92691391  
    10.1318209644   9318.78238829  
    10.1723484056   9243.88983884  
    10.2130379328   9239.80331276  
    10.2538902416   9470.86240995  
    10.2949053247   9759.05767905  
    10.3360853051   6883.79787559  
     10.377429474   8076.57034052  
    10.4189392642    150261.62841  
