      wave_micron        flux_mjy  
  0.0154221819325             0.0  
  0.0154783455809             0.0  
   0.015540258413             0.0  
  0.0156024189732             0.0  
  0.0156648289627             0.0  
  0.0157274883885             0.0  
  0.0157903989725             0.0  
   0.015853560715             0.0  
  0.0159169753591             0.0  
  0.0159806428986             0.0  
  0.0160445650983             0.0  
  0.0161087437552             0.0  
  0.0161731788756             0.0  
   0.016237870441             0.0  
  0.0163028221147             0.0  
  0.0163680339168             0.0  
  0.0164335058424             0.0  
  0.0164992397599             0.0  
  0.0165652375728             0.0  
  0.0166314973626             0.0  
   0.016698022957             0.0  
  0.0167648163217             0.0  
  0.0168318755082             0.0  
  0.0168992024628             0.0  
  0.0169667991687             0.0  
  0.0170346676472             0.0  
  0.0171028048591             0.0  
  0.0171712168936             0.0  
  0.0172399017199             0.0  
  0.0173088613934             0.0  
  0.0173780969564             0.0  
  0.0174476083969             0.0  
  0.0175173988859             0.0  
  0.0175874684342             0.0  
  0.0176578192002             0.0  
  0.0177284500972             0.0  
  0.0177993632902             0.0  
  0.0178705609874             0.0  
  0.0179420431955             0.0  
  0.0180138121572             0.0  
  0.0180858667379             0.0  
  0.0181582103376             0.0  
   0.018230842962             0.0  
  0.0183037669249             0.0  
  0.0183769822319             0.0  
  0.0184504900473             0.0  
  0.0185242915451             0.0  
  0.0185983891149             0.0  
  0.0186727827634             0.0  
  0.0187474736943             0.0  
  0.0188224631215             0.0  
  0.0188977535148             0.0  
  0.0189733436286             0.0  
  0.0190492372098             0.0  
  0.0191254342705             0.0  
  0.0192019360793             0.0  
  0.0192787439165             0.0  
  0.0193558590743             0.0  
  0.0194332828569             0.0  
  0.0195110152532             0.0  
  0.0195890602365             0.0  
  0.0196674164828             0.0  
  0.0197460853146             0.0  
  0.0198250694374             0.0  
  0.0199043702325             0.0  
  0.0199839877024             0.0  
  0.0200639232226             0.0  
  0.0201441795976             0.0  
  0.0202247554125             0.0  
  0.0203056549267             0.0  
  0.0203868781584             0.0  
  0.0204684250949             0.0  
  0.0205502986369             0.0  
  0.0206325002631             0.0  
  0.0207150299721             0.0  
  0.0207978907469             0.0  
  0.0208810810743             0.0  
  0.0209646054901             0.0  
  0.0210484640106             0.0  
  0.0211326581768             0.0  
  0.0212171895475             0.0  
  0.0213020581165             0.0  
  0.0213872654403             0.0  
  0.0214728147007             0.0  
  0.0215587059078             0.0  
  0.0216449406729             0.0  
  0.0217315206258             0.0  
  0.0218184474159             0.0  
  0.0219057210389             0.0  
  0.0219933431436             0.0  
  0.0220813170987             0.0  
  0.0221696429202             0.0  
  0.0222583205902             0.0  
  0.0223473535396             0.0  
  0.0224367435202             0.0  
  0.0225264905366             0.0  
  0.0226165963424             0.0  
  0.0227070627134             0.0  
   0.022797891448             0.0  
  0.0228890825408             0.0  
  0.0229806396339             0.0  
  0.0230725608835             0.0  
  0.0231648518352             0.0  
  0.0232575106339             0.0  
  0.0233505410324             0.0  
  0.0234439430362             0.0  
  0.0235377185467             0.0  
  0.0236318694907             0.0  
  0.0237263978211             0.0  
  0.0238213035385             0.0  
  0.0239165886016             0.0  
  0.0240122549961             0.0  
  0.0241083027081             0.0  
  0.0242047378153             0.0  
  0.0243015562579             0.0  
  0.0243987621108             0.0  
   0.024496357451             0.0  
  0.0245943422758             0.0  
  0.0246927207968             0.0  
  0.0247914908945             0.0  
  0.0248906568236             0.0  
  0.0249902185834             0.0  
  0.0250901805246             0.0  
  0.0251905404622             0.0  
  0.0252913027928             0.0  
  0.0253924675203             0.0  
   0.025494039142             0.0  
  0.0255960154078             0.0  
  0.0256983985612             0.0  
  0.0258011932004             0.0  
  0.0259043970131             0.0  
  0.0260080146481             0.0  
    0.02611204611             0.0  
  0.0262164937597             0.0  
  0.0263213599946             0.0  
  0.0264266472488             0.0  
  0.0265323530848             0.0  
   0.026638482369             0.0  
  0.0267450350961             0.0  
  0.0268520162481             0.0  
  0.0269594233237             0.0  
   0.027067261363             0.0  
  0.0271755303777             0.0  
  0.0272842329335             0.0  
  0.0273933690209             0.0  
   0.027502943863             0.0  
  0.0276129548334             0.0  
  0.0277234072187             0.0  
  0.0278343010305             0.0  
  0.0279456389615             0.0  
  0.0280574210034             0.0  
  0.0281696498716             0.0  
  0.0282823283267             0.0  
  0.0283954591745             0.0  
  0.0285090395999             0.0  
  0.0286230752233             0.0  
  0.0287375689239             0.0  
  0.0288525178234             0.0  
  0.0289679276849             0.0  
  0.0290838014637             0.0  
  0.0292001362195             0.0  
  0.0293169348659             0.0  
  0.0294342033877             0.0  
  0.0295519418269             0.0  
  0.0296701471117             0.0  
  0.0297888284028             0.0  
  0.0299079857543             0.0  
  0.0300276160314             0.0  
  0.0301477254602             0.0  
  0.0302683172275             0.0  
  0.0303893913559             0.0  
  0.0305109478221             0.0  
  0.0306329930995             0.0  
  0.0307555239287             0.0  
  0.0308785468721             0.0  
  0.0310020619542             0.0  
  0.0311260691522             0.0  
  0.0312505718008             0.0  
  0.0313755767274             0.0  
  0.0315010770906             0.0  
  0.0316270832193             0.0  
  0.0317535916642             0.0  
  0.0318806059038             0.0  
  0.0320081259079             0.0  
  0.0321361587989             0.0  
  0.0322647046199             0.0  
  0.0323937633655             0.0  
  0.0325233386688             0.0  
  0.0326534305126             0.0  
   0.032784046325             0.0  
  0.0329151823899             0.0  
  0.0330468424368             0.0  
  0.0331790302653             0.0  
  0.0333117458776             0.0  
  0.0334449931253             0.0  
  0.0335787720014             0.0  
  0.0337130864104             0.0  
  0.0338479403317             0.0  
  0.0339833297668             0.0  
   0.034119266773             0.0  
    0.03425574124             0.0  
  0.0343927653635             0.0  
  0.0345303371289             0.0  
  0.0346684564989             0.0  
  0.0348071318312             0.0  
  0.0349463589249             0.0  
  0.0350861462674             0.0  
  0.0352264895855             0.0  
  0.0353673953179             0.0  
  0.0355088656611             0.0  
  0.0356509006117             0.0  
   0.035793504579             0.0  
  0.0359366775568             0.0  
  0.0360804262925             0.0  
  0.0362247462568             0.0  
  0.0363696465556             0.0  
  0.0365151249103             0.0  
  0.0366611859421             0.0  
  0.0368078296413             0.0  
  0.0369550607037             0.0  
  0.0371028815203             0.0  
  0.0372512920825             0.0  
  0.0374002972022             0.0  
  0.0375498993313             0.0  
  0.0377000984646             0.0  
  0.0378508995351             0.0  
  0.0380023025414             0.0  
  0.0381543124999             0.0  
  0.0383069294135             0.0  
  0.0384601558058             0.0  
  0.0386139968225             0.0  
  0.0387684524758             0.0  
   0.038923528001             0.0  
  0.0390792207552             0.0  
  0.0392355386861             0.0  
  0.0393924818217             0.0  
  0.0395500501301             0.0  
  0.0397082517653             0.0  
  0.0398670839996             0.0  
  0.0400265523356             0.0  
   0.040186659577             0.0  
  0.0403474057178             0.0  
  0.0405087935511             0.0  
  0.0406708287828             0.0  
  0.0408335143331             0.0  
  0.0409968472931             0.0  
  0.0411608334584             0.0  
  0.0413254787495             0.0  
  0.0414907802101             0.0  
   0.041656743801             0.0  
  0.0418233695127             0.0  
  0.0419906634194             0.0  
  0.0421586255298             0.0  
   0.042327258912             0.0  
  0.0424965698167             0.0  
  0.0426665551097             0.0  
  0.0428372210879             0.0  
  0.0430085709616             0.0  
  0.0431806047274             0.0  
  0.0433533288696             0.0  
  0.0435267401058             0.0  
  0.0437008482999             0.0  
   0.043875650142             0.0  
  0.0440511522978             0.0  
  0.0442273581705             0.0  
  0.0444042677676             0.0  
  0.0445818844935             0.0  
  0.0447602117949             0.0  
  0.0449392531611             0.0  
  0.0451190085759             0.0  
  0.0452994851091             0.0  
  0.0454806827765             0.0  
  0.0456626087953             0.0  
  0.0458452558873             0.0  
  0.0460286386326             0.0  
  0.0462127533948             0.0  
  0.0463976038551             0.0  
   0.046583193743             0.0  
   0.046769526837             0.0  
   0.046956606966             0.0  
  0.0471444302599             0.0  
  0.0473330082767             0.0  
  0.0475223410627             0.0  
  0.0477124325616             0.0  
  0.0479032787694             0.0  
  0.0480948956441             0.0  
  0.0482872751942             0.0  
  0.0484804213891             0.0  
  0.0486743423835             0.0  
  0.0488690423574             0.0  
  0.0490645171557             0.0  
  0.0492607751063             0.0  
  0.0494578204664             0.0  
  0.0496556489567             0.0  
   0.049854273417             0.0  
  0.0500536895535             0.0  
  0.0502539060659             0.0  
  0.0504549185427             0.0  
  0.0506567402489             0.0  
  0.0508593667607             0.0  
  0.0510628025253             0.0  
  0.0512670566381             0.0  
  0.0514721245518             0.0  
  0.0516780108055             0.0  
  0.0518847246999             0.0  
   0.052092261563             0.0  
  0.0523006307993             0.0  
  0.0525098324223             0.0  
  0.0527198760571             0.0  
  0.0529307520196             0.0  
  0.0531424748511             0.0  
  0.0533550445924             0.0  
  0.0535684662058             0.0  
  0.0537827396889             0.0  
  0.0539978700401             0.0  
  0.0542138623369             0.0  
  0.0544307165721             0.0  
  0.0546484430685             0.0  
  0.0548670366526             0.0  
  0.0550865024807             0.0  
  0.0553068511252             0.0  
  0.0555280772875             0.0  
  0.0557501916691             0.0  
  0.0559731888451             0.0  
  0.0561970851542             0.0  
  0.0564218696252             0.0  
    0.05664755882             0.0  
  0.0568741471904             0.0  
   0.057101645976             0.0  
  0.0573300495008             0.0  
  0.0575593691465             0.0  
  0.0577896107521             0.0  
   0.058020768517             0.0  
   0.058252848197             0.0  
  0.0584858616093             0.0  
  0.0587198028284             0.0  
  0.0589546838262             0.0  
  0.0591905046543             0.0  
  0.0594272652747             0.0  
  0.0596649717642             0.0  
  0.0599036365615             0.0  
  0.0601432471883             0.0  
  0.0603838224564             0.0  
  0.0606253560613             0.0  
  0.0608678607795             0.0  
  0.0611113301733             0.0  
  0.0613557771937             0.0  
  0.0616012018839             0.0  
  0.0618476041939             0.0  
  0.0620949907005             0.0  
  0.0623433748748             0.0  
  0.0625927500343             0.0  
  0.0628431160694             0.0  
  0.0630944935939             0.0  
  0.0633468688088             0.0  
  0.0636002555816             0.0  
  0.0638546539134             0.0  
   0.064110078039             0.0  
  0.0643665136604             0.0  
  0.0646239823258             0.0  
  0.0648824768223             0.0  
  0.0651420117993             0.0  
  0.0654025799059             0.0  
  0.0656641884884             0.0  
  0.0659268450311             0.0  
  0.0661905495202             0.0  
  0.0664553095403             0.0  
  0.0667211328193             0.0  
  0.0669880194077             0.0  
  0.0672559692546             0.0  
   0.067524998104             0.0  
  0.0677950980645             0.0  
  0.0680662770408             0.0  
  0.0683385430896             0.0  
  0.0686118962156             0.0  
   0.068886340455             0.0  
   0.069161888209             0.0  
  0.0694385353599             0.0  
   0.069716290261             0.0  
  0.0699951528868             0.0  
  0.0702751360196             0.0  
   0.070556235388             0.0  
  0.0708384595976             0.0  
  0.0711218130144             0.0  
  0.0714063000362             0.0  
  0.0716919250936             0.0  
    0.07197869265             0.0  
  0.0722666072029             0.0  
  0.0725556732844             0.0  
  0.0728459000873             0.0  
  0.0731372830003             0.0  
  0.0734298312522             0.0  
  0.0737235495201             0.0  
  0.0740184425194             0.0  
  0.0743145198186             0.0  
  0.0746117766219             0.0  
  0.0749102225396             0.0  
  0.0752098624475             0.0  
  0.0755107012636             0.0  
  0.0758127489591             0.0  
  0.0761159955082             0.0  
  0.0764204609911             0.0  
  0.0767261454929             0.0  
  0.0770330489826             0.0  
  0.0773411817395             0.0  
  0.0776505437441             0.0  
  0.0779611454547             0.0  
  0.0782729922069             0.0  
  0.0785860840041             0.0  
  0.0789004261565             0.0  
  0.0792160294956             0.0  
   0.079532894053             0.0  
   0.079851025297             0.0  
  0.0801704287509             0.0  
  0.0804911099934             0.0  
  0.0808130746602             0.0  
  0.0811363284449             0.0  
  0.0814608713158             0.0  
  0.0817867147778             0.0  
  0.0821138647046             0.0  
  0.0824423211076             0.0  
  0.0827720898447             0.0  
   0.083103176837             0.0  
  0.0834355880695             0.0  
  0.0837693295932             0.0  
  0.0841044075257             0.0  
  0.0844408280531             0.0  
  0.0847785911656             0.0  
  0.0851177030393             0.0  
  0.0854581762863             0.0  
  0.0858000109601             0.0  
  0.0861432069836             0.0  
  0.0864877837083             0.0  
   0.086833734686             0.0  
   0.087181066378             0.0  
  0.0875297920005             0.0  
  0.0878799115976             0.0  
  0.0882314318658             0.0  
  0.0885843527423             0.0  
  0.0889386947135             0.0  
  0.0892944509877             0.0  
  0.0896516284288             0.0  
  0.0900102339858             0.0  
  0.0903702746949             0.0  
  0.0907317505044             0.0  
  0.0910946829245             0.0  
  0.0914590575601             0.0  
  0.0918248961623             0.0  
  0.0921921988168             0.0  
  0.0925609654697             0.0  
  0.0929312109813             0.0  
  0.0933029353717             0.0  
  0.0936761461684             0.0  
  0.0940508509988             0.0  
  0.0944270498198             0.0  
  0.0948047581127             0.0  
  0.0951839838158             0.0  
  0.0955647190532             0.0  
  0.0959469715991             0.0  
  0.0963307655121             0.0  
  0.0967160847083             0.0  
  0.0971029535334             0.0  
  0.0974913638291             0.0  
  0.0978813237277             0.0  
  0.0982728498947             0.0  
    0.09866594241             0.0  
   0.099060609758             0.0  
  0.0994568519222             0.0  
  0.0998546774253             0.0  
   0.100254094913             0.0  
   0.100655113158             0.0  
   0.101057732156             0.0  
   0.101461960725             0.0  
   0.101867807811             0.0  
   0.102275282494             0.0  
   0.102684384796             0.0  
   0.103095123848             0.0  
   0.103507499581             0.0  
   0.103921530592             0.0  
   0.104337216941             0.0  
   0.104754568095             0.0  
   0.105173584024             0.0  
   0.105594283976             0.0  
   0.106016658262             0.0  
   0.106440726351             0.0  
   0.106866488265             0.0  
   0.107293953898             0.0  
     0.1077231333             0.0  
   0.108154016287             0.0  
   0.108586633294             0.0  
   0.109020984491             0.0  
   0.109457069886             0.0  
   0.109894899843             0.0  
   0.110334474284             0.0  
   0.110775814355             0.0  
   0.111218920147             0.0  
   0.111663791584             0.0  
   0.112110450329             0.0  
   0.112558885443             0.0  
   0.113009129988             0.0  
   0.113461161814             0.0  
   0.113915003126             0.0  
   0.114370665274             0.0  
   0.114828148301             0.0  
   0.115287463664             0.0  
   0.115748611332             0.0  
   0.116211602869             0.0  
   0.116676450037             0.0  
   0.117143152835             0.0  
   0.117611735198             0.0  
   0.118082173035             0.0  
   0.118554502557             0.0  
   0.119028723913             0.0  
   0.119504837073             0.0  
   0.119982854371             0.0  
   0.120462788359             0.0  
   0.120944639055             0.0  
   0.121428419148             0.0  
   0.121914128591             0.0  
   0.122401793275             0.0  
   0.122891400238             0.0  
   0.123382962455             0.0  
   0.123876493133             0.0  
   0.124372005713             0.0  
   0.124869486696             0.0  
    0.12536896306             0.0  
   0.125870448651             0.0  
   0.126373929725             0.0  
   0.126879419965             0.0  
   0.127386933305             0.0  
   0.127896483936             0.0  
   0.128408071933             0.0  
   0.128921697178             0.0  
   0.129437388564             0.0  
   0.129955146271             0.0  
   0.130474955445             0.0  
   0.130996860392             0.0  
   0.131520846332             0.0  
   0.132046928203             0.0  
   0.132575121227             0.0  
   0.133105425465             0.0  
   0.133637840778             0.0  
   0.134172398206             0.0  
   0.134709082127             0.0  
   0.135247924046             0.0  
   0.135788908058             0.0  
   0.136332066143             0.0  
   0.136877390275             0.0  
   0.137424904887             0.0  
   0.137974601796             0.0  
   0.138526497437             0.0  
   0.139080608566             0.0  
   0.139636926768             0.0  
    0.14019547741             0.0  
   0.140756260558             0.0  
   0.141319284768             0.0  
   0.141884558656             0.0  
   0.142452099745             0.0  
   0.143021908073             0.0  
   0.143593992447             0.0  
   0.144168370799             0.0  
   0.144745043155             0.0  
   0.145324027728             0.0  
   0.145905324541             0.0  
   0.146488942746             0.0  
   0.147074900997             0.0  
   0.147663199313             0.0  
   0.148253847072             0.0  
   0.148846863384             0.0  
   0.149442258012             0.0  
    0.15004002118             0.0  
   0.150640182132             0.0  
   0.151242740914             0.0  
   0.151847717443             0.0  
   0.152455101654             0.0  
   0.153064923769             0.0  
   0.153677183874             0.0  
   0.154291892196             0.0  
   0.154909059057             0.0  
   0.155528694873             0.0  
    0.15615081016             0.0  
   0.156775415535             0.0  
   0.157402521715             0.0  
   0.158032128636             0.0  
   0.158664257937             0.0  
   0.159298909593             0.0  
   0.159936105631             0.0  
   0.160575857307             0.0  
   0.161218153334             0.0  
   0.161863027494             0.0  
    0.16251047988             0.0  
   0.163160521938             0.0  
   0.163813165237             0.0  
   0.164468421468             0.0  
   0.165126290561             0.0  
   0.165786796153             0.0  
   0.166449938238             0.0  
     0.1671157409             0.0  
   0.167784204206             0.0  
   0.168455340333             0.0  
   0.169129161595             0.0  
   0.169805680445             0.0  
   0.170484909475             0.0  
   0.171166848655             0.0  
   0.171851510563             0.0  
   0.172538920896             0.0  
   0.173229066678             0.0  
    0.17392198699             0.0  
   0.174617682033             0.0  
   0.175316151747             0.0  
   0.176017409306             0.0  
   0.176721481655             0.0  
   0.177428368893             0.0  
   0.178138084683             0.0  
   0.178850628912             0.0  
   0.179566043354             0.0  
   0.180284300021             0.0  
   0.181005441147             0.0  
   0.181729466868             0.0  
   0.182456377047             0.0  
   0.183186200516             0.0  
   0.183918952014             0.0  
    0.18465461675             0.0  
   0.185393239096             0.0  
   0.186134819272             0.0  
   0.186879357215             0.0  
    0.18762686792             0.0  
   0.188377382046             0.0  
   0.189130884183             0.0  
   0.189887405278             0.0  
   0.190646961147             0.0  
   0.191409551855             0.0  
   0.192175193269             0.0  
    0.19294388525             0.0  
   0.193715660074             0.0  
   0.194490534275             0.0  
    0.19526849138             0.0  
   0.196049564345             0.0  
   0.196833753116             0.0  
   0.197621091384             0.0  
   0.198411579304             0.0  
   0.199205234028             0.0  
    0.20000205552             0.0  
   0.200802061011             0.0  
   0.201605267985             0.0  
   0.202411694179             0.0  
   0.203221339593             0.0  
    0.20403422206             0.0  
   0.204850359677             0.0  
   0.205669752375             0.0  
   0.206492436937             0.0  
   0.207318413552             0.0  
    0.20814768209             0.0  
   0.208980261139             0.0  
   0.209816188758             0.0  
   0.210655445884             0.0  
   0.211498071008             0.0  
   0.212344064232             0.0  
   0.213193445145             0.0  
   0.214046213675             0.0  
   0.214902409677             0.0  
   0.215762013091             0.0  
    0.21662506424             0.0  
   0.217491563183             0.0  
   0.218361530429             0.0  
   0.219234965867             0.0  
   0.220111911284             0.0  
     0.2209923669             0.0  
   0.221876332607             0.0  
   0.222763829578             0.0  
    0.22365490114             0.0  
   0.224549503758             0.0  
   0.225447702921             0.0  
   0.226349498892             0.0  
   0.227254891597             0.0  
   0.228163925989             0.0  
   0.229076579506             0.0  
   0.229992874618             0.0  
   0.230912857412             0.0  
   0.231836504828             0.0  
   0.232763839934             0.0  
   0.233694909994             0.0  
    0.23462969145             0.0  
   0.235568207999             0.0  
   0.236510483745             0.0  
   0.237456518631             0.0  
   0.238406337007             0.0  
   0.239359963648             0.0  
   0.240317398589             0.0  
   0.241278666869             0.0  
   0.242243793968             0.0  
   0.243212780032             0.0  
   0.244185624836             0.0  
   0.245162353976             0.0  
    0.24614301991             0.0  
   0.247127569931             0.0  
   0.248116083417             0.0  
    0.24910856079             0.0  
   0.250105002093             0.0  
   0.251105406992             0.0  
   0.252109830165             0.0  
   0.253118271822             0.0  
   0.254130759937             0.0  
   0.255147266246             0.0  
   0.256167846992             0.0  
   0.257192531015             0.0  
   0.258221289561             0.0  
   0.259254180438             0.0  
   0.260291203866             0.0  
   0.261332359668             0.0  
   0.262377707278             0.0  
   0.263427216902             0.0  
    0.26448091836             0.0  
   0.265538842033             0.0  
   0.266600987898             0.0  
   0.267667386749             0.0  
   0.268738069965             0.0  
   0.269813006064             0.0  
   0.270892258088             0.0  
   0.271975826221             0.0  
   0.273063742733             0.0  
   0.274156007754             0.0  
   0.275252620997             0.0  
    0.27635363168             0.0  
   0.277459056633             0.0  
    0.27856887898             0.0  
    0.27968316611             0.0  
   0.280801901239             0.0  
   0.281925101253             0.0  
   0.283052800615             0.0  
   0.284185016866             0.0  
   0.285321749936             0.0  
   0.286463035083             0.0  
    0.28760889024             0.0  
   0.288759333475             0.0  
   0.289914364678             0.0  
   0.291074020225             0.0  
   0.292238318604             0.0  
   0.293407278456             0.0  
   0.294580899659             0.0  
   0.295759219764             0.0  
   0.296942257868             0.0  
   0.298130033227             0.0  
   0.299322545737             0.0  
   0.300519834195             0.0  
   0.301721918353             0.0  
   0.302928798139             0.0  
   0.304140513331             0.0  
   0.305357084209             0.0  
    0.30657851075             0.0  
    0.30780483376             0.0  
   0.309036053261             0.0  
   0.310272189784             0.0  
   0.311513285199             0.0  
   0.312759339614             0.0  
   0.314010374147             0.0  
   0.315266410121             0.0  
   0.316527469063             0.0  
   0.317793594723             0.0  
   0.319064765213             0.0  
   0.320341024541             0.0  
   0.321622395105             0.0  
    0.32290887681             0.0  
   0.324200514872             0.0  
   0.325497309296             0.0  
   0.326799306137             0.0  
   0.328106505512             0.0  
   0.329418930686             0.0  
   0.330736605174             0.0  
   0.332059552743             0.0  
   0.333387773198             0.0  
   0.334721339076             0.0  
   0.336060226296             0.0  
   0.337404459096             0.0  
   0.338754086995             0.0  
   0.340109084964             0.0  
   0.341469528289             0.0  
   0.342835417322             0.0  
   0.344206751893             0.0  
    0.34558358336             0.0  
   0.346965911735             0.0  
   0.348353789395             0.0  
   0.349747189896             0.0  
   0.351146192895             0.0  
   0.352550771731             0.0  
   0.353960980257             0.0  
   0.355376818476             0.0  
   0.356798313591             0.0  
   0.358225521107             0.0  
   0.359658413196             0.0  
    0.36109704583             0.0  
   0.362541447593             0.0  
   0.363991589687             0.0  
   0.365447558249             0.0  
   0.366909353625             0.0  
   0.368377005178             0.0  
   0.369850512842             0.0  
   0.371329906034             0.0  
   0.372815214556             0.0  
   0.374306499135             0.0  
   0.375803698768             0.0  
   0.377306936059             0.0  
    0.37881614935             0.0  
   0.380331432033             0.0  
   0.381852752824             0.0  
   0.383380142906             0.0  
    0.38491366618             0.0  
   0.386453322919             0.0  
   0.387999145622             0.0  
   0.389551134167             0.0  
   0.391109354508             0.0  
   0.392673773317             0.0  
   0.394244491082             0.0  
   0.395821440208             0.0  
   0.397404756821             0.0  
   0.398994372669             0.0  
   0.400590356569             0.0  
   0.402192708445             0.0  
    0.40380146314             0.0  
   0.405416691825             0.0  
   0.407038359024             0.0  
    0.40866650028             0.0  
   0.410301151665             0.0  
   0.411942349788             0.0  
   0.413590131812             0.0  
   0.415244497878             0.0  
   0.416905485377             0.0  
   0.418573094084             0.0  
   0.420247400108             0.0  
   0.421928364977             0.0  
   0.423616104768             0.0  
   0.425310541546             0.0  
   0.427011792894             0.0  
   0.428719859375             0.0  
   0.430434740904             0.0  
   0.432156477435             0.0  
   0.433885109556             0.0  
   0.435620637143             0.0  
    0.43736310109             0.0  
   0.439112584969             0.0  
   0.440869004932             0.0  
   0.442632487246             0.0  
   0.444403032456             0.0  
   0.446180640438             0.0  
   0.447965354113             0.0  
   0.449757217111             0.0  
   0.451556229337             0.0  
   0.453362479596             0.0  
   0.455175923398             0.0  
   0.456996605151             0.0  
   0.458824615881             0.0  
   0.460659910107             0.0  
   0.462502533404             0.0  
   0.464352579108             0.0  
    0.46620995338             0.0  
   0.468074797379             0.0  
   0.469947111716             0.0  
   0.471826896298             0.0  
   0.473714199207             0.0  
   0.475609069359             0.0  
   0.477511506824             0.0  
   0.479421561033   16.7211869507  
   0.481339231788             0.0  
   0.483264569046             0.0  
   0.485197623643             0.0  
    0.48713844731             0.0  
    0.48908698843   17.2984759489  
    0.49104335062             0.0  
   0.493007534152             0.0  
   0.494979538549             0.0  
   0.496959470212             0.0  
   0.498947275454             0.0  
    0.50094306216             0.0  
   0.502946885801             0.0  
   0.504958636151    18.235078174  
   0.506978478729             0.0  
    0.50900641424             0.0  
   0.511042442618             0.0  
   0.513086620388             0.0  
   0.515138947285             0.0  
   0.517199480546   19.2479984587  
   0.519268278468             0.0  
   0.521345341199             0.0  
   0.523430727797             0.0  
   0.525524498426             0.0  
   0.527626593036             0.0  
   0.529737071145             0.0  
   0.531855993396   20.0376071674  
   0.533983421578   23.8875038549  
   0.536119356013             0.0  
   0.538263859347   19.1651134582  
   0.540416931774   58.3993961009  
   0.542578572662             0.0  
   0.544748909884   39.7197262766  
   0.546927879032   59.4675496948  
   0.549115609922   80.1935696927  
   0.551312070118   19.4844590499  
   0.553517325448   20.2151689526  
   0.555731375711             0.0  
   0.557954321622   60.5595215996  
   0.560186129508             0.0  
    0.56242686716   90.2693130912  
   0.564676568953   42.6619237409  
   0.566935269508   149.430902406  
   0.569203038998   43.5863050479  
   0.571479842222   63.5360603142  
   0.573765749586   127.615298354  
   0.576060832897   43.9816512207  
   0.578365056043   83.9462906462  
   0.580678527832   88.5401310636  
   0.583001248583   69.2248430603  
   0.585333255065   70.4679767678  
   0.587674584337   66.4456678345  
   0.590025273757   107.650741516  
   0.592385360989   44.8706775816  
    0.59475492255   44.6725174668  
    0.59713391995   95.5268071651  
   0.599522469205   125.087249787  
   0.601920570721    71.925268001  
   0.604328223989   208.406089293  
   0.606745547913   71.1915091599  
   0.609172542992   98.3600670592  
   0.611609208806   116.850330699  
   0.614055667248   169.982192004  
   0.616511877542   142.788518446  
   0.618977921892   119.664178311  
    0.62145384213   142.469498696  
   0.623939680483   224.795646294  
    0.62643543682   75.9245814936  
   0.628941153152   80.2080934693  
   0.631456915341   48.3596502401  
   0.633982767257             0.0  
   0.636518664907   106.881017095  
   0.639064739921    80.430499643  
   0.641621037484   166.958283066  
   0.644187512807   132.461984748  
   0.646764255413   109.893642965  
   0.649351310787   132.962660171  
   0.651948724887   161.444256906  
   0.654556497467   133.057420177  
   0.657174721394   57.4199059772  
   0.659803444093   26.6121294113  
    0.66244266568   94.4630804676  
   0.665092433462   26.3505537309  
   0.667752795259    58.431251112  
   0.670423799416   33.3745800587  
    0.67310549481    31.257808785  
   0.675797930866   121.596603776  
   0.678501107401   88.2642856526  
   0.681215124321    93.009282632  
   0.683939981772   92.1804515316  
   0.686675730236   57.8433073588  
   0.689422420776   89.9653615386  
   0.692180105052   32.0442142018  
   0.694948835326             0.0  
   0.697728664482   28.3920176619  
   0.700519539089   128.676716282  
   0.703321618534    61.263926482  
   0.706134903276   34.9661539799  
   0.708959447472             0.0  
   0.711795305937   108.719027621  
   0.714642478514   31.0670082032  
   0.717501076141             0.0  
   0.720371042598   62.2698129425  
   0.723252546752   91.7741342014  
   0.726145531988   86.7803758209  
   0.729050112501   33.0557094595  
   0.731966346677   34.1398131971  
   0.734894175957    59.799824188  
   0.737833776058   85.6949273583  
   0.740785088054   57.6750595259  
   0.743748230808   32.4591534833  
   0.746723265124    30.255570418  
   0.749710130124   62.5979498496  
   0.752708947032             0.0  
   0.755719839845             0.0  
   0.758742684465   125.493477299  
   0.761777667799   93.5039212557  
   0.764824790406   87.5127373628  
   0.767884051683    28.093420172  
   0.770955579374   56.2366683972  
   0.774039438886   30.2675043838  
   0.777135564917   177.557866942  
    0.78024415422   103.599227843  
   0.783365074359   63.7538512746  
   0.786498591855   30.2498469166  
   0.789644572959   65.2325248988  
   0.792803152342   29.6916666481  
   0.795974329745   31.3460538304  
   0.799158242868   96.6612409035  
   0.802354892328   162.101227349  
   0.805564277528   94.9113708758  
   0.808786539182   231.822332967  
    0.81202167761   189.517780133  
    0.81526976432   130.604118275  
   0.818530871882   268.302279601  
   0.821805000353   201.522789737  
   0.825092222719   235.847750074  
   0.828392613059    167.42814744  
   0.831706171199   202.172616459  
   0.835032971668   72.2505067187  
   0.838373090129   234.203329177  
   0.841726603405   104.815831828  
   0.845093511678   181.447827813  
   0.848473892288   375.547729224  
   0.851867744698   379.031280074  
   0.855275226474   292.277458562  
   0.858696338263   437.076284668  
     0.8621311604   462.800187098  
   0.865579692848   286.913083158  
   0.869042016538   185.896866798  
   0.872518130734    104.50154833  
   0.876008200591   106.983835546  
   0.879512226677   115.605627449  
   0.883030293186   153.828393069  
   0.886562400028   305.004877971  
   0.890108632087   150.769877292  
   0.893669075629   156.876558836  
   0.897243818335    272.71602397  
   0.900832772471   113.412971137  
   0.904436113504   235.485391164  
   0.908053841492   277.800255191  
   0.911686045672    241.66449093  
    0.91533281677   200.382339139  
   0.918994155003   244.801016171  
   0.922670059186   125.494495415  
   0.926360807225    246.49244884  
   0.930066213277   172.782369247  
   0.933786464124   202.353646557  
   0.937521655387   217.616314847  
   0.941271691238   133.519090886  
    0.94503676327    218.58901304  
   0.948816969728   206.645901136  
   0.952612212787             0.0  
   0.956422689039             0.0  
    0.96024839901   89.2621994943  
   0.964089341764   305.497776161  
   0.967945719061             0.0  
   0.971817531867   39.1235043172  
   0.975704779678   137.256049322  
   0.979607565052   45.2332467551  
   0.983525992373   42.7360542346  
    0.98746016788   174.712663861  
    0.99140998551   92.9120098424  
   0.995375550182   167.944006513  
   0.999357077529   52.2761212642  
    1.00335456921   219.522284054  
     1.0073679148             0.0  
    1.01139744463   128.527631169  
    1.01544304873             0.0  
    1.01950483853   125.416656003  
    1.02358281331   88.0009828489  
    1.02767708587   167.027515927  
    1.03178788711   48.6452349649  
    1.03591498602   152.504432813  
    1.04005861403   41.1297698874  
    1.04421888967   226.706949934  
     1.0483958139   87.4454069549  
    1.05258938609   127.918478738  
    1.05679972569   130.996409126  
    1.06102695441   84.9829205131  
    1.06527107257    38.382962091  
     1.0695320789   141.366043543  
    1.07381022173             0.0  
    1.07810550248   84.0634347368  
    1.08241792093             0.0  
    1.08674760389   86.8233156286  
    1.09109455089   41.9212797853  
    1.09545895593             0.0  
    1.09984075394   95.7947440856  
    1.10424014184    88.473052125  
    1.10865712028             0.0  
    1.11309168825   135.120494427  
    1.11754411518             0.0  
    1.12201426596   94.3623102295  
    1.12650234506   48.6264433999  
    1.13100835277   44.1712809754  
    1.13553235792   188.948323423  
    1.14007450061   125.836359887  
    1.14463478098   48.2261643502  
    1.14921334131   92.4911445974  
    1.15381018168   38.8259580644  
    1.15842544658   191.786846232  
    1.16305913603   53.5079104421  
    1.16771132256   196.399431106  
    1.17238222901   88.7582284778  
     1.1770717062   194.820186006  
    1.18178005487   241.301255442  
    1.18650712344   203.156134922  
    1.19125314023   185.817453282  
    1.19601818322   205.663705715  
    1.20080225251   339.404500399  
    1.20560542555   261.690915377  
     1.2104278603   301.370118606  
    1.21526955699   247.131696694  
    1.22013067626   106.479273744  
    1.22501121851   359.123419444  
    1.22991126469   352.759762881  
    1.23483089651    155.73004312  
    1.23977019641   206.411084352  
    1.24472933202   357.888388786  
    1.24970821917   379.532915702  
    1.25470702642   203.453619734  
    1.25972583937   424.743110938  
    1.26476474446   490.160920497  
    1.26982382899   582.275924579  
    1.27490309256   156.033226589  
    1.28000271133   330.254080808  
    1.28512277523   378.483966907  
     1.2902632844   274.653819369  
    1.29542432843   224.295190624  
    1.30060599784   621.552206626  
    1.30580838408   395.870531759  
     1.3110316732   460.768366128  
    1.31627577206   174.437237303  
    1.32154086795   553.474888515  
    1.32682705626   287.869381328  
    1.33213433675   232.956665248  
    1.33746290205   337.788161972  
    1.34281275249    497.29823302  
    1.34818398535   171.710656825  
    1.35357669902   293.577544384  
    1.35899099299   60.6864846681  
    1.36442696787   306.798767792  
    1.36988472544   312.484327942  
    1.37536426557   460.345188444  
    1.38086568994   196.481055767  
     1.3863892061   260.809252789  
    1.39193470951   501.792540847  
    1.39750240935   244.576567535  
    1.40309251941   363.000353969  
    1.40870482573   449.209446163  
    1.41433965025   121.194787916  
    1.41999699353   66.7347988694  
    1.42567696474   265.443433129  
    1.43137967438   136.159194406  
    1.43710523432   143.500073433  
    1.44285364441   381.416250491  
    1.44862501663   184.031226669  
     1.4544195796   204.974236302  
    1.46023721857   210.157058134  
    1.46607816418   72.8122236795  
    1.47194253421   139.545991436  
      1.477830329   334.726241789  
    1.48374154662   62.2047114005  
    1.48967654556   174.718950871  
    1.49563532798   247.432170782  
    1.50161777091   125.513907161  
    1.50762424051   331.637666034  
    1.51365473797   255.624423341  
    1.51970938801   126.301492962  
    1.52578819019   136.977878785  
    1.53189139745   138.729085899  
    1.53801901079   63.8404689275  
    1.54417102887   325.476901101  
    1.55034770985   222.155337429  
    1.55654905389      199.817005  
    1.56277532485   117.332205785  
    1.56902639034   266.175161604  
    1.57530251691   187.049456413  
    1.58160370472    250.94329681  
    1.58793008889    337.76175538  
    1.59428180649   193.576253313  
    1.60065899655   532.278095468  
    1.60706165945   368.602065832  
    1.61348993491   320.593537339  
    1.61994382173   353.500457113  
    1.62642360449    408.91584949  
    1.63292928386   294.271417189  
    1.63946100449   60.5558289675  
     1.6460189132   275.556148638  
     1.6526028614   120.072737042  
    1.65921329316   340.355532121  
    1.66585021079   342.814131809  
    1.67251361406   539.750484185  
    1.67920365382     549.9941129  
    1.68592048325   643.368707325  
    1.69266410175    404.80836181  
    1.69943482084   548.184508881  
    1.70623248366   404.701719937  
    1.71305740532      900.272352  
     1.7199097473   493.401121662  
    1.72678934875    912.74041505  
    1.73369653225   848.292238901  
    1.74063129799   712.656160006  
    1.74759380992   661.288442274  
    1.75458423461   380.575525612  
    1.76160257222   1176.37283613  
    1.76864899066   1034.80842228  
    1.77572348875   988.257459022  
    1.78282640892   1206.29525568  
     1.7899577528   895.898615719  
    1.79711751932   756.004735972  
    1.80430605936   907.946346971  
    1.81152319598   1741.96732302  
    1.81876928446   1019.56491768  
    1.82604450707   866.496863445  
    1.83334868291   1584.56966172  
     1.8406819916   1105.44558829  
    1.84804480185    1057.3923572  
    1.85543692875   1134.03298885  
     1.8628585567   1331.96658536  
    1.87031006382   1324.04640444  
    1.87779126121   1316.82940424  
    1.88530253195   1579.83943342  
    1.89284368298   1790.01164769  
    1.90041510239   747.199221988  
    1.90801679125   1698.35703333  
    1.91564874769   1338.72925632  
    1.92331136998   1180.05280336  
    1.93100465998   1456.44023816  
    1.93872861661   1134.59289287  
    1.94648364868   1314.53507366  
    1.95426955095   1853.91156842  
    1.96208652804   1265.25522383  
    1.96993499966   1433.17022188  
    1.97781475664   534.461358559  
    1.98572600968   742.060897357  
    1.99366875669   1129.23793213  
    2.00164342911   1338.10093562  
    2.00965002913    1040.4843816  
     2.0176887777   1732.37767146  
    2.02575945264   1425.14119747  
    2.03386249764   2341.40931131  
    2.04199791323   1711.20582901  
    2.05016592587   1106.28310396  
    2.05836653531   2024.78564606  
    2.06659997086   1755.20961472  
    2.07486646606   1882.35609407  
    2.08316602235   3077.41055287  
    2.09149863802   2991.47226439  
    2.09986454834   3281.99454292  
    2.10826399303   2576.01518929  
    2.11669697217   4494.50612074  
    2.12516397475   4521.56497968  
    2.13366451009   4881.81830624  
    2.14219906852   7909.29644382  
    2.15076790095    7452.0068898  
    2.15937100899   7160.90798419  
    2.16800864708   9718.84973959  
    2.17668055826   10883.1963746  
    2.18538725457   10936.0789515  
    2.19412886786   10312.4723768  
     2.2029053986   9222.31366193  
    2.21171697719   10560.3125534  
    2.22056386918   10958.9369761  
    2.22944607449   12422.9951755  
     2.2383638626   14326.8525408  
    2.24731737067   10322.4660374  
    2.25630659816   15309.7918877  
    2.26533182065   10945.3962753  
    2.27439317825   12676.2009113  
    2.28349081208   12701.2298386  
    2.29262472114   12681.9102182  
    2.30179518955    12976.880552  
    2.31100236161   12026.0800699  
    2.32024638274   12508.8833766  
    2.32952739949   11955.9510766  
    2.33884555955   10872.6039853  
     2.3482008616   15141.8207017  
    2.35759375493   13474.9482485  
     2.3670240892   14676.9115432  
    2.37649216717   12457.3533585  
    2.38599814264   12224.8459579  
    2.39554217071   14861.8732808  
    2.40512425024   13286.1685327  
    2.41474485293   12189.2828277  
     2.4244038215   10124.2659817  
    2.43410131268   12401.4001017  
    2.44383780997   9474.07932452  
    2.45361315272   9967.33992419  
    2.46342750192   8307.38334106  
    2.47328135334   9002.66221313  
    2.48317437503   7301.28295726  
    2.49310706713   9806.73531959  
     2.5030796008   9513.58075227  
    2.51309180473   9192.10852805  
    2.52314419199   7939.64251338  
    2.53323676388   8573.09356105  
    2.54336969409   7896.60988976  
      2.553543158   9315.55865482  
    2.56375733277   9682.41123216  
    2.57401239734   8475.14037492  
    2.58430853246   8976.56011635  
    2.59464573736   12069.9502951  
    2.60502437702   8563.65312322  
    2.61544445152   11619.6277519  
    2.62590614476   9930.98770155  
    2.63640983195   10453.0689311  
    2.64695551462   12927.1474382  
    2.65754319028   11545.2553061  
    2.66817343412   9283.78983989  
    2.67884605387   13604.5090436  
    2.68956143808   11834.2452546  
    2.70031978513   10619.5857318  
    2.71112109538   10438.2785811  
     2.7219655669   11189.2587383  
    2.73285339999   12601.8597818  
    2.74378479725   11833.4115852  
    2.75475996361   10139.9368635  
    2.76577889803   7917.78314117  
     2.7768420153   12221.0137417  
    2.78794952761   9564.24374368  
    2.79910122283   12597.3850132  
    2.81029773829   10919.3728237  
    2.82153886012   9529.08430781  
    2.83282501905   9374.82230234  
    2.84415621465   9149.34744685  
    2.85553288641   10872.8473875  
     2.8669550358   9520.26209887  
    2.87842288562   12530.6601281  
    2.88993666146   9458.26202168  
    2.90149636242   9609.72166187  
    2.91310221432   11749.7281573  
    2.92475467888   9677.68359814  
    2.93645375843   9350.34384478  
    2.94819945083   10309.8568469  
    2.95999246544   9011.11912012  
    2.97183232698   8561.34977919  
    2.98371975291   9646.93490842  
    2.99565450142   7475.12189976  
    3.00763705757    6407.1775635  
    3.01966766914    6141.5421268  
    3.03174633682   8228.33774869  
     3.0438733091   8128.25656782  
    3.05604883781   6107.70522592  
    3.06827292179   8717.63029136  
    3.08054607218   5556.19683886  
    3.09286829073   4947.17193747  
    3.10523983715     5054.271708  
       3.11766071   5827.16313765  
    3.13013143684   5475.36564054  
     3.1426520194   4985.29274705  
     3.1552224546   4268.26727725  
    3.16784328125   4928.10781004  
    3.18051477514   5472.10645688  
    3.19323693827   5334.29064853  
    3.20600976777   4335.67473465  
    3.21883382034   3223.93472058  
    3.23170909668   3605.28806539  
    3.24463587936   4063.33255882  
    3.25761445513   2463.63545669  
    3.27064511496   2952.69006644  
    3.28372756669   4153.06086235  
    3.29686239202   2474.94700296  
    3.31004988796    2645.2206751  
    3.32329005515   2096.64083081  
    3.33658319242   3077.93223414  
    3.34992960313   1293.94297489  
    3.36332928717   1830.54615728  
    3.37678254987   2323.03643012  
    3.39028970127   607.638035252  
    3.40385105624   1568.52931381  
    3.41746629822   768.671383383  
    3.43113637807   1265.48459851  
    3.44486065569   660.471570562  
    3.45864009442   931.960267862  
    3.47247469798   1276.43237138  
    3.48636479597   1895.87206051  
    3.50031005569   1225.53496614  
    3.51431147419   1556.18650121  
    3.52836871873   1118.81306667  
    3.54248212415     992.4569222  
    3.55665203068   697.564771578  
    3.57087878411   1054.13860634  
    3.58516203559   1048.69572379  
    3.59950283138   1355.00087658  
    3.61390082286   174.715439235  
    3.62835636186   349.466048435  
    3.64286980603   488.976457289  
    3.65744115459   970.076424489  
     3.6720711358   601.820375132  
    3.68675938494   562.894974144  
    3.70150626634    1050.5413251  
    3.71631252674   294.137175166  
    3.73117779346   786.084637217  
    3.74610244067   307.245814012  
     3.7610868489    146.25775156  
    3.77613101678    745.61945327  
    3.79123572024   154.997631592  
    3.80640057035   630.187380567  
    3.82162635332   1109.33296255  
     3.8369126718   469.475810386  
    3.85226032249   476.747372749  
    3.86766930695   816.955779549  
    3.88314003164   659.502444609  
    3.89867249609   1179.08693703  
    3.91426752862   671.217247314  
    3.92992429535   2211.14121371  
    3.94564404997   1697.86888386  
    3.96142679819   1540.35197642  
    3.97727253972   999.890381248  
    3.99318170256    1398.6960695  
    4.00915428459   1416.61164704  
    4.02519071885   1270.17269447  
    4.04129144627   1263.31716579  
     4.0574569158   538.547744286  
    4.07368668043   1280.30235811  
    4.08998118387   341.987267957  
    4.10634133737   552.809093557  
    4.12276668611   567.701294135  
    4.13925768777    730.14860449  
     4.1558148085    774.29161454  
    4.17243804884   363.815618878  
    4.18912788102   520.535546048  
    4.20588430424   581.031433933  
    4.22270779694   997.716496949  
    4.23959884661   783.319363598  
    4.25655696277   208.033448774  
    4.27358312521   620.293803323  
    4.29067733583   612.414146652  
    4.30784009553   209.122850299  
    4.32507140516   411.111495011  
    4.34237177264   1231.63279933  
    4.35974119784   388.725825887  
    4.37718045687   211.814888709  
    4.39468902883   162.455578141  
    4.41226796031   321.884520252  
    4.42991698849   211.915482588  
    4.44763664356   153.736066833  
    4.46542719446   432.511636939  
    4.48328891197   506.776131226  
    4.50122206872   153.138379097  
    4.51922693926    151.90206264  
    4.53730380009   239.614681587  
    4.55545292971             0.0  
    4.57367489354   157.309768329  
     4.5919694066             0.0  
    4.61033732575   239.942059289  
    4.62877865296             0.0  
     4.6472939715   220.702854129  
    4.66588298672    200.89435425  
    4.68454658297   168.667963989  
     4.7032847621             0.0  
     4.7220978225             0.0  
    4.74098637113             0.0  
    4.75995010145             0.0  
    4.77898993408             0.0  
    4.79810587133   259.475292243  
    4.81729854038             0.0  
    4.83656762537   206.498876459  
     4.8559137564   400.273930414  
    4.87533757653   231.031149497  
    4.89483876301             0.0  
    4.91441829106   228.483745796  
    4.93407583344   197.975609912  
     4.9538123818             0.0  
    4.97362760448   213.766392442  
    4.99352183074             0.0  
    5.01349607765   377.445868045  
    5.03355000696             0.0  
    5.05368430539   171.734475602  
    5.07389897276             0.0  
    5.09419470807             0.0  
    5.11457151245    208.42628733  
     5.1350297384             0.0  
    5.15556974197             0.0  
    5.17619188281             0.0  
    5.19689689217   172.599729746  
    5.21768440439             0.0  
    5.23855515541             0.0  
    5.25950952014   283.841530377  
    5.28054749769   182.623966596  
    5.30166946194             0.0  
    5.32287617669             0.0  
     5.3441676442   208.621403489  
    5.36554464285   200.920720541  
    5.38700678205   201.152871152  
    5.40855484569             0.0  
    5.43018883146             0.0  
     5.4519095384             0.0  
    5.47371737491   216.540363794  
    5.49561234274             0.0  
    5.51759443527             0.0  
    5.53966489128   412.455610422  
    5.56182371703   229.711483644  
    5.58407091037   208.058266997  
    5.60640731682   187.156520869  
    5.62883293749             0.0  
    5.65134819992   1267.64050576  
    5.67395353681   641.348662634  
    5.69664938618   1282.76199217  
    5.71943619141   1084.65723566  
    5.74231350316   2583.88883132  
     5.7652831125   1543.67862717  
    5.78834412131   1836.58525138  
    5.81149743365   2321.65152021  
    5.83474351021    1444.9077719  
    5.85808235018   2054.88262363  
    5.88151488606    2768.3007684  
    5.90504064664   1477.03566677  
    5.92866105146   3090.15814845  
    5.95237562645   3778.90419043  
    5.97618533246   3628.25131911  
    6.00008968111   4172.25577941  
    6.02409013633   5037.87790501  
     6.0481867053    4231.6731329  
    6.07237938609   3725.97142392  
     6.0966686737   7013.11716963  
    6.12105558018   4477.22657913  
    6.14553959755    4779.8063483  
    6.17012174768   9511.68122502  
    6.19480255328   6802.57451146  
    6.21958149061   8127.71051481  
    6.24446013397   8521.77424516  
    6.26943795744   10596.2059466  
    6.29451548781   9862.03102279  
    6.31969380334   11567.5494461  
    6.34497236227    10438.999654  
    6.37035225392    12054.782792  
    6.39583347869   11526.5316999  
    6.42141715049   10574.6322663  
    6.44710271082   12979.4541774  
    6.47289128537   12760.7881242  
    6.49878287572    9797.9554495  
    6.52477805342   12314.7125435  
      6.550876814   13404.2615988  
    6.57708032125   13368.5069587  
    6.60338857865   12319.5640713  
    6.62980217829   8104.46200329  
     6.6563217212   9645.31065371  
    6.68294660092   9744.02922844  
    6.70967863407   8708.87360393  
    6.73651721316    9763.4120699  
    6.76346356996   8502.34079182  
    6.79051708144   6314.78528951  
    6.81767899338   8573.92853663  
    6.84494994327   5392.42882752  
    6.87232993526   6875.69569667  
    6.89981896307     4535.054891  
    6.92741831705   7383.54142347  
    6.95512800081   7763.13575073  
    6.98294867158   4128.78697309  
    7.01088032757   3727.77254408  
     7.0389236311   3652.22913918  
    7.06707925516   3650.00406137  
    7.09534788362   3804.55365317  
    7.12372952024   2855.10255633  
    7.15222415796   989.377613433  
    7.18083318331   1897.69045731  
    7.20955660066   3059.05077659  
    7.23839440342   1463.76951575  
    7.26734801256    369.47087058  
     7.2964174335   628.234209081  
    7.32560339154             0.0  
     7.3549058873   396.493220146  
    7.38432565288   786.025736168  
    7.41386268406   514.537107548  
    7.44351771988             0.0  
    7.47329227265   643.118348157  
    7.50318559143   1497.32371895  
    7.53319843542   945.354718282  
    7.56333079768   588.481467693  
    7.59358423039   1549.45782734  
    7.62395874079   602.585252296  
    7.65445432458   1269.06764794  
    7.68507177011    678.17586992  
    7.71581269039   676.982029644  
    7.74667546895   1275.07823713  
    7.77766254505   1703.79227021  
    7.80877310258             0.0  
    7.84000796151   668.012632199  
    7.87136795637   357.718668239  
    7.90285393657   357.417912448  
    7.93446505168   1370.16070885  
    7.96620300486             0.0  
    7.99806779953   643.906793312  
    8.03006030517   640.147830033  
     8.0621805217   364.720659956  
    8.09442932911             0.0  
    8.12680672387   388.892283935  
    8.15931359673   381.534732132  
    8.19195085476   387.879792857  
    8.22471942171   351.833634336  
    8.25761745204   408.294755524  
    8.29064864545    650.28246094  
    8.32381114603   1830.35796611  
    8.35710587897   744.059309708  
    8.39053474565             0.0  
    8.42409679606   278.319214959  
    8.45779298527   408.080317238  
    8.49162428634   858.674608612  
    8.52559070065   797.633881592  
    8.55969321454   301.953444284  
    8.59393182709    319.79026518  
    8.62830753824   422.247815514  
    8.66282136702   612.341201416  
    8.69747229125   299.251013468  
    8.73226235834             0.0  
    8.76719105115             0.0  
    8.80225993308   620.545043184  
    8.83746900884             0.0  
    8.87281880584   299.394455716  
    8.90830985498   1314.06494617  
    8.94394323548   1379.30496944  
    8.97971894935   674.789114845  
      9.015638092   1001.48012681  
    9.05170066437   1383.46565958  
    9.08790721605   1746.88259099  
    9.12425886751    2748.6353262  
    9.16075618987   2038.01877251  
     9.1973991825   2081.85962168  
    9.23418841136   7151.06888753  
    9.27112561745   5265.15495339  
    9.30820963329   5379.61902348  
    9.34544280832   5449.19258456  
    9.38282455567   5585.37809968  
    9.42035546382   5933.36856506  
    9.45803734441   6320.56461057  
    9.49586959654   4563.98746789  
    9.53385282337   9152.66140455  
    9.57198825704   12691.0341068  
    9.61027589683   9415.35959093  
    9.64871699537   9806.53401451  
    9.68731219181   10606.6292606  
    9.72606148678   10056.4892547  
     9.7649655154   10453.0085096  
    9.80402557306   13476.6415786  
    9.84324166221   15231.1544304  
    9.88261443541    15355.918732  
    9.92214522171   14237.6901137  
    9.96183335024   15628.4497289  
    10.0016808383   18414.0663321  
     10.041687693   19572.8423192  
    10.0818545982   26428.7983061  
    10.1221815468   22163.4680801  
    10.1626706261   22086.8413245  
    10.2033211391   24096.3730356  
    10.2441344948   392580.534483  
