      wave_micron            flux_mjy  
  0.0151862453319                 0.0  
  0.0152415497594                 0.0  
  0.0153025154167                 0.0  
  0.0153637250122                 0.0  
   0.015425180221                 0.0  
  0.0154868810502                 0.0  
  0.0155488291952                 0.0  
  0.0156110246563                 0.0  
    0.01567346915                 0.0  
  0.0157361626703                 0.0  
  0.0157991069548                 0.0  
   0.015862303773                 0.0  
  0.0159257531313                 0.0  
  0.0159894550112                 0.0  
  0.0160534130204                 0.0  
  0.0161176271782                 0.0  
    0.01618209748                 0.0  
  0.0162468257657                 0.0  
  0.0163118139096                 0.0  
  0.0163770600225                 0.0  
  0.0164425678735                 0.0  
  0.0165083393984                 0.0  
  0.0165743726785                 0.0  
  0.0166406696301                 0.0  
  0.0167072322062                 0.0  
  0.0167740623974                 0.0  
  0.0168411572105                 0.0  
   0.016908522642                 0.0  
  0.0169761566919                 0.0  
  0.0170440613842                 0.0  
  0.0171122377454                 0.0  
  0.0171806857636                 0.0  
  0.0172494085612                 0.0  
  0.0173184061489                 0.0  
  0.0173876806522                 0.0  
  0.0174572310007                 0.0  
  0.0175270593267                 0.0  
  0.0175971678042                 0.0  
  0.0176675564402                 0.0  
  0.0177382274428                 0.0  
  0.0178091796948                 0.0  
  0.0178804165444                 0.0  
  0.0179519379969                 0.0  
  0.0180237463309                 0.0  
  0.0180958415518                 0.0  
  0.0181682248063                 0.0  
  0.0182408972502                 0.0  
  0.0183138612366                 0.0  
  0.0183871167722                 0.0  
  0.0184606650422                 0.0  
  0.0185345072419                 0.0  
  0.0186086458034                 0.0  
  0.0186830795002                 0.0  
  0.0187578120217                 0.0  
  0.0188328433799                 0.0  
   0.018908174824                 0.0  
  0.0189838076149                 0.0  
  0.0190597430247                 0.0  
  0.0191359823377                 0.0  
  0.0192125255433                 0.0  
  0.0192893765535                 0.0  
  0.0193665340651                 0.0  
  0.0194439993799                 0.0  
  0.0195217751624                 0.0  
  0.0195998627725                 0.0  
  0.0196782622126                 0.0  
  0.0197569748375                 0.0  
  0.0198360034085                 0.0  
  0.0199153465324                 0.0  
  0.0199950084036                 0.0  
  0.0200749890399                 0.0  
  0.0201552884287                 0.0  
  0.0202359094264                 0.0  
  0.0203168534892                 0.0  
  0.0203981206156                 0.0  
   0.020479713743                 0.0  
  0.0205616313812                 0.0  
  0.0206438779969                 0.0  
  0.0207264536059                 0.0  
  0.0208093597257                 0.0  
  0.0208925978913                 0.0  
  0.0209761680966                 0.0  
  0.0210600718742                 0.0  
  0.0211443123573                 0.0  
  0.0212288895558                 0.0  
  0.0213138050564                 0.0  
   0.021399060464                 0.0  
  0.0214846574026                 0.0  
  0.0215705958681                 0.0  
   0.021656877484                 0.0  
  0.0217435055676                 0.0  
  0.0218304801344                 0.0  
  0.0219178011671                 0.0  
  0.0220054720439                 0.0  
  0.0220934944899                 0.0  
  0.0221818685095                 0.0  
  0.0222705958296                 0.0  
  0.0223596781988                 0.0  
  0.0224491173879                 0.0  
  0.0225389133917                 0.0  
  0.0226290697965                 0.0  
  0.0227195847868                 0.0  
  0.0228104638233                 0.0  
  0.0229017050792                 0.0  
  0.0229933122501                 0.0  
  0.0230852853412                 0.0  
  0.0231776262249                 0.0  
  0.0232703367986                 0.0  
  0.0233634189851                 0.0  
  0.0234568727853                 0.0  
  0.0235507001277                 0.0  
  0.0236449029677                 0.0  
  0.0237394812916                 0.0  
  0.0238344410841                 0.0  
  0.0239297783475                 0.0  
  0.0240254970945                 0.0  
  0.0241215993701                 0.0  
  0.0242180851719                 0.0  
  0.0243149586469                 0.0  
   0.024412217708                 0.0  
  0.0245098665449                 0.0  
  0.0246079051568                 0.0  
   0.024706337828                 0.0  
  0.0248051624068                 0.0  
  0.0249043832227                 0.0  
  0.0250040002793                 0.0  
  0.0251040180052                 0.0  
  0.0252044341848                 0.0  
  0.0253052510271                 0.0  
  0.0254064730603                 0.0  
   0.025508098007                 0.0  
  0.0256101304453                 0.0  
  0.0257125703795                 0.0  
  0.0258154201345                 0.0  
  0.0259186820709                 0.0  
  0.0260223585857                 0.0  
  0.0261264472785                 0.0  
  0.0262309529415                 0.0  
  0.0263358755693                 0.0  
  0.0264412200677                 0.0  
  0.0265469839736                 0.0  
  0.0266531722503                 0.0  
   0.026759784909                 0.0  
  0.0268668244763                 0.0  
  0.0269742909428                 0.0  
  0.0270821894517                 0.0  
  0.0271905174168                 0.0  
  0.0272992800437                 0.0  
   0.027408477344                 0.0  
  0.0275181119692                 0.0  
  0.0276281839109                 0.0  
  0.0277386958433                 0.0  
  0.0278496504844                 0.0  
  0.0279610505974                 0.0  
    0.02807289341                 0.0  
  0.0281851844569                 0.0  
   0.028297926573                 0.0  
  0.0284111169242                 0.0  
  0.0285247611853                 0.0  
  0.0286388622665                 0.0  
  0.0287534172723                 0.0  
   0.028868429072                 0.0  
  0.0289839035587                 0.0  
  0.0290998407737                 0.0  
  0.0292162376922                 0.0  
  0.0293331033349                 0.0  
   0.029450437755                 0.0  
  0.0295682378656                 0.0  
  0.0296865097975                 0.0  
  0.0298052566889                 0.0  
  0.0299244785621                 0.0  
  0.0300441753939                 0.0  
  0.0301643535589                 0.0  
  0.0302850098474                 0.0  
  0.0304061507215                 0.0  
  0.0305277762053                 0.0  
  0.0306498862764                 0.0  
  0.0307724842184                 0.0  
  0.0308955767542                 0.0  
  0.0310191571473                 0.0  
  0.0311432355684                 0.0  
   0.031267808621                 0.0  
  0.0313928797303                 0.0  
  0.0315184488667                 0.0  
  0.0316445230436                 0.0  
  0.0317711023035                 0.0  
   0.031898186641                 0.0  
  0.0320257796335                 0.0  
  0.0321538812643                 0.0  
  0.0322824988477                 0.0  
  0.0324116287246                 0.0  
  0.0325412745672                 0.0  
  0.0326714401172                 0.0  
  0.0328021253768                 0.0  
  0.0329333341384                 0.0  
  0.0330650663953                 0.0  
  0.0331973259923                 0.0  
  0.0333301168478                 0.0  
  0.0334634350245                 0.0  
  0.0335972923954                 0.0  
  0.0337316790047                 0.0  
  0.0338666068614                 0.0  
  0.0340020739821                 0.0  
  0.0341380803297                 0.0  
  0.0342746341343                 0.0  
  0.0344117312592                 0.0  
  0.0345493800619                 0.0  
  0.0346875763345                 0.0  
  0.0348263264174                 0.0  
  0.0349656324733                 0.0  
   0.035105494499                 0.0  
  0.0352459168363                 0.0  
   0.035386899479                 0.0  
  0.0355284490714                 0.0  
  0.0356705611534                 0.0  
  0.0358132446918                 0.0  
  0.0359564974426                 0.0  
  0.0361003239563                 0.0  
  0.0362447242236                 0.0  
  0.0363897028683                 0.0  
  0.0365352622447                 0.0  
  0.0366814023445                 0.0  
  0.0368281279061                 0.0  
  0.0369754413435                 0.0  
   0.037123342652                 0.0  
  0.0372718366889                 0.0  
  0.0374209234529                 0.0  
  0.0375706078835                 0.0  
  0.0377208899839                 0.0  
  0.0378717722387                 0.0  
  0.0380232597152                 0.0  
  0.0381753524251                 0.0  
  0.0383280555238                 0.0  
  0.0384813664089                 0.0  
  0.0386352929064                 0.0  
  0.0387898350439                 0.0  
  0.0389449927899                 0.0  
  0.0391007741739                 0.0  
  0.0392571765096                 0.0  
  0.0394142052156                 0.0  
  0.0395718630527                 0.0  
   0.039730150015                 0.0  
   0.039889068853                 0.0  
  0.0400486251849                 0.0  
  0.0402088218867                 0.0  
  0.0403696560937                 0.0  
  0.0405311335129                 0.0  
  0.0406932599743                 0.0  
  0.0408560325667                 0.0  
  0.0410194571599                 0.0  
  0.0411835337443                 0.0  
  0.0413482683014                 0.0  
  0.0415136608397                 0.0  
  0.0416797143802                 0.0  
  0.0418464350782                 0.0  
  0.0420138198473                 0.0  
  0.0421818748882                 0.0  
  0.0423506033619                 0.0  
  0.0425200052653                 0.0  
  0.0426900869832                 0.0  
  0.0428608452837                 0.0  
  0.0430322898797                 0.0  
  0.0432044175118                 0.0  
  0.0433772347439                 0.0  
  0.0435507449271                 0.0  
  0.0437249480686                 0.0  
   0.043899847521                 0.0  
  0.0440754466782                 0.0  
   0.044251748976                 0.0  
  0.0444287543985                 0.0  
  0.0446064699073                 0.0  
  0.0447848955181                 0.0  
  0.0449640383375                 0.0  
  0.0451438911989                 0.0  
  0.0453244684591                 0.0  
  0.0455057665374                 0.0  
  0.0456877890588                 0.0  
  0.0458705396955                 0.0  
  0.0460540221685                 0.0  
  0.0462382402479                 0.0  
  0.0464231901229                 0.0  
  0.0466088831745                 0.0  
  0.0467953194487                 0.0  
  0.0469825028285                 0.0  
  0.0471704293711                 0.0  
  0.0473591147907                 0.0  
   0.047548551218                 0.0  
  0.0477387425614                 0.0  
  0.0479296968511                 0.0  
   0.048121418203                 0.0  
  0.0483139025256                 0.0  
  0.0485071580195                 0.0  
  0.0487011888768                 0.0  
  0.0488959908834                 0.0  
  0.0490915766829                 0.0  
  0.0492879420471                 0.0  
  0.0494850955426                 0.0  
  0.0496830328255                 0.0  
  0.0498817669577                 0.0  
  0.0500812935832                 0.0  
  0.0502816170811                 0.0  
  0.0504827464078                 0.0  
  0.0506846770853                 0.0  
  0.0508874135835                 0.0  
  0.0510909650607                 0.0  
  0.0512953269164                 0.0  
  0.0515005084112                 0.0  
  0.0517065095584                 0.0  
  0.0519133398359                 0.0  
  0.0521209897077                 0.0  
  0.0523294734927                 0.0  
  0.0525387912309                 0.0  
   0.052748947809                 0.0  
  0.0529599432243                 0.0  
  0.0531717823989                 0.0  
  0.0533844703326                 0.0  
  0.0535980070184                 0.0  
  0.0538124026211                 0.0  
  0.0540276520462                 0.0  
  0.0542437603713                 0.0  
  0.0544607380071                 0.0  
  0.0546785797359                 0.0  
  0.0548972960957                 0.0  
  0.0551168817443                 0.0  
  0.0553373527706                 0.0  
  0.0555586983713                 0.0  
  0.0557809348548                 0.0  
  0.0560040567579                 0.0  
  0.0562280751482                 0.0  
  0.0564529844364                 0.0  
  0.0566787958303                 0.0  
  0.0569055150795                 0.0  
  0.0571331364721                 0.0  
  0.0573616656758                 0.0  
  0.0575911143271                 0.0  
  0.0578214765912                 0.0  
  0.0580527642567                 0.0  
  0.0582849773746                 0.0  
  0.0585181159072                 0.0  
  0.0587521858386                 0.0  
  0.0589871994171                 0.0  
  0.0592231443552                 0.0  
  0.0594600391771                 0.0  
  0.0596978776747                 0.0  
  0.0599366724289                 0.0  
  0.0601764171007                 0.0  
  0.0604171244428                 0.0  
  0.0606587944978                 0.0  
  0.0609014272165                 0.0  
   0.061145029075                 0.0  
  0.0613896133384                 0.0  
  0.0616351734263                 0.0  
  0.0618817092309                 0.0  
  0.0621292410506                 0.0  
  0.0623777552976                 0.0  
  0.0626272656272                 0.0  
  0.0628777720403                 0.0  
   0.063129288554                 0.0  
  0.0633818010893                 0.0  
  0.0636353308644                 0.0  
   0.063889870777                 0.0  
  0.0641454352523                 0.0  
  0.0644020170518                 0.0  
  0.0646596234095                 0.0  
   0.064918261695                 0.0  
  0.0651779318951                 0.0  
   0.065438641478                 0.0  
  0.0657003980535                 0.0  
  0.0659632016714                 0.0  
  0.0662270522815                 0.0  
  0.0664919653869                 0.0  
   0.066757933217                 0.0  
  0.0670249635555                 0.0  
  0.0672930643361                 0.0  
  0.0675622355631                 0.0  
   0.067832481211                 0.0  
  0.0681038134915                 0.0  
  0.0683762283497                 0.0  
   0.068649734011                 0.0  
  0.0689243304506                 0.0  
  0.0692000302551                 0.0  
  0.0694768292185                 0.0  
  0.0697547358146                 0.0  
  0.0700337543427                 0.0  
  0.0703138891334                 0.0  
  0.0705951445493                 0.0  
  0.0708775249857                 0.0  
  0.0711610348713                 0.0  
  0.0714456786688                 0.0  
  0.0717314654303                 0.0  
  0.0720183906152                 0.0  
   0.072306463311                 0.0  
  0.0725956881234                 0.0  
  0.0728860696955                 0.0  
  0.0731776174494                 0.0  
  0.0734703266627                 0.0  
  0.0737642067987                 0.0  
  0.0740592626587                 0.0  
  0.0743554990853                 0.0  
  0.0746529258973                 0.0  
  0.0749515332222                 0.0  
   0.075251340833                 0.0  
  0.0755523488135                 0.0  
  0.0758545571332                 0.0  
  0.0761579759141                 0.0  
  0.0764626051371                 0.0  
  0.0767684551004                 0.0  
  0.0770755310579                 0.0  
  0.0773838330132                 0.0  
   0.077693366195                 0.0  
  0.0780041412693                 0.0  
   0.078316158267                 0.0  
   0.078629422573                 0.0  
  0.0789439396258                 0.0  
   0.079259714919                 0.0  
  0.0795767540021                 0.0  
  0.0798950624814                 0.0  
  0.0802146403258                 0.0  
  0.0805354988643                 0.0  
  0.0808576438804                 0.0  
  0.0811810753857                 0.0  
  0.0815057991484                 0.0  
  0.0818318209987                 0.0  
  0.0821591468305                 0.0  
  0.0824877826019                 0.0  
   0.082817734337                 0.0  
  0.0831490081274                 0.0  
  0.0834816039632                 0.0  
  0.0838155279262                 0.0  
  0.0841507924355                 0.0  
  0.0844873975438                 0.0  
  0.0848253431751                 0.0  
  0.0851646483849                 0.0  
  0.0855053068237                 0.0  
  0.0858473248539                 0.0  
  0.0861907154896                 0.0  
  0.0865354787741                 0.0  
  0.0868816213016                 0.0  
  0.0872291430099                 0.0  
  0.0875780640725                 0.0  
  0.0879283778012                 0.0  
  0.0882800909551                 0.0  
  0.0886332103769                 0.0  
   0.088987742995                 0.0  
  0.0893436887586                 0.0  
  0.0897010688489                 0.0  
  0.0900598690908                 0.0  
  0.0904201109028                 0.0  
  0.0907817943694                 0.0  
  0.0911449194373                 0.0  
  0.0915095007394                 0.0  
  0.0918755382958                 0.0  
  0.0922430395187                 0.0  
  0.0926120119188                 0.0  
  0.0929824554535                 0.0  
  0.0933543853675                 0.0  
  0.0937278094776                 0.0  
  0.0941027200284                 0.0  
  0.0944791246749                 0.0  
  0.0948570471081                 0.0  
  0.0952364714898                 0.0  
  0.0956174217934                 0.0  
  0.0959998899854                 0.0  
  0.0963838840736                 0.0  
  0.0967694204686                 0.0  
  0.0971564992491                 0.0  
  0.0975451287698                 0.0  
  0.0979353090143                 0.0  
  0.0983270483749                 0.0  
  0.0987203553653                 0.0  
  0.0991152386231                 0.0  
  0.0995116981457                 0.0  
  0.0999097426147                 0.0  
    0.10030938084                 0.0  
   0.100710621762                 0.0  
   0.101113465403                 0.0  
   0.101517920754                 0.0  
   0.101923987748                 0.0  
   0.102331684696                 0.0  
   0.102741011658                 0.0  
   0.103151977956                 0.0  
   0.103564583561                 0.0  
   0.103978847424                 0.0  
   0.104394760008                 0.0  
   0.104812340481                 0.0  
   0.105231588867                 0.0  
   0.105652514907                 0.0  
   0.106075128499                 0.0  
   0.106499419612                 0.0  
   0.106925418218                 0.0  
   0.107353124484                 0.0  
   0.107782538416                 0.0  
   0.108213670222                 0.0  
   0.108646519823                 0.0  
   0.109081108043                 0.0  
   0.109517434971                 0.0  
   0.109955500532                 0.0  
   0.110395326059                 0.0  
   0.110836900777                 0.0  
   0.111280257246                 0.0  
   0.111725373653                 0.0  
   0.112172271863                 0.0  
   0.112620963053                 0.0  
   0.113071447266                 0.0  
   0.113523735783                 0.0  
   0.113977828572                 0.0  
   0.114433737023                 0.0  
   0.114891472716                 0.0  
    0.11535103565                 0.0  
   0.115812449396                 0.0  
   0.116275690229                 0.0  
   0.116740793807                 0.0  
   0.117207760277                 0.0  
   0.117676589609                 0.0  
   0.118147293948                 0.0  
   0.118619885655                 0.0  
   0.119094364748                 0.0  
   0.119570743719                 0.0  
   0.120049022526                 0.0  
    0.12052922666                 0.0  
   0.121011343361                 0.0  
   0.121495385402                 0.0  
   0.121981365789                 0.0  
   0.122469297759                 0.0  
   0.122959168018                 0.0  
   0.123451003131                 0.0  
   0.123944816734                 0.0  
   0.124440595291                 0.0  
   0.124938352277                 0.0  
   0.125438101413                 0.0  
   0.125939856671                 0.0  
   0.126443618128                 0.0  
   0.126949385666                 0.0  
   0.127457187735                 0.0  
   0.127967024514                 0.0  
   0.128478881376                 0.0  
   0.128992801948                 0.0  
   0.129508771677                 0.0  
   0.130026805273                 0.0  
   0.130546917724                 0.0  
    0.13106910909                 0.0  
   0.131593379236                 0.0  
   0.132119758725                 0.0  
   0.132648232174                 0.0  
   0.133178830608                 0.0  
   0.133711538364                 0.0  
   0.134246386932                 0.0  
   0.134783368412                 0.0  
   0.135322506858                 0.0  
   0.135863794217                 0.0  
    0.13640724667                 0.0  
   0.136952880717                 0.0  
   0.137500688072                 0.0  
   0.138050693715                 0.0  
   0.138602897709                 0.0  
   0.139157308481                 0.0  
   0.139713934513                 0.0  
   0.140272793062                 0.0  
   0.140833884164                 0.0  
   0.141397216493                 0.0  
   0.141962807704                 0.0  
   0.142530657824                 0.0  
   0.143100784789                 0.0  
    0.14367318862                 0.0  
   0.144247878329                 0.0  
   0.144824872283                 0.0  
   0.145404170505                 0.0  
   0.145985782226                 0.0  
   0.146569726264                 0.0  
   0.147156012234                 0.0  
   0.147744630509                 0.0  
   0.148335609884                 0.0  
   0.148928950407                 0.0  
   0.149524671689                 0.0  
   0.150122763818                 0.0  
   0.150723256556                 0.0  
   0.151326149986                 0.0  
   0.151931454179                 0.0  
   0.152539179298                 0.0  
   0.153149335602                 0.0  
   0.153761933445                 0.0  
    0.15437698328                 0.0  
   0.154994495661                 0.0  
   0.155614470527                 0.0  
   0.156236929183                 0.0  
   0.156861871606                 0.0  
   0.157489319487                 0.0  
   0.158119283907                 0.0  
   0.158751753754                 0.0  
   0.159386762292                 0.0  
   0.160024309612                 0.0  
   0.160664406987                 0.0  
   0.161307065808                 0.0  
   0.161952297587                 0.0  
   0.162600102255                 0.0  
   0.163250503087                 0.0  
   0.163903500077                 0.0  
   0.164559116943                 0.0  
   0.165217353748                 0.0  
   0.165878222483                 0.0  
   0.166541735275                 0.0  
   0.167207904386                 0.0  
   0.167876742216                 0.0  
   0.168548248734                 0.0  
   0.169222436325                 0.0  
   0.169899330296                 0.0  
   0.170578917867                 0.0  
   0.171261237522                 0.0  
   0.171946289458                 0.0  
   0.172634073617                 0.0  
   0.173324602972                 0.0  
   0.174017904054                 0.0  
   0.174713976962                 0.0  
   0.175412835149                 0.0  
   0.176114478504                 0.0  
   0.176818948161                 0.0  
   0.177526216562                 0.0  
   0.178236325294                 0.0  
   0.178949274492                 0.0  
   0.179665064019                 0.0  
   0.180383722267                 0.0  
    0.18110526375                 0.0  
   0.181829673902                 0.0  
   0.182556996418                 0.0  
   0.183287231512                 0.0  
   0.184020379125                 0.0  
    0.18475645402                 0.0  
   0.185495486389                 0.0  
   0.186237461056                 0.0  
   0.186982408495                 0.0  
   0.187730344282                 0.0  
   0.188481268478                 0.0  
    0.18923519671                 0.0  
    0.18999212884                 0.0  
   0.190752096649                 0.0  
   0.191515116419                 0.0  
    0.19228117193                 0.0  
   0.193050295632                 0.0  
   0.193822487473                 0.0  
   0.194597780629                 0.0  
   0.195376175252                 0.0  
   0.196157688231                 0.0  
   0.196942319531                 0.0  
    0.19773008612                 0.0  
   0.198521005214                 0.0  
   0.199315094279                 0.0  
   0.200112353314                 0.0  
    0.20091279988                 0.0  
   0.201716451797                 0.0  
   0.202523308997                 0.0  
   0.203333407701                 0.0  
   0.204146748093                 0.0  
   0.204963330048                 0.0  
   0.205783171868                 0.0  
   0.206606311029                 0.0  
   0.207432728761                 0.0  
   0.208262462965                 0.0  
   0.209095513742                 0.0  
   0.209931900383                 0.0  
   0.210771622814                 0.0  
   0.211614720282                 0.0  
   0.212461173033                 0.0  
   0.213311020775                 0.0  
   0.214164263564                 0.0  
   0.215020921596                 0.0  
   0.215880994763                 0.0  
    0.21674452421                 0.0  
   0.217611510156                 0.0  
   0.218481952493                 0.0  
   0.219355872072                 0.0  
   0.220233311555                 0.0  
   0.221114228075                 0.0  
   0.221998686117                 0.0  
   0.222886685943                 0.0  
   0.223778227476                 0.0  
   0.224673354985                 0.0  
   0.225572046251                 0.0  
   0.226474323402                 0.0  
   0.227380231819                 0.0  
   0.228289748794                 0.0  
   0.229202897043                 0.0  
   0.230119723105                 0.0  
   0.231040203786                 0.0  
   0.231964362419                 0.0  
   0.232892222738                 0.0  
   0.233823784687                 0.0  
   0.234759072245                 0.0  
   0.235698109808                 0.0  
   0.236640897408                 0.0  
   0.237587459704                 0.0  
   0.238537821784                 0.0  
   0.239491983793                 0.0  
   0.240449945509                 0.0  
   0.241411732136                 0.0  
   0.242377395329                 0.0  
   0.243346883189                 0.0  
    0.24432027388                 0.0  
   0.245297567815                 0.0  
   0.246278765038                 0.0  
    0.24726386522                 0.0  
   0.248252922202                 0.0  
   0.249245936192                 0.0  
   0.250242934734                 0.0  
   0.251243889998                 0.0  
   0.252248857367                 0.0  
   0.253257865238                 0.0  
   0.254270885298                 0.0  
   0.255287974471                 0.0  
   0.256309132972                 0.0  
   0.257334360629                 0.0  
   0.258363715964                 0.0  
   0.259397169641                 0.0  
   0.260434751023                 0.0  
   0.261476490028                 0.0  
   0.262522386629                 0.0  
   0.263572471153                 0.0  
   0.264626774498                 0.0  
   0.265685265663                 0.0  
   0.266748006725                 0.0  
   0.267814997867                 0.0  
   0.268886270863                 0.0  
   0.269961825843                 0.0  
   0.271041662523                 0.0  
   0.272125829369                 0.0  
   0.273214342954                 0.0  
   0.274307186659                 0.0  
   0.275404426841                 0.0  
   0.276506046976                 0.0  
   0.277612063688                 0.0  
   0.278722510916                 0.0  
   0.279837405931                 0.0  
   0.280956748664                 0.0  
   0.282080573835                 0.0  
     0.2832088991                 0.0  
   0.284341742253                 0.0  
   0.285479103186                 0.0  
   0.286621017715                 0.0  
    0.28776750405                 0.0  
   0.288918580543                 0.0  
   0.290074247075                 0.0  
   0.291234540623                 0.0  
   0.292399479992                 0.0  
   0.293569084143                 0.0  
   0.294743352973                 0.0  
   0.295922324686                 0.0  
   0.297106018732                 0.0  
    0.29829443504                 0.0  
    0.29948761278                 0.0  
   0.300685571921                 0.0  
   0.301888312441                 0.0  
    0.30309587452                 0.0  
   0.304308258181                 0.0  
   0.305525483642                 0.0  
   0.306747592131                 0.0  
   0.307974583754                 0.0  
   0.309206479307                 0.0  
   0.310443299785                 0.0  
   0.311685066389                 0.0  
   0.312931822196                 0.0  
   0.314183545656                 0.0  
   0.315440280101                 0.0  
   0.316702047589                 0.0  
   0.317968848024                 0.0  
   0.319240725932                 0.0  
   0.320517681318                 0.0  
    0.32179975953                 0.0  
   0.323086960685                 0.0  
   0.324379307693                 0.0  
   0.325676823708                 0.0  
   0.326979532134                 0.0  
   0.328287432778                 0.0  
   0.329600597068                 0.0  
   0.330919001291                 0.0  
   0.332242669315                 0.0  
   0.333571649902                 0.0  
   0.334905918403                 0.0  
   0.336245548955                 0.0  
   0.337590541904                 0.0  
   0.338940897082                 0.0  
   0.340296665061                 0.0  
   0.341657845854                 0.0  
   0.343024491036                 0.0  
   0.344396574568                 0.0  
   0.345774174887                 0.0  
   0.347157265742                 0.0  
   0.348545900161                 0.0  
   0.349940078147                 0.0  
   0.351339826487                 0.0  
   0.352745199837                 0.0  
   0.354156170793                 0.0  
   0.355572794473                 0.0  
   0.356995099023                 0.0  
   0.358423056085                 0.0  
   0.359856750479                 0.0  
   0.361296182545                 0.0  
   0.362741381197                 0.0  
   0.364192346371                 0.0  
   0.365649107033                 0.0  
   0.367111692529                 0.0  
   0.368580162657                 0.0  
   0.370054457347                 0.0  
   0.371534697329                 0.0  
   0.373020821886                 0.0  
   0.374512922982                 0.0  
   0.376010969812                 0.0  
   0.377514993083                 0.0  
   0.379025055715                 0.0  
   0.380541157981                 0.0  
    0.38206333188                 0.0  
   0.383591577294                 0.0  
   0.385125959166                 0.0  
   0.386666444678                 0.0  
   0.388213132782                 0.0  
   0.389765956915                 0.0  
   0.391325051123                 0.0  
   0.392890348197                 0.0  
   0.394461915901                 0.0  
   0.396039754161                 0.0  
   0.397623897285                 0.0  
   0.399214415358                 0.0  
   0.400811273444                 0.0  
   0.402414506544                 0.0  
   0.404024150177                 0.0  
   0.405640240394                 0.0  
   0.407262813787                 0.0  
   0.408891870496                 0.0  
    0.41052744734                 0.0  
   0.412169544098                 0.0  
   0.413818235712                 0.0  
   0.415473484303                 0.0  
   0.417135404168                 0.0  
   0.418803918566                 0.0  
   0.420479143282                 0.0  
    0.42216107887                 0.0  
   0.423849725244                 0.0  
    0.42554512175                 0.0  
   0.427247308353                 0.0  
   0.428956284932                 0.0  
   0.430672091755                 0.0  
   0.432394811114                 0.0  
   0.434124360447                 0.0  
   0.435860864087                 0.0  
   0.437604322571                 0.0  
   0.439354735776                 0.0  
   0.441112145969                 0.0  
    0.44287659611                 0.0  
   0.444648086107                 0.0  
   0.446426703405                 0.0  
   0.448212404196                 0.0  
   0.450005232208                 0.0  
   0.451805277075                 0.0  
    0.45361249401                 0.0  
   0.455426927892                 0.0  
    0.45724867063                 0.0  
    0.45907762982                 0.0  
    0.46091394446                 0.0  
   0.462757615155                 0.0  
   0.464608641808                 0.0  
   0.466467071771                 0.0  
   0.468332953209                 0.0  
   0.470206286192                 0.0  
   0.472087119393                 0.0  
   0.473975452618                 0.0  
   0.475871335061                 0.0  
   0.477774816778                 0.0  
    0.47968594871                 0.0  
   0.481604680029                 0.0  
   0.483531112768                 0.0  
   0.485465247193   4.79561494776e-11  
   0.487407082836                 0.0  
    0.48935672447                 0.0  
   0.491314119229                 0.0  
   0.493279373346                 0.0  
   0.495252541446                 0.0  
   0.497233514987                 0.0  
   0.499222456958                 0.0  
   0.501219368051                 0.0  
   0.503224248203                 0.0  
   0.505237153073                 0.0  
   0.507258082401                 0.0  
   0.509287092547                 0.0  
   0.511324240917                 0.0  
   0.513369527656   4.89766129351e-11  
    0.51542301092   5.42916470583e-11  
   0.517484749951                 0.0  
   0.519554685619                 0.0  
    0.52163287653                 0.0  
   0.523719382401   4.99549374306e-11  
   0.525814264075                 0.0  
   0.527917521869                 0.0  
    0.53002921747                 0.0  
   0.532149351069                 0.0  
   0.534277922046                 0.0  
   0.536415056314   5.46768882699e-11  
   0.538560690453   5.45741667421e-11  
   0.540714952292                 0.0  
   0.542877809892   5.17959971912e-11  
   0.545049328073                 0.0  
   0.547229506639                 0.0  
    0.54941844476                 0.0  
   0.551616109283                 0.0  
   0.553822566959   1.11431225002e-10  
   0.556037851638   5.36016378436e-11  
   0.558261997412                 0.0  
   0.560495073378   5.40296720974e-11  
   0.562737044876   5.37208938074e-11  
   0.564987981235   1.08713271061e-10  
   0.567247953161   1.08668586578e-10  
   0.569516925098   1.16096218283e-10  
   0.571795004185                 0.0  
    0.57408219074   1.72065324218e-10  
   0.576378520968   1.11503053618e-10  
   0.578684031361   2.25592942336e-10  
   0.580998758706   3.93736395045e-10  
    0.58332274009   1.67941862794e-10  
   0.585656050859   1.15843932664e-10  
   0.587998653113   1.13081274676e-10  
   0.590350661093   2.27463429948e-10  
   0.592712075199   1.20001134209e-10  
   0.595082894929   1.20107449604e-10  
   0.597463237368   1.18930430294e-10  
   0.599853103008   2.41234621248e-10  
   0.602252491434   2.94083837603e-10  
   0.604661522677   2.39443260941e-10  
   0.607080156581   1.15532852022e-10  
   0.609508474096   1.83567435793e-10  
   0.611946516412   1.25213077968e-10  
   0.614394325111   3.08542775969e-10  
   0.616851900062   2.53336232397e-10  
   0.619319282636   2.45006759755e-10  
   0.621796557381    1.2615299437e-10  
   0.624283767493    3.8033195583e-10  
   0.626780869656   6.48002253603e-10  
   0.629287993483   5.29875236438e-10  
    0.63180518347   3.30726783849e-10  
   0.634332395511   3.81833809323e-10  
   0.636869717762   2.64991765067e-10  
   0.639417195011   3.96902029603e-10  
   0.641974872512   8.84772460123e-10  
   0.644542750024   9.44567292182e-10  
   0.647120918993   4.79591763056e-10  
   0.649709426118   6.13600921415e-10  
   0.652308271514    8.8684991204e-10  
   0.654917501763   3.40298276233e-10  
   0.657537163955   4.70660241871e-10  
   0.660167305694   4.83285947559e-10  
    0.66280797511   2.89788054989e-10  
   0.665459220872   6.76975493395e-11  
   0.668121042799   2.13820974415e-10  
    0.67079353927    4.4073546031e-10  
   0.673476710427                 0.0  
   0.676170605981   1.43234185597e-10  
   0.678875276214   1.39081383247e-10  
   0.681590771994   2.89123409251e-10  
   0.684317144785   2.05089336866e-10  
   0.687054446662   2.11985547821e-10  
    0.68980262501    6.9668592638e-11  
   0.692561836779    1.4535548197e-10  
   0.695332082421   1.53955170955e-10  
   0.698113415263    3.0425980301e-10  
   0.700905889283   1.52608646742e-10  
   0.703709504325    3.8925235552e-10  
   0.706524369631   7.77376582135e-11  
   0.709350429842   3.24159925257e-10  
   0.712187851239   1.55010808181e-10  
   0.715036578075   2.29892137257e-10  
   0.717896722797   8.70090862662e-11  
   0.720768342898   3.23618625895e-10  
   0.723651380715    1.6502659122e-10  
   0.726546009278   2.23974300601e-10  
    0.72945217056   2.50737720061e-10  
   0.732369981607   1.67739662619e-10  
   0.735299502293   4.10414804735e-10  
   0.738240672671   3.13949223996e-10  
   0.741193612111   3.11211311863e-10  
   0.744158442711   1.56531010181e-10  
   0.747135042275   7.38327202856e-11  
   0.750123594847   1.57946574279e-10  
   0.753124100979   2.56767748851e-10  
   0.756136560078   3.17269075059e-10  
   0.759161097933    3.1703046649e-10  
    0.76219777895   4.99765883152e-10  
   0.765246538827   2.52839268062e-10  
   0.768307571306   3.14739480654e-10  
   0.771380745977   2.51886054742e-10  
   0.774466325285   2.64509395326e-10  
   0.777564177525   3.20527032091e-10  
    0.78067443531   1.74498766734e-10  
   0.783797098384   1.59669186425e-10  
   0.786932302339   2.26645242467e-10  
   0.790080047785   3.28717376576e-10  
   0.793240334132   7.52812703262e-11  
   0.796413299943    4.1335128382e-10  
   0.799598945532   1.73979194056e-10  
   0.802797341314   3.29704957671e-10  
   0.806008558748   2.73870917081e-10  
   0.809232597891   1.58766570755e-10  
    0.81246953061   3.35314691515e-10  
   0.815719429854   1.64315515761e-10  
    0.81898229545   3.14510131069e-10  
   0.822258200786   8.47544234632e-10  
   0.825547220369   3.29061463238e-10  
   0.828849429845   5.23072430555e-10  
   0.832164829396    1.6541539207e-10  
   0.835493495177   3.51775740768e-10  
   0.838835426658   6.94523091612e-10  
   0.842190778997   3.58106118635e-10  
    0.84555955283   7.68307187086e-10  
   0.848941827263   4.31602853926e-10  
   0.852337602258   1.14924380222e-09  
    0.85574695751   1.06495237841e-09  
   0.859169892294   6.32404184153e-10  
   0.862606569239    1.0631298103e-09  
   0.866056988902   8.99155196881e-10  
   0.869521234191   8.30631772941e-10  
   0.872999305016   2.75783249181e-10  
   0.876491284963    8.4893734498e-10  
   0.879997258979   4.79570652516e-10  
   0.883517313402   1.05004562379e-09  
   0.887051361841    1.4354492019e-09  
    0.89059957708   7.74647610083e-10  
   0.894161959174   1.44886431929e-09  
   0.897738595996   1.09412982955e-09  
   0.901329576884   6.00669614769e-10  
   0.904934902051   7.95797857394e-10  
    0.90855457033   3.82475188021e-10  
   0.912188855376   5.08841739751e-10  
    0.91583757419   1.46489672959e-09  
   0.919500910695   1.40538210187e-09  
    0.92317895905   9.36491099211e-10  
   0.926871624892   1.01412016365e-09  
   0.930579096884    2.0247060873e-09  
   0.934301471767   8.98441353917e-10  
   0.938038653215   8.00794472835e-10  
   0.941790834809   3.11812723819e-10  
   0.945558017068   6.01007286753e-10  
   0.949340199073   9.94656310806e-11  
   0.953137579495    2.1144657622e-10  
   0.956950159285   1.11781962669e-10  
   0.960777937946   6.15189709024e-10  
   0.964621016469   2.18261877075e-10  
   0.968479497641   4.26124390776e-10  
   0.972353486075   3.07346745282e-10  
    0.97624287733   2.24097438177e-10  
   0.980147774721   1.12628733518e-10  
   0.984068390582    3.1750293432e-10  
   0.988004726545   1.01366164079e-10  
   0.991956673874   3.38640766361e-10  
   0.995924557853   3.19754338272e-10  
    0.99990827019   3.45769679303e-10  
     1.0039079206                 0.0  
    1.00792350839   9.89337683174e-11  
    1.01195514463                 0.0  
    1.01600305669   3.38902867671e-10  
    1.02006701708   4.33522391962e-10  
     1.0241472537    2.2230353606e-10  
    1.02824388327   1.07135975457e-10  
    1.03235690673   4.40564412666e-10  
    1.03648632346   1.19081439302e-10  
    1.04063225109    2.2919602461e-10  
    1.04479480945    1.1868835494e-10  
    1.04897399887                 0.0  
     1.0531698181   4.44062471706e-10  
    1.05738251166   3.41765200091e-10  
    1.06161208096   1.10798947087e-10  
    1.06585852578   3.55324901686e-10  
    1.07012197099    2.3570961128e-10  
    1.07440241613   1.24596996142e-10  
    1.07870005221   3.34148454275e-10  
    1.08301481519   1.28513124918e-10  
    1.08734689895   2.25459557341e-10  
    1.09169630414   2.20391887018e-10  
    1.09606302978   1.13203038387e-10  
    1.10044734116   2.67555383977e-10  
    1.10484910523                 0.0  
    1.10926852335   1.23277725672e-10  
     1.1137055958   1.13202036619e-10  
    1.11816039035      1.11768589e-10  
    1.12263304497    1.1642617936e-10  
    1.12712355978   4.89485769916e-10  
    1.13163207491   1.14373588162e-10  
    1.13615859041   1.29234508854e-10  
    1.14070324858   4.88256417308e-10  
    1.14526604943    1.2729448029e-10  
    1.14984706437   3.61952324046e-10  
    1.15444651285   3.87470106302e-10  
    1.15906424797   1.17261317914e-10  
    1.16370056586   1.27358994669e-10  
    1.16835531727   1.29857349418e-10  
    1.17302872701   6.36415756851e-10  
    1.17772087188   3.94583501069e-10  
    1.18243175198                 0.0  
    1.18716144357   4.92206665747e-10  
    1.19191010218   4.98241295992e-10  
    1.19667772807   4.71366304994e-10  
     1.2014644794   2.73593053862e-10  
    1.20627035656   6.25403679332e-10  
    1.21109543928   3.98922058912e-10  
      1.215939808     3.874018505e-10  
    1.22080354391   5.07689019585e-10  
    1.22568681206   1.03285943752e-09  
     1.2305895296   2.47290221424e-10  
    1.23551186248    9.8906692957e-10  
    1.24045389501   8.75561229111e-10  
     1.2454157123   3.85256682702e-10  
     1.2503974003   6.51121167688e-10  
    1.25539895864   6.61119448153e-10  
    1.26042056078   4.95222844127e-10  
    1.26546229526   2.60532880577e-10  
    1.27052416224   2.58331087657e-10  
    1.27560624992   6.90508462743e-10  
    1.28070864744   5.56237461446e-10  
    1.28583144485   1.06854785728e-09  
    1.29097482537   6.60428089141e-10  
    1.29613869727   8.04070001838e-10  
    1.30132324497   3.17588062477e-10  
    1.30652856241   8.38417850809e-10  
    1.31175464935   4.28210925241e-10  
    1.31700169547   4.50812590183e-10  
     1.3222697011   2.77848243847e-10  
    1.32755876203   1.53909707887e-09  
    1.33286897515   4.09271810044e-10  
    1.33820043842   7.35742051414e-10  
    1.34355325091     1.057900061e-09  
    1.34892751285   3.00140156274e-10  
    1.35432322412   7.32974533678e-10  
    1.35974048482   6.25135791712e-10  
    1.36517949934   1.55496062854e-09  
    1.37064016475   4.46701879709e-10  
      1.376122687   4.61941780325e-10  
    1.38162727663                 0.0  
    1.38715372296   6.20496647978e-10  
    1.39270234299   6.31067528491e-10  
    1.39827313727   5.96055611177e-10  
    1.40386621331   4.58660017488e-10  
    1.40948167992   4.73715677343e-10  
    1.41511964725    1.2758022741e-09  
    1.42078011516   2.94794123625e-10  
    1.42646319391    7.8610246635e-10  
    1.43216910863                 0.0  
    1.43789774632   3.09498602697e-10  
    1.44364933409    3.0051686188e-10  
    1.44942398792   6.28144651483e-10  
    1.45522170815   1.74723415168e-10  
    1.46104249287    5.1625568901e-10  
     1.4668866951   1.65806570762e-10  
    1.47275431694   1.53718630319e-10  
    1.47864523734   3.23578686497e-10  
    1.48455981683   4.81687599772e-10  
    1.49049805659                 0.0  
    1.49646007942   1.67470283095e-10  
    1.50244588491   3.03743210917e-10  
    1.50845572211                 0.0  
    1.51448959202                 0.0  
    1.52054749331   3.16790068748e-10  
     1.5266296802   1.50267433811e-10  
    1.53273615283   6.72376656773e-10  
    1.53886717105   1.63726975102e-10  
    1.54502260448   5.09841828149e-10  
    1.55120271558   3.15435579067e-10  
    1.55740750452   1.59535889735e-10  
    1.56363710436                 0.0  
    1.56989165006   4.74956770122e-10  
    1.57617127854    1.6212739033e-10  
    1.58247599015   3.13082027857e-10  
    1.58880592249   1.61977930903e-10  
    1.59516107439   3.30893207305e-10  
    1.60154172603   1.07710846173e-09  
    1.60794787812   3.25245795762e-10  
    1.61437967308                 0.0  
    1.62083725547   1.87285886346e-10  
    1.62732047899   3.30359445301e-10  
    1.63382978091   5.11390986445e-10  
     1.6403651635                 0.0  
    1.64692662655   8.56282855633e-10  
    1.65351431859   1.03989596214e-09  
    1.66012839044   1.22090935354e-09  
    1.66676884154   1.62878845667e-10  
    1.67343597864   3.39577750309e-10  
    1.68012964726   5.37437797931e-10  
     1.6868501577    3.7200239938e-10  
    1.69359766897    1.0842725353e-09  
    1.70037202268   1.02550826941e-09  
    1.70717353647   8.75583146317e-10  
    1.71400221054   7.21559240864e-10  
    1.72085820633    1.5755810963e-09  
    1.72774168785   5.27890450465e-10  
    1.73465265526   5.24719066074e-10  
    1.74159127391   1.75014063001e-10  
    1.74855754262   1.08598341417e-09  
    1.75555179861   9.15884395963e-10  
    1.76257404347   1.12973340248e-09  
    1.76962427614   1.60158735609e-09  
    1.77670284213   1.28650256301e-09  
    1.78380956722   1.26537340262e-09  
    1.79094480125   1.85363175948e-09  
    1.79810872371   1.11216712537e-09  
    1.80530115645   1.67366419241e-09  
    1.81252227635   9.20085980379e-10  
    1.81977244648    1.7094483063e-09  
    1.82705148476   1.32616872628e-09  
    1.83435957276   1.34083431338e-09  
    1.84169708283   3.13066162959e-09  
    1.84906382895   2.15692368651e-09  
    1.85646018835   1.78116821497e-09  
     1.8638859709   5.83375191478e-10  
    1.87134155879   1.19185855021e-09  
    1.87882695303   1.41136245585e-09  
    1.88634215182    1.4064716031e-09  
    1.89388754731   2.06336479309e-09  
    1.90146314133   2.27485582158e-09  
    1.90906893284   1.89756724885e-09  
    1.91670532438     1.486877599e-09  
    1.92437211384   1.67334014775e-09  
    1.93206950273   2.40671009406e-09  
    1.93979790433   2.11768507926e-09  
    1.94755711267   2.18737362168e-10  
    1.95534733522   8.63000872047e-10  
    1.96316856994   1.45999195663e-09  
    1.97102124165   1.52915489263e-09  
    1.97890535251    1.5349028556e-09  
    1.98682112011   8.53442063652e-10  
    1.99476832565   2.09760219754e-09  
    2.00274740602   1.57058908687e-09  
    2.01075836178   8.50474713513e-10  
    2.01880141589   4.61540522504e-10  
    2.02687656812   8.33377889717e-10  
    2.03498404427   1.30739917601e-09  
    2.04312407431   1.75836517756e-09  
    2.05129665965   2.35019372102e-09  
     2.0595017986   1.43157085401e-09  
    2.06773972286   1.46064531836e-09  
    2.07601066845   1.28266959956e-09  
    2.08431463547   1.43940323485e-09  
    2.09265210542   2.11384312988e-09  
    2.10102259513   2.06534358799e-09  
    2.10942658742   1.71051116922e-09  
    2.11786432936   2.56775182618e-09  
    2.12633582256   2.74288530511e-09  
    2.13484131755   3.64161409669e-09  
     2.1433805613    2.1733559577e-09  
    2.15195405802   4.33010201239e-09  
    2.16056193754   4.84287652638e-09  
    2.16920420033   8.16120398352e-09  
    2.17788097479     5.910431129e-09  
     2.1865925224   6.13728582913e-09  
    2.19533884309   6.73698514284e-09  
    2.20412020221   8.52291039594e-09  
    2.21293673483   9.73733990281e-09  
    2.22178844042   1.44382499216e-08  
    2.23067559034    1.0213754789e-08  
    2.23959832256    1.1742330638e-08  
    2.24855677603   1.34678917828e-08  
    2.25755094977   2.12308196117e-08  
    2.26658112356   2.24925017955e-08  
    2.27564743949   2.18073864465e-08  
    2.28475004076   2.86309875674e-08  
    2.29388907166   2.05621098462e-08  
    2.30306467764   2.74117037878e-08  
    2.31227685738    2.7092481579e-08  
    2.32152605332   3.28812154466e-08  
    2.33081211742    3.5445693636e-08  
    2.34013534778   4.24308070465e-08  
    2.34949589586     3.866844023e-08  
     2.3588939144   4.03932669616e-08  
    2.36832940228   3.79412832968e-08  
    2.37780282395   2.99287468547e-08  
    2.38731402457   1.71635911769e-08  
    2.39686315846   2.29832134821e-08  
    2.40645070173   2.80331556641e-08  
    2.41607649617   2.33575875549e-08  
    2.42574070034   2.61712923944e-08  
    2.43544380238    3.0517415702e-08  
    2.44518547545   3.16844400888e-08  
    2.45496621204     2.644877653e-08  
    2.46478618067   1.95841474638e-08  
    2.47464521268   2.09014843087e-08  
    2.48454381326   2.14464876483e-08  
    2.49448198371   1.47134015202e-08  
    2.50445989506   1.60874491227e-08  
       2.51447772   1.59783131198e-08  
    2.52453563299   1.61329924544e-08  
    2.53463381022    1.7565185142e-08  
    2.54477242968   1.38038881757e-08  
    2.55495149062   1.24576826402e-08  
    2.56517135243   1.73027477189e-08  
    2.57543201517   1.25093518076e-08  
    2.58573365996   1.28980715513e-08  
    2.59607665626    1.4665484893e-08  
    2.60646100556   1.09258185146e-08  
    2.61688670542   8.64046414681e-09  
    2.62735432224   1.05982740696e-08  
    2.63786366667    1.1437135615e-08  
    2.64841512134    1.2266815883e-08  
    2.65900888157   1.31416172901e-08  
    2.66964494773   1.14274073689e-08  
    2.68032351485   1.21634045228e-08  
    2.69104478018   8.71648185903e-09  
    2.70180894321   9.62952604345e-09  
    2.71261620574   7.01418795314e-09  
    2.72346656674   9.30357744765e-09  
    2.73436043466   9.69241290028e-09  
    2.74529801844   1.02732457586e-08  
     2.7562791092   1.47073045143e-08  
    2.76730433452   1.16633506624e-08  
    2.77837348379   7.54152271583e-09  
    2.78948698116   9.14158475559e-09  
    2.80064482621   1.10666078141e-08  
     2.8118474517   9.64198423301e-09  
    2.82309485907   7.12388255648e-09  
    2.83438726773   1.13304932281e-08  
    2.84572489981   1.17566353101e-08  
    2.85710775442   9.56511679513e-09  
    2.86853605393   1.25489939125e-08  
      2.880010253   8.67385577729e-09  
    2.89153035391    1.0991539688e-08  
    2.90309635457   1.07252148471e-08  
    2.91470895348   9.90865878419e-09  
    2.92636768263   1.08570886125e-08  
    2.93807324851   9.91433322125e-09  
    2.94982541299   9.40167375256e-09  
    2.96162465374   4.45000062454e-09  
    2.97347121472   6.43466184261e-09  
    2.98536509663   9.38863084266e-09  
    2.99730654414    9.6124351856e-09  
    3.00929580525   9.40148189562e-09  
    3.02133287881   6.53979316953e-09  
    3.03341826813   4.82895018056e-09  
    3.04555197494   4.34053354521e-09  
    3.05773425498   4.76592365594e-09  
    3.06996510682   4.91673559422e-09  
    3.08224504996   3.60914672657e-09  
    3.09457408611   1.12508300561e-08  
    3.10695221222   3.78883707209e-09  
    3.11937995887    4.3028100359e-09  
    3.13185759762   7.45234909386e-09  
    3.14438513044   5.28878982959e-09  
    3.15696255453   7.44793633405e-09  
    3.16959041803   3.12612102249e-09  
    3.18226872167   6.34700763855e-09  
    3.19499774367   6.31700526644e-09  
     3.2077777664   7.60737066661e-09  
    3.22060907639   3.28770386426e-09  
    3.23349138593   4.98773160016e-09  
    3.24642526784   3.54634887865e-09  
    3.25941101458   7.09415919108e-09  
    3.27244862677   4.65108336984e-09  
    3.28553839867   4.74949279732e-09  
    3.29868062902   3.25481746571e-09  
    3.31187531768   3.95565665009e-09  
    3.32512276534   4.08517238452e-09  
    3.33842327728   3.71735653364e-09  
    3.35177716355   8.92095166492e-09  
    3.36518411244   2.46524132284e-09  
    3.37864506026   4.81983982523e-09  
    3.39215937671   4.82077634428e-09  
    3.40572801038   6.86040939922e-09  
    3.41935096495   4.15642651497e-09  
    3.43302856495   5.86331737695e-09  
     3.4467604828   4.48356487344e-09  
    3.46054770028   4.97850469431e-09  
    3.47438988975   3.78278802057e-09  
    3.48828738091   3.47806342521e-09  
    3.50224050881   4.89187372858e-09  
    3.51624961393   4.82462965592e-09  
    3.53031435276    4.1425801174e-09  
    3.54443575556   4.78555903763e-09  
    3.55861347905   5.08807265216e-09  
    3.57284786965   5.02391277496e-09  
    3.58713927957    1.8077157834e-09  
    3.60148770802   3.15692037076e-09  
    3.61589387213   5.32354381177e-09  
    3.63035741275   2.74558272282e-09  
    3.64487868866   4.73376337875e-09  
    3.65945843514    5.6148806746e-09  
    3.67409628525   5.05314511025e-09  
     3.6887926074   6.87338202558e-09  
    3.70354777632   3.25057530854e-09  
    3.71836179065   4.35268008371e-09  
    3.73323541447    6.4874503934e-09  
    3.74816826477   5.29304591537e-09  
    3.76316111576   9.21769900066e-09  
    3.77821357615   4.47928403737e-09  
    3.79332643045   6.55116558381e-09  
    3.80849968022   5.32421196007e-09  
    3.82373372567   9.03104600031e-09  
    3.83902856636   6.50957396753e-09  
    3.85438501793   5.01419928173e-09  
    3.86980225926   6.59628286217e-09  
    3.88528152486   7.10700800075e-09  
    3.90082282035   8.85410522336e-09  
    3.91642614544   6.58401382398e-09  
     3.9320919216   1.08078980057e-08  
    3.94782014671    5.1853320028e-09  
    3.96361124722   5.13737606232e-09  
     3.9794656573   8.02486191444e-09  
    3.99538381902   7.32881771678e-09  
    4.01136529223   1.02873970047e-08  
    4.02741051384   8.04269385765e-09  
    4.04352038115   9.26842266564e-09  
    4.05969444633   7.90504824481e-09  
    4.07593316003   6.09725879584e-09  
    4.09223698126   8.07548559264e-09  
    4.10860591058   4.82806010754e-09  
    4.12504041299   8.50886053066e-09  
    4.14154048768   1.06107396327e-08  
    4.15810660581   1.00938098595e-08  
    4.17473924737   6.63222708064e-09  
     4.1914379294   9.92605459344e-09  
    4.20820361671   7.91454597674e-09  
    4.22503631116   6.75108385355e-09  
    4.24193650599   1.23605430707e-08  
    4.25890420203   9.05146253941e-09  
    4.27593989945   1.37315572838e-08  
    4.29304359811   1.15283214412e-08  
    4.31021606223   8.35927006027e-09  
    4.32745677891   8.66235603013e-09  
    4.34476677871    1.0377669004e-08  
    4.36214580283   9.42094293811e-09  
    4.37959437336    8.8426878373e-09  
    4.39711275511   8.20692605406e-09  
    4.41470121473   8.35939808932e-09  
    4.43236002067   1.35487239319e-08  
    4.45008944329   9.26107036855e-09  
    4.46788975486   1.03243419384e-08  
     4.4857612296    9.7563061744e-09  
     4.5037044243   1.11390547269e-08  
    4.52171905834   9.85792422175e-09  
    4.53980597546   1.30874816599e-08  
    4.55796517761    1.1063113969e-08  
    4.57619723913   1.08894869112e-08  
    4.59450186987    1.0116634821e-08  
    4.61287994068   7.74106819799e-09  
    4.63133145335   1.18998081132e-08  
    4.64985670171   1.07679462723e-08  
    4.66845628346   1.46463115078e-08  
    4.68712989672   1.23612620418e-08  
    4.70587844804   1.48848863756e-08  
    4.72470193969   8.44762758855e-09  
    4.74360098925   1.35856385663e-08  
    4.76257528571   1.74546693733e-08  
    4.78162544951   9.66831468234e-09  
    4.80075211388   1.13102581908e-08  
    4.81995496102   1.46897312994e-08  
    4.83923495122   6.87186648437e-09  
    4.85859176224   1.03118223383e-08  
    4.87802637057    1.5274093175e-08  
    4.89753844961   1.85043139633e-08  
     4.9171283236    1.8821511061e-08  
    4.93679699404      2.01932578e-08  
    4.95654412786   1.01112774825e-08  
    4.97637040127   1.09632685164e-08  
    4.99627581409   1.34051078579e-08  
    5.01626105463   1.67745747904e-08  
    5.03632612401   8.27791624514e-09  
    5.05647136933   1.09162473105e-08  
    5.07669714118   1.39108489487e-08  
    5.09700379373    1.4092262481e-08  
    5.11739204703   1.49200564652e-08  
    5.13786154103   1.17627997827e-08  
    5.15841300039   1.27663466452e-08  
    5.17904679429   1.66650599833e-08  
    5.19976292187   1.39099185751e-08  
    5.22056175127   1.03535469907e-08  
    5.24144403461   2.09127688798e-08  
    5.26240977412   1.57909616516e-08  
    5.28345973627   1.70849017731e-08  
    5.30459353645   1.98122347349e-08  
    5.32581194655   1.39071833491e-08  
    5.34711496429   2.11347078028e-08  
     5.3685033765   1.65000363247e-08  
    5.38997758533   1.71758201967e-08  
     5.4115375925   1.42785703319e-08  
    5.43318339149   1.60558131515e-08  
    5.45491620212   1.37286609127e-08  
    5.47673603057   1.56652577083e-08  
    5.49864287472   1.88823035389e-08  
    5.52063756715   1.64919713514e-08  
    5.54272010896   1.20466236847e-08  
    5.56489092113   1.19178735238e-08  
    5.58715042976   1.74964707146e-08  
    5.60949906616   2.49970098396e-08  
    5.63193726694   1.71912270803e-08  
    5.65446458961   1.45658373337e-08  
    5.67708279786   1.84341494507e-08  
    5.69979100731   1.14136657299e-08  
    5.72259010817    1.6141677303e-08  
    5.74548055411    2.0730206725e-08  
    5.76846234429   1.63317472008e-08  
      5.791536397   1.03106048636e-08  
    5.81470224819   1.67844404456e-08  
    5.83796129572    2.0618145501e-08  
    5.86131307274   2.70581705684e-08  
    5.88475852542   2.00087217545e-08  
    5.90829717285   2.17425701072e-08  
    5.93193045656   1.92890831549e-08  
    5.95565838363   1.62960928668e-08  
    5.97948095214   2.10505403449e-08  
    6.00339864953   2.63087422365e-08  
    6.02741247236   2.15392809082e-08  
    6.05152192044    2.9550301861e-08  
    6.07572799998   1.61555226967e-08  
    6.10003122573   2.04211397244e-08  
    6.12443108191   2.00645814524e-08  
    6.14892911878   3.25769956383e-08  
    6.17352481846   2.27027492945e-08  
    6.19821869966   3.53214038662e-08  
    6.22301182415   3.53399633133e-08  
    6.24790365848   2.41547597838e-08  
    6.27289527528   2.54578727708e-08  
    6.29798667496   2.66096921617e-08  
    6.32317895437   2.46462519861e-08  
    6.34847156357   2.65471067451e-08  
    6.37386561103   2.15727870708e-08  
    6.39936109829   2.52524926647e-08  
    6.42495858819   3.21799240878e-08  
    6.45065807628   3.44917314307e-08  
    6.47646070858   3.73178543459e-08  
    6.50236648851   3.13962486957e-08  
    6.52837599909   2.79201296035e-08  
    6.55448983217   3.60624470776e-08  
    6.58070739056   3.21538216222e-08  
     6.6070304631   3.10430935884e-08  
    6.63345845158   2.68616246568e-08  
    6.65999256893   2.50722167825e-08  
    6.68663220164   2.57317204683e-08  
    6.71337857646   2.94635182538e-08  
     6.7402323211   3.15486769586e-08  
    6.76719343966   3.26925672995e-08  
    6.79426192596   2.64587844765e-08  
    6.82143905059   2.30628240812e-08  
    6.84872481713   2.12402885393e-08  
    6.87611987273   3.40791396266e-08  
    6.90362421565    2.0768472479e-08  
    6.93123849806     2.515776546e-08  
    6.95896338267   2.70449527269e-08  
    6.98679954287   2.30089062119e-08  
    7.01474698239   2.39648033788e-08  
    7.04280569424   2.28218835994e-08  
    7.07097704376   2.06989248779e-08  
    7.09926103526   2.97040236973e-08  
    7.12765766225   1.70724418347e-08  
    7.15616832394   2.45475233214e-08  
    7.18479302568   2.86813740549e-08  
    7.21353248167   3.28337797159e-08  
    7.24238669254   3.15678996226e-08  
    7.27135637916   2.67199681612e-08  
    7.30044153741   2.83982116745e-08  
    7.32964289499   2.95181260994e-08  
    7.35896194108   2.21651057373e-08  
    7.38839793625   1.99819134067e-08  
    7.41795162807   3.28720862552e-08  
     7.4476230097   2.20683723914e-08  
    7.47741360958   2.17509859447e-08  
    7.50732343484   2.03954001025e-08  
    7.53735248125   2.15198134984e-08  
    7.56750152509   2.25447823819e-08  
     7.5977721547   3.15382857125e-08  
    7.62816277835   3.19214255414e-08  
    7.65867579796    3.1614481054e-08  
    7.68931040992   1.65641683423e-08  
    7.72006742165   2.94315571124e-08  
    7.75094765492   2.20908547261e-08  
    7.78195194613   2.03189906503e-08  
    7.81307945788   2.02635496148e-08  
    7.84433186727   2.63788809777e-08  
    7.87570917764   2.97458703883e-08  
    7.90721224521   3.56500473932e-08  
    7.93884106988   2.46191378738e-08  
    7.97059651818   2.19025679028e-08  
    8.00247858663   3.26561854133e-08  
    8.03448815236   3.32322272993e-08  
    8.06662610855   3.16427458501e-08  
    8.09889336484   3.99760685036e-08  
     8.1312881039   2.85585584689e-08  
    8.16381396885   2.94360188921e-08  
    8.19646913217   2.78066680023e-08  
    8.22925450488   3.06598009639e-08  
    8.26217195928   3.36229306881e-08  
     8.2952205599   3.15284414918e-08  
    8.32840124719   2.96827673654e-08  
    8.36171497933   3.18381860677e-08  
    8.39516175769   2.98610087149e-08  
    8.42874255349   2.93135809968e-08  
    8.46245736585   2.95927811964e-08  
     8.4963071794   3.94691139642e-08  
    8.53029299759   3.07689229526e-08  
    8.56441381387   2.98454534754e-08  
    8.59867164433   2.23823217489e-08  
    8.63306597974   2.42428547671e-08  
    8.66759835958   3.34314731728e-08  
    8.70226878849   2.53839850131e-08  
    8.73707778582    2.9117052547e-08  
    8.77202587434   3.24067452074e-08  
    8.80711411676   2.48252312628e-08  
    8.84234251506   2.77980321819e-08  
    8.87771214789   2.33876260252e-08  
    8.91322301618   2.22968549919e-08  
    8.94887566111   2.56790558255e-08  
    8.98467118599   3.07591089359e-08  
    9.02061015324   2.78704631462e-08  
    9.05669256222   2.16068894808e-08  
    9.09291897023   2.42696878608e-08  
    9.12929109163   2.17573438242e-08  
    9.16580777681   2.22137453709e-08  
    9.20247133927   2.23635233348e-08  
     9.2392812011    2.8223776176e-08  
    9.27623794181   3.01562882861e-08  
    9.31334334528   1.84307479678e-08  
    9.35059681985   2.69088908778e-08  
    9.38799895942   2.67511746634e-08  
    9.42555097729   1.93845342318e-08  
    9.46325287276    2.2303592322e-08  
    9.50110587927   1.94301635477e-08  
    9.53911062623   2.24332541045e-08  
    9.57726711423   3.47663998438e-08  
    9.61557596868   2.07508832951e-08  
    9.65403846516   2.48442170541e-08  
    9.69265460608   2.47165323422e-08  
    9.73142503402   2.38063811447e-08  
    9.77035105768   2.14036348589e-08  
    9.80943201648   2.05449535999e-08  
    9.84866989689   2.01726212996e-08  
    9.88806470579   2.62659682553e-08  
    9.92761711669   3.49460830637e-08  
    9.96732712253   3.44292668817e-08  
    10.0071967787   2.27584634898e-08  
    10.0472253989   4.08841100641e-08  
    10.0874143706   3.37904908375e-07  
