      wave_micron            flux_mjy  
  0.0151862453319                 0.0  
  0.0152415497594                 0.0  
  0.0153025154167                 0.0  
  0.0153637250122                 0.0  
   0.015425180221                 0.0  
  0.0154868810502                 0.0  
  0.0155488291952                 0.0  
  0.0156110246563                 0.0  
    0.01567346915                 0.0  
  0.0157361626703                 0.0  
  0.0157991069548                 0.0  
   0.015862303773                 0.0  
  0.0159257531313                 0.0  
  0.0159894550112                 0.0  
  0.0160534130204                 0.0  
  0.0161176271782                 0.0  
    0.01618209748                 0.0  
  0.0162468257657                 0.0  
  0.0163118139096                 0.0  
  0.0163770600225                 0.0  
  0.0164425678735                 0.0  
  0.0165083393984                 0.0  
  0.0165743726785                 0.0  
  0.0166406696301                 0.0  
  0.0167072322062                 0.0  
  0.0167740623974                 0.0  
  0.0168411572105                 0.0  
   0.016908522642                 0.0  
  0.0169761566919                 0.0  
  0.0170440613842                 0.0  
  0.0171122377454                 0.0  
  0.0171806857636                 0.0  
  0.0172494085612                 0.0  
  0.0173184061489                 0.0  
  0.0173876806522                 0.0  
  0.0174572310007                 0.0  
  0.0175270593267                 0.0  
  0.0175971678042                 0.0  
  0.0176675564402                 0.0  
  0.0177382274428                 0.0  
  0.0178091796948                 0.0  
  0.0178804165444                 0.0  
  0.0179519379969                 0.0  
  0.0180237463309                 0.0  
  0.0180958415518                 0.0  
  0.0181682248063                 0.0  
  0.0182408972502                 0.0  
  0.0183138612366                 0.0  
  0.0183871167722                 0.0  
  0.0184606650422                 0.0  
  0.0185345072419                 0.0  
  0.0186086458034                 0.0  
  0.0186830795002                 0.0  
  0.0187578120217                 0.0  
  0.0188328433799                 0.0  
   0.018908174824                 0.0  
  0.0189838076149                 0.0  
  0.0190597430247                 0.0  
  0.0191359823377                 0.0  
  0.0192125255433                 0.0  
  0.0192893765535                 0.0  
  0.0193665340651                 0.0  
  0.0194439993799                 0.0  
  0.0195217751624                 0.0  
  0.0195998627725                 0.0  
  0.0196782622126                 0.0  
  0.0197569748375                 0.0  
  0.0198360034085                 0.0  
  0.0199153465324                 0.0  
  0.0199950084036                 0.0  
  0.0200749890399                 0.0  
  0.0201552884287                 0.0  
  0.0202359094264                 0.0  
  0.0203168534892                 0.0  
  0.0203981206156                 0.0  
   0.020479713743                 0.0  
  0.0205616313812                 0.0  
  0.0206438779969                 0.0  
  0.0207264536059                 0.0  
  0.0208093597257                 0.0  
  0.0208925978913                 0.0  
  0.0209761680966                 0.0  
  0.0210600718742                 0.0  
  0.0211443123573                 0.0  
  0.0212288895558                 0.0  
  0.0213138050564                 0.0  
   0.021399060464                 0.0  
  0.0214846574026                 0.0  
  0.0215705958681                 0.0  
   0.021656877484                 0.0  
  0.0217435055676                 0.0  
  0.0218304801344                 0.0  
  0.0219178011671                 0.0  
  0.0220054720439                 0.0  
  0.0220934944899                 0.0  
  0.0221818685095                 0.0  
  0.0222705958296                 0.0  
  0.0223596781988                 0.0  
  0.0224491173879                 0.0  
  0.0225389133917                 0.0  
  0.0226290697965                 0.0  
  0.0227195847868                 0.0  
  0.0228104638233                 0.0  
  0.0229017050792                 0.0  
  0.0229933122501                 0.0  
  0.0230852853412                 0.0  
  0.0231776262249                 0.0  
  0.0232703367986                 0.0  
  0.0233634189851                 0.0  
  0.0234568727853                 0.0  
  0.0235507001277                 0.0  
  0.0236449029677                 0.0  
  0.0237394812916                 0.0  
  0.0238344410841                 0.0  
  0.0239297783475                 0.0  
  0.0240254970945                 0.0  
  0.0241215993701                 0.0  
  0.0242180851719                 0.0  
  0.0243149586469                 0.0  
   0.024412217708                 0.0  
  0.0245098665449                 0.0  
  0.0246079051568                 0.0  
   0.024706337828                 0.0  
  0.0248051624068                 0.0  
  0.0249043832227                 0.0  
  0.0250040002793                 0.0  
  0.0251040180052                 0.0  
  0.0252044341848                 0.0  
  0.0253052510271                 0.0  
  0.0254064730603                 0.0  
   0.025508098007                 0.0  
  0.0256101304453                 0.0  
  0.0257125703795                 0.0  
  0.0258154201345                 0.0  
  0.0259186820709                 0.0  
  0.0260223585857                 0.0  
  0.0261264472785                 0.0  
  0.0262309529415                 0.0  
  0.0263358755693                 0.0  
  0.0264412200677                 0.0  
  0.0265469839736                 0.0  
  0.0266531722503                 0.0  
   0.026759784909                 0.0  
  0.0268668244763                 0.0  
  0.0269742909428                 0.0  
  0.0270821894517                 0.0  
  0.0271905174168                 0.0  
  0.0272992800437                 0.0  
   0.027408477344                 0.0  
  0.0275181119692                 0.0  
  0.0276281839109                 0.0  
  0.0277386958433                 0.0  
  0.0278496504844                 0.0  
  0.0279610505974                 0.0  
    0.02807289341                 0.0  
  0.0281851844569                 0.0  
   0.028297926573                 0.0  
  0.0284111169242                 0.0  
  0.0285247611853                 0.0  
  0.0286388622665                 0.0  
  0.0287534172723                 0.0  
   0.028868429072                 0.0  
  0.0289839035587                 0.0  
  0.0290998407737                 0.0  
  0.0292162376922                 0.0  
  0.0293331033349                 0.0  
   0.029450437755                 0.0  
  0.0295682378656                 0.0  
  0.0296865097975                 0.0  
  0.0298052566889                 0.0  
  0.0299244785621                 0.0  
  0.0300441753939                 0.0  
  0.0301643535589                 0.0  
  0.0302850098474                 0.0  
  0.0304061507215                 0.0  
  0.0305277762053                 0.0  
  0.0306498862764                 0.0  
  0.0307724842184                 0.0  
  0.0308955767542                 0.0  
  0.0310191571473                 0.0  
  0.0311432355684                 0.0  
   0.031267808621                 0.0  
  0.0313928797303                 0.0  
  0.0315184488667                 0.0  
  0.0316445230436                 0.0  
  0.0317711023035                 0.0  
   0.031898186641                 0.0  
  0.0320257796335                 0.0  
  0.0321538812643                 0.0  
  0.0322824988477                 0.0  
  0.0324116287246                 0.0  
  0.0325412745672                 0.0  
  0.0326714401172                 0.0  
  0.0328021253768                 0.0  
  0.0329333341384                 0.0  
  0.0330650663953                 0.0  
  0.0331973259923                 0.0  
  0.0333301168478                 0.0  
  0.0334634350245                 0.0  
  0.0335972923954                 0.0  
  0.0337316790047                 0.0  
  0.0338666068614                 0.0  
  0.0340020739821                 0.0  
  0.0341380803297                 0.0  
  0.0342746341343                 0.0  
  0.0344117312592                 0.0  
  0.0345493800619                 0.0  
  0.0346875763345                 0.0  
  0.0348263264174                 0.0  
  0.0349656324733                 0.0  
   0.035105494499                 0.0  
  0.0352459168363                 0.0  
   0.035386899479                 0.0  
  0.0355284490714                 0.0  
  0.0356705611534                 0.0  
  0.0358132446918                 0.0  
  0.0359564974426                 0.0  
  0.0361003239563                 0.0  
  0.0362447242236                 0.0  
  0.0363897028683                 0.0  
  0.0365352622447                 0.0  
  0.0366814023445                 0.0  
  0.0368281279061                 0.0  
  0.0369754413435                 0.0  
   0.037123342652                 0.0  
  0.0372718366889                 0.0  
  0.0374209234529                 0.0  
  0.0375706078835                 0.0  
  0.0377208899839                 0.0  
  0.0378717722387                 0.0  
  0.0380232597152                 0.0  
  0.0381753524251                 0.0  
  0.0383280555238                 0.0  
  0.0384813664089                 0.0  
  0.0386352929064                 0.0  
  0.0387898350439                 0.0  
  0.0389449927899                 0.0  
  0.0391007741739                 0.0  
  0.0392571765096                 0.0  
  0.0394142052156                 0.0  
  0.0395718630527                 0.0  
   0.039730150015                 0.0  
   0.039889068853                 0.0  
  0.0400486251849                 0.0  
  0.0402088218867                 0.0  
  0.0403696560937                 0.0  
  0.0405311335129                 0.0  
  0.0406932599743                 0.0  
  0.0408560325667                 0.0  
  0.0410194571599                 0.0  
  0.0411835337443                 0.0  
  0.0413482683014                 0.0  
  0.0415136608397                 0.0  
  0.0416797143802                 0.0  
  0.0418464350782                 0.0  
  0.0420138198473                 0.0  
  0.0421818748882                 0.0  
  0.0423506033619                 0.0  
  0.0425200052653                 0.0  
  0.0426900869832                 0.0  
  0.0428608452837                 0.0  
  0.0430322898797                 0.0  
  0.0432044175118                 0.0  
  0.0433772347439                 0.0  
  0.0435507449271                 0.0  
  0.0437249480686                 0.0  
   0.043899847521                 0.0  
  0.0440754466782                 0.0  
   0.044251748976                 0.0  
  0.0444287543985                 0.0  
  0.0446064699073                 0.0  
  0.0447848955181                 0.0  
  0.0449640383375                 0.0  
  0.0451438911989                 0.0  
  0.0453244684591                 0.0  
  0.0455057665374                 0.0  
  0.0456877890588                 0.0  
  0.0458705396955                 0.0  
  0.0460540221685                 0.0  
  0.0462382402479                 0.0  
  0.0464231901229                 0.0  
  0.0466088831745                 0.0  
  0.0467953194487                 0.0  
  0.0469825028285                 0.0  
  0.0471704293711                 0.0  
  0.0473591147907                 0.0  
   0.047548551218                 0.0  
  0.0477387425614                 0.0  
  0.0479296968511                 0.0  
   0.048121418203                 0.0  
  0.0483139025256                 0.0  
  0.0485071580195                 0.0  
  0.0487011888768                 0.0  
  0.0488959908834                 0.0  
  0.0490915766829                 0.0  
  0.0492879420471                 0.0  
  0.0494850955426                 0.0  
  0.0496830328255                 0.0  
  0.0498817669577                 0.0  
  0.0500812935832                 0.0  
  0.0502816170811                 0.0  
  0.0504827464078                 0.0  
  0.0506846770853                 0.0  
  0.0508874135835                 0.0  
  0.0510909650607                 0.0  
  0.0512953269164                 0.0  
  0.0515005084112                 0.0  
  0.0517065095584                 0.0  
  0.0519133398359                 0.0  
  0.0521209897077                 0.0  
  0.0523294734927                 0.0  
  0.0525387912309                 0.0  
   0.052748947809                 0.0  
  0.0529599432243                 0.0  
  0.0531717823989                 0.0  
  0.0533844703326                 0.0  
  0.0535980070184                 0.0  
  0.0538124026211                 0.0  
  0.0540276520462                 0.0  
  0.0542437603713                 0.0  
  0.0544607380071                 0.0  
  0.0546785797359                 0.0  
  0.0548972960957                 0.0  
  0.0551168817443                 0.0  
  0.0553373527706                 0.0  
  0.0555586983713                 0.0  
  0.0557809348548                 0.0  
  0.0560040567579                 0.0  
  0.0562280751482                 0.0  
  0.0564529844364                 0.0  
  0.0566787958303                 0.0  
  0.0569055150795                 0.0  
  0.0571331364721                 0.0  
  0.0573616656758                 0.0  
  0.0575911143271                 0.0  
  0.0578214765912                 0.0  
  0.0580527642567                 0.0  
  0.0582849773746                 0.0  
  0.0585181159072                 0.0  
  0.0587521858386                 0.0  
  0.0589871994171                 0.0  
  0.0592231443552                 0.0  
  0.0594600391771                 0.0  
  0.0596978776747                 0.0  
  0.0599366724289                 0.0  
  0.0601764171007                 0.0  
  0.0604171244428                 0.0  
  0.0606587944978                 0.0  
  0.0609014272165                 0.0  
   0.061145029075                 0.0  
  0.0613896133384                 0.0  
  0.0616351734263                 0.0  
  0.0618817092309                 0.0  
  0.0621292410506                 0.0  
  0.0623777552976                 0.0  
  0.0626272656272                 0.0  
  0.0628777720403                 0.0  
   0.063129288554                 0.0  
  0.0633818010893                 0.0  
  0.0636353308644                 0.0  
   0.063889870777                 0.0  
  0.0641454352523                 0.0  
  0.0644020170518                 0.0  
  0.0646596234095                 0.0  
   0.064918261695                 0.0  
  0.0651779318951                 0.0  
   0.065438641478                 0.0  
  0.0657003980535                 0.0  
  0.0659632016714                 0.0  
  0.0662270522815                 0.0  
  0.0664919653869                 0.0  
   0.066757933217                 0.0  
  0.0670249635555                 0.0  
  0.0672930643361                 0.0  
  0.0675622355631                 0.0  
   0.067832481211                 0.0  
  0.0681038134915                 0.0  
  0.0683762283497                 0.0  
   0.068649734011                 0.0  
  0.0689243304506                 0.0  
  0.0692000302551                 0.0  
  0.0694768292185                 0.0  
  0.0697547358146                 0.0  
  0.0700337543427                 0.0  
  0.0703138891334                 0.0  
  0.0705951445493                 0.0  
  0.0708775249857                 0.0  
  0.0711610348713                 0.0  
  0.0714456786688                 0.0  
  0.0717314654303                 0.0  
  0.0720183906152                 0.0  
   0.072306463311                 0.0  
  0.0725956881234                 0.0  
  0.0728860696955                 0.0  
  0.0731776174494                 0.0  
  0.0734703266627                 0.0  
  0.0737642067987                 0.0  
  0.0740592626587                 0.0  
  0.0743554990853                 0.0  
  0.0746529258973                 0.0  
  0.0749515332222                 0.0  
   0.075251340833                 0.0  
  0.0755523488135                 0.0  
  0.0758545571332                 0.0  
  0.0761579759141                 0.0  
  0.0764626051371                 0.0  
  0.0767684551004                 0.0  
  0.0770755310579                 0.0  
  0.0773838330132                 0.0  
   0.077693366195                 0.0  
  0.0780041412693                 0.0  
   0.078316158267                 0.0  
   0.078629422573                 0.0  
  0.0789439396258                 0.0  
   0.079259714919                 0.0  
  0.0795767540021                 0.0  
  0.0798950624814                 0.0  
  0.0802146403258                 0.0  
  0.0805354988643                 0.0  
  0.0808576438804                 0.0  
  0.0811810753857                 0.0  
  0.0815057991484                 0.0  
  0.0818318209987                 0.0  
  0.0821591468305                 0.0  
  0.0824877826019                 0.0  
   0.082817734337                 0.0  
  0.0831490081274                 0.0  
  0.0834816039632                 0.0  
  0.0838155279262                 0.0  
  0.0841507924355                 0.0  
  0.0844873975438                 0.0  
  0.0848253431751                 0.0  
  0.0851646483849                 0.0  
  0.0855053068237                 0.0  
  0.0858473248539                 0.0  
  0.0861907154896                 0.0  
  0.0865354787741                 0.0  
  0.0868816213016                 0.0  
  0.0872291430099                 0.0  
  0.0875780640725                 0.0  
  0.0879283778012                 0.0  
  0.0882800909551                 0.0  
  0.0886332103769                 0.0  
   0.088987742995                 0.0  
  0.0893436887586                 0.0  
  0.0897010688489                 0.0  
  0.0900598690908                 0.0  
  0.0904201109028                 0.0  
  0.0907817943694                 0.0  
  0.0911449194373                 0.0  
  0.0915095007394                 0.0  
  0.0918755382958                 0.0  
  0.0922430395187                 0.0  
  0.0926120119188                 0.0  
  0.0929824554535                 0.0  
  0.0933543853675                 0.0  
  0.0937278094776                 0.0  
  0.0941027200284                 0.0  
  0.0944791246749                 0.0  
  0.0948570471081                 0.0  
  0.0952364714898                 0.0  
  0.0956174217934                 0.0  
  0.0959998899854                 0.0  
  0.0963838840736                 0.0  
  0.0967694204686                 0.0  
  0.0971564992491                 0.0  
  0.0975451287698                 0.0  
  0.0979353090143                 0.0  
  0.0983270483749                 0.0  
  0.0987203553653                 0.0  
  0.0991152386231                 0.0  
  0.0995116981457                 0.0  
  0.0999097426147                 0.0  
    0.10030938084                 0.0  
   0.100710621762                 0.0  
   0.101113465403                 0.0  
   0.101517920754                 0.0  
   0.101923987748                 0.0  
   0.102331684696                 0.0  
   0.102741011658                 0.0  
   0.103151977956                 0.0  
   0.103564583561                 0.0  
   0.103978847424                 0.0  
   0.104394760008                 0.0  
   0.104812340481                 0.0  
   0.105231588867                 0.0  
   0.105652514907                 0.0  
   0.106075128499                 0.0  
   0.106499419612                 0.0  
   0.106925418218                 0.0  
   0.107353124484                 0.0  
   0.107782538416                 0.0  
   0.108213670222                 0.0  
   0.108646519823                 0.0  
   0.109081108043                 0.0  
   0.109517434971                 0.0  
   0.109955500532                 0.0  
   0.110395326059                 0.0  
   0.110836900777                 0.0  
   0.111280257246                 0.0  
   0.111725373653                 0.0  
   0.112172271863                 0.0  
   0.112620963053                 0.0  
   0.113071447266                 0.0  
   0.113523735783                 0.0  
   0.113977828572                 0.0  
   0.114433737023                 0.0  
   0.114891472716                 0.0  
    0.11535103565                 0.0  
   0.115812449396                 0.0  
   0.116275690229                 0.0  
   0.116740793807                 0.0  
   0.117207760277                 0.0  
   0.117676589609                 0.0  
   0.118147293948                 0.0  
   0.118619885655                 0.0  
   0.119094364748                 0.0  
   0.119570743719                 0.0  
   0.120049022526                 0.0  
    0.12052922666                 0.0  
   0.121011343361                 0.0  
   0.121495385402                 0.0  
   0.121981365789                 0.0  
   0.122469297759                 0.0  
   0.122959168018                 0.0  
   0.123451003131                 0.0  
   0.123944816734                 0.0  
   0.124440595291                 0.0  
   0.124938352277                 0.0  
   0.125438101413                 0.0  
   0.125939856671                 0.0  
   0.126443618128                 0.0  
   0.126949385666                 0.0  
   0.127457187735                 0.0  
   0.127967024514                 0.0  
   0.128478881376                 0.0  
   0.128992801948                 0.0  
   0.129508771677                 0.0  
   0.130026805273                 0.0  
   0.130546917724                 0.0  
    0.13106910909                 0.0  
   0.131593379236                 0.0  
   0.132119758725                 0.0  
   0.132648232174                 0.0  
   0.133178830608                 0.0  
   0.133711538364                 0.0  
   0.134246386932                 0.0  
   0.134783368412                 0.0  
   0.135322506858                 0.0  
   0.135863794217                 0.0  
    0.13640724667                 0.0  
   0.136952880717                 0.0  
   0.137500688072                 0.0  
   0.138050693715                 0.0  
   0.138602897709                 0.0  
   0.139157308481                 0.0  
   0.139713934513                 0.0  
   0.140272793062                 0.0  
   0.140833884164                 0.0  
   0.141397216493                 0.0  
   0.141962807704                 0.0  
   0.142530657824                 0.0  
   0.143100784789                 0.0  
    0.14367318862                 0.0  
   0.144247878329                 0.0  
   0.144824872283                 0.0  
   0.145404170505                 0.0  
   0.145985782226                 0.0  
   0.146569726264                 0.0  
   0.147156012234                 0.0  
   0.147744630509                 0.0  
   0.148335609884                 0.0  
   0.148928950407                 0.0  
   0.149524671689                 0.0  
   0.150122763818                 0.0  
   0.150723256556                 0.0  
   0.151326149986                 0.0  
   0.151931454179                 0.0  
   0.152539179298                 0.0  
   0.153149335602                 0.0  
   0.153761933445                 0.0  
    0.15437698328                 0.0  
   0.154994495661                 0.0  
   0.155614470527                 0.0  
   0.156236929183                 0.0  
   0.156861871606                 0.0  
   0.157489319487                 0.0  
   0.158119283907                 0.0  
   0.158751753754                 0.0  
   0.159386762292                 0.0  
   0.160024309612                 0.0  
   0.160664406987                 0.0  
   0.161307065808                 0.0  
   0.161952297587                 0.0  
   0.162600102255                 0.0  
   0.163250503087                 0.0  
   0.163903500077                 0.0  
   0.164559116943                 0.0  
   0.165217353748                 0.0  
   0.165878222483                 0.0  
   0.166541735275                 0.0  
   0.167207904386                 0.0  
   0.167876742216                 0.0  
   0.168548248734                 0.0  
   0.169222436325                 0.0  
   0.169899330296                 0.0  
   0.170578917867                 0.0  
   0.171261237522                 0.0  
   0.171946289458                 0.0  
   0.172634073617                 0.0  
   0.173324602972                 0.0  
   0.174017904054                 0.0  
   0.174713976962                 0.0  
   0.175412835149                 0.0  
   0.176114478504                 0.0  
   0.176818948161                 0.0  
   0.177526216562                 0.0  
   0.178236325294                 0.0  
   0.178949274492                 0.0  
   0.179665064019                 0.0  
   0.180383722267                 0.0  
    0.18110526375                 0.0  
   0.181829673902                 0.0  
   0.182556996418                 0.0  
   0.183287231512                 0.0  
   0.184020379125                 0.0  
    0.18475645402                 0.0  
   0.185495486389                 0.0  
   0.186237461056                 0.0  
   0.186982408495                 0.0  
   0.187730344282                 0.0  
   0.188481268478                 0.0  
    0.18923519671                 0.0  
    0.18999212884                 0.0  
   0.190752096649                 0.0  
   0.191515116419                 0.0  
    0.19228117193                 0.0  
   0.193050295632                 0.0  
   0.193822487473                 0.0  
   0.194597780629                 0.0  
   0.195376175252                 0.0  
   0.196157688231                 0.0  
   0.196942319531                 0.0  
    0.19773008612                 0.0  
   0.198521005214                 0.0  
   0.199315094279                 0.0  
   0.200112353314                 0.0  
    0.20091279988                 0.0  
   0.201716451797                 0.0  
   0.202523308997                 0.0  
   0.203333407701                 0.0  
   0.204146748093                 0.0  
   0.204963330048                 0.0  
   0.205783171868                 0.0  
   0.206606311029                 0.0  
   0.207432728761                 0.0  
   0.208262462965                 0.0  
   0.209095513742                 0.0  
   0.209931900383                 0.0  
   0.210771622814                 0.0  
   0.211614720282                 0.0  
   0.212461173033                 0.0  
   0.213311020775                 0.0  
   0.214164263564                 0.0  
   0.215020921596                 0.0  
   0.215880994763                 0.0  
    0.21674452421                 0.0  
   0.217611510156                 0.0  
   0.218481952493                 0.0  
   0.219355872072                 0.0  
   0.220233311555                 0.0  
   0.221114228075                 0.0  
   0.221998686117                 0.0  
   0.222886685943                 0.0  
   0.223778227476                 0.0  
   0.224673354985                 0.0  
   0.225572046251                 0.0  
   0.226474323402                 0.0  
   0.227380231819                 0.0  
   0.228289748794                 0.0  
   0.229202897043                 0.0  
   0.230119723105                 0.0  
   0.231040203786                 0.0  
   0.231964362419                 0.0  
   0.232892222738                 0.0  
   0.233823784687                 0.0  
   0.234759072245                 0.0  
   0.235698109808                 0.0  
   0.236640897408                 0.0  
   0.237587459704                 0.0  
   0.238537821784                 0.0  
   0.239491983793                 0.0  
   0.240449945509                 0.0  
   0.241411732136                 0.0  
   0.242377395329                 0.0  
   0.243346883189                 0.0  
    0.24432027388                 0.0  
   0.245297567815                 0.0  
   0.246278765038                 0.0  
    0.24726386522                 0.0  
   0.248252922202                 0.0  
   0.249245936192                 0.0  
   0.250242934734                 0.0  
   0.251243889998                 0.0  
   0.252248857367                 0.0  
   0.253257865238                 0.0  
   0.254270885298                 0.0  
   0.255287974471                 0.0  
   0.256309132972                 0.0  
   0.257334360629                 0.0  
   0.258363715964                 0.0  
   0.259397169641                 0.0  
   0.260434751023                 0.0  
   0.261476490028                 0.0  
   0.262522386629                 0.0  
   0.263572471153                 0.0  
   0.264626774498                 0.0  
   0.265685265663                 0.0  
   0.266748006725                 0.0  
   0.267814997867                 0.0  
   0.268886270863                 0.0  
   0.269961825843                 0.0  
   0.271041662523                 0.0  
   0.272125829369                 0.0  
   0.273214342954                 0.0  
   0.274307186659                 0.0  
   0.275404426841                 0.0  
   0.276506046976                 0.0  
   0.277612063688                 0.0  
   0.278722510916                 0.0  
   0.279837405931                 0.0  
   0.280956748664                 0.0  
   0.282080573835                 0.0  
     0.2832088991                 0.0  
   0.284341742253                 0.0  
   0.285479103186                 0.0  
   0.286621017715                 0.0  
    0.28776750405                 0.0  
   0.288918580543                 0.0  
   0.290074247075                 0.0  
   0.291234540623                 0.0  
   0.292399479992                 0.0  
   0.293569084143                 0.0  
   0.294743352973                 0.0  
   0.295922324686                 0.0  
   0.297106018732                 0.0  
    0.29829443504                 0.0  
    0.29948761278                 0.0  
   0.300685571921                 0.0  
   0.301888312441                 0.0  
    0.30309587452                 0.0  
   0.304308258181                 0.0  
   0.305525483642                 0.0  
   0.306747592131                 0.0  
   0.307974583754                 0.0  
   0.309206479307                 0.0  
   0.310443299785                 0.0  
   0.311685066389                 0.0  
   0.312931822196                 0.0  
   0.314183545656                 0.0  
   0.315440280101                 0.0  
   0.316702047589                 0.0  
   0.317968848024                 0.0  
   0.319240725932                 0.0  
   0.320517681318                 0.0  
    0.32179975953                 0.0  
   0.323086960685                 0.0  
   0.324379307693                 0.0  
   0.325676823708                 0.0  
   0.326979532134                 0.0  
   0.328287432778                 0.0  
   0.329600597068                 0.0  
   0.330919001291                 0.0  
   0.332242669315                 0.0  
   0.333571649902                 0.0  
   0.334905918403                 0.0  
   0.336245548955                 0.0  
   0.337590541904                 0.0  
   0.338940897082                 0.0  
   0.340296665061                 0.0  
   0.341657845854                 0.0  
   0.343024491036                 0.0  
   0.344396574568                 0.0  
   0.345774174887                 0.0  
   0.347157265742                 0.0  
   0.348545900161                 0.0  
   0.349940078147                 0.0  
   0.351339826487                 0.0  
   0.352745199837                 0.0  
   0.354156170793                 0.0  
   0.355572794473                 0.0  
   0.356995099023                 0.0  
   0.358423056085                 0.0  
   0.359856750479                 0.0  
   0.361296182545                 0.0  
   0.362741381197                 0.0  
   0.364192346371                 0.0  
   0.365649107033                 0.0  
   0.367111692529                 0.0  
   0.368580162657                 0.0  
   0.370054457347                 0.0  
   0.371534697329                 0.0  
   0.373020821886                 0.0  
   0.374512922982                 0.0  
   0.376010969812                 0.0  
   0.377514993083                 0.0  
   0.379025055715                 0.0  
   0.380541157981                 0.0  
    0.38206333188                 0.0  
   0.383591577294                 0.0  
   0.385125959166                 0.0  
   0.386666444678                 0.0  
   0.388213132782                 0.0  
   0.389765956915                 0.0  
   0.391325051123                 0.0  
   0.392890348197                 0.0  
   0.394461915901                 0.0  
   0.396039754161                 0.0  
   0.397623897285                 0.0  
   0.399214415358                 0.0  
   0.400811273444                 0.0  
   0.402414506544                 0.0  
   0.404024150177                 0.0  
   0.405640240394                 0.0  
   0.407262813787                 0.0  
   0.408891870496                 0.0  
    0.41052744734                 0.0  
   0.412169544098                 0.0  
   0.413818235712                 0.0  
   0.415473484303                 0.0  
   0.417135404168                 0.0  
   0.418803918566                 0.0  
   0.420479143282                 0.0  
    0.42216107887                 0.0  
   0.423849725244                 0.0  
    0.42554512175                 0.0  
   0.427247308353                 0.0  
   0.428956284932                 0.0  
   0.430672091755                 0.0  
   0.432394811114                 0.0  
   0.434124360447                 0.0  
   0.435860864087                 0.0  
   0.437604322571                 0.0  
   0.439354735776                 0.0  
   0.441112145969                 0.0  
    0.44287659611                 0.0  
   0.444648086107                 0.0  
   0.446426703405                 0.0  
   0.448212404196                 0.0  
   0.450005232208                 0.0  
   0.451805277075                 0.0  
    0.45361249401                 0.0  
   0.455426927892                 0.0  
    0.45724867063                 0.0  
    0.45907762982                 0.0  
    0.46091394446                 0.0  
   0.462757615155                 0.0  
   0.464608641808   4.79163035901e-07  
   0.466467071771                 0.0  
   0.468332953209                 0.0  
   0.470206286192                 0.0  
   0.472087119393                 0.0  
   0.473975452618                 0.0  
   0.475871335061                 0.0  
   0.477774816778                 0.0  
    0.47968594871                 0.0  
   0.481604680029                 0.0  
   0.483531112768                 0.0  
   0.485465247193                 0.0  
   0.487407082836                 0.0  
    0.48935672447                 0.0  
   0.491314119229                 0.0  
   0.493279373346                 0.0  
   0.495252541446                 0.0  
   0.497233514987                 0.0  
   0.499222456958                 0.0  
   0.501219368051                 0.0  
   0.503224248203                 0.0  
   0.505237153073                 0.0  
   0.507258082401                 0.0  
   0.509287092547                 0.0  
   0.511324240917                 0.0  
   0.513369527656                 0.0  
    0.51542301092   5.34599593187e-07  
   0.517484749951                 0.0  
   0.519554685619   5.74716348754e-07  
    0.52163287653                 0.0  
   0.523719382401                 0.0  
   0.525814264075                 0.0  
   0.527917521869                 0.0  
    0.53002921747                 0.0  
   0.532149351069                 0.0  
   0.534277922046                 0.0  
   0.536415056314                 0.0  
   0.538560690453                 0.0  
   0.540714952292                 0.0  
   0.542877809892                 0.0  
   0.545049328073   6.01446358219e-07  
   0.547229506639                 0.0  
    0.54941844476                 0.0  
   0.551616109283                 0.0  
   0.553822566959                 0.0  
   0.556037851638   1.76544152103e-06  
   0.558261997412   5.91251898255e-07  
   0.560495073378   1.16909559143e-06  
   0.562737044876   5.83392627326e-07  
   0.564987981235                 0.0  
   0.567247953161   1.80542803043e-06  
   0.569516925098   4.22910180148e-06  
   0.571795004185   6.10413145193e-06  
    0.57408219074   7.21422943345e-06  
   0.576378520968   1.87580349203e-06  
   0.578684031361   1.80658916175e-06  
   0.580998758706    4.9396520655e-06  
    0.58332274009   3.72170437025e-06  
   0.585656050859   1.22548044309e-06  
   0.587998653113   6.10920363957e-07  
   0.590350661093   6.10547449435e-07  
   0.592712075199   1.34151739817e-06  
   0.595082894929   2.57589155202e-06  
   0.597463237368   1.31490059037e-06  
   0.599853103008   1.91223994648e-06  
   0.602252491434   3.84787044314e-06  
   0.604661522677   1.99594791825e-06  
   0.607080156581   3.30694733466e-06  
   0.609508474096   5.92459348917e-06  
   0.611946516412   3.27839038303e-06  
   0.614394325111   3.42552472009e-06  
   0.616851900062   5.56863839174e-06  
   0.619319282636   4.71697183507e-06  
   0.621796557381   7.44558912884e-06  
   0.624283767493   2.76395879589e-06  
   0.626780869656   5.39851740403e-06  
   0.629287993483   6.13943349445e-06  
    0.63180518347   2.70957724522e-06  
   0.634332395511   2.18776260166e-06  
   0.636869717762   3.66833611013e-06  
   0.639417195011   1.53694952511e-06  
   0.641974872512   5.18932114954e-06  
   0.644542750024   6.87581699069e-06  
   0.647120918993   6.00401859541e-06  
   0.649709426118   3.63544276319e-06  
   0.652308271514   7.47203330418e-06  
   0.654917501763   2.29977589237e-06  
   0.657537163955    2.2520175249e-06  
   0.660167305694   4.13501270744e-06  
    0.66280797511   8.11322091828e-06  
   0.665459220872   2.45817269416e-06  
   0.668121042799   1.57548493363e-06  
    0.67079353927   7.11066669068e-06  
   0.673476710427   1.58320729301e-06  
   0.676170605981   2.41108240786e-06  
   0.678875276214   3.94458456065e-06  
   0.681590771994   5.01414184851e-06  
   0.684317144785   4.85140318933e-06  
   0.687054446662   3.23677901358e-06  
    0.68980262501   3.38738647069e-06  
   0.692561836779    5.9483642849e-06  
   0.695332082421   1.07458112975e-05  
   0.698113415263   4.89835058367e-06  
   0.700905889283   7.78614759368e-07  
   0.703709504325   8.53065195524e-06  
   0.706524369631   6.89860539077e-06  
   0.709350429842   3.47857157731e-06  
   0.712187851239    3.4236536874e-06  
   0.715036578075    6.2828016746e-06  
   0.717896722797   1.69852244673e-06  
   0.720768342898   2.38137456989e-06  
   0.723651380715   2.53233036644e-06  
   0.726546009278   3.52504836372e-06  
    0.72945217056   5.93340282949e-06  
   0.732369981607   3.48281897265e-06  
   0.735299502293                 0.0  
   0.738240672671   8.74071633193e-07  
   0.741193612111   9.73299973762e-07  
   0.744158442711   2.56700418694e-06  
   0.747135042275    2.5660356398e-06  
   0.750123594847   2.70724538783e-06  
   0.753124100979   1.67976619394e-06  
   0.756136560078   2.74972897459e-06  
   0.759161097933   4.44100914533e-06  
    0.76219777895   4.49158416717e-06  
   0.765246538827   3.50595452784e-06  
   0.768307571306   1.85996645219e-06  
   0.771380745977   2.92182073521e-06  
   0.774466325285   2.51550213313e-06  
   0.777564177525   8.69787919763e-07  
    0.78067443531   3.55616821287e-06  
   0.783797098384   1.78425198076e-06  
   0.786932302339   3.47692895256e-06  
   0.790080047785   1.71653532584e-06  
   0.793240334132   4.62268187345e-06  
   0.796413299943   2.63924170237e-06  
   0.799598945532   3.52993189113e-06  
   0.802797341314   5.52235157743e-06  
   0.806008558748   3.83559903536e-06  
   0.809232597891   3.61953758668e-06  
    0.81246953061    5.6720396286e-06  
   0.815719429854   7.03637977281e-06  
    0.81898229545   1.08157648474e-05  
   0.822258200786   7.41008061083e-06  
   0.825547220369   4.73149900609e-06  
   0.828849429845   7.30304987427e-06  
   0.832164829396   5.68114360529e-06  
   0.835493495177   5.96110378462e-06  
   0.838835426658   5.65650606657e-06  
   0.842190778997   7.54177752043e-06  
    0.84555955283    8.5443304672e-06  
   0.848941827263   1.16413299571e-05  
   0.852337602258    1.7179768461e-05  
    0.85574695751    1.3587227068e-05  
   0.859169892294   1.16250345557e-05  
   0.862606569239   1.00255043456e-05  
   0.866056988902   2.95162121221e-06  
   0.869521234191   7.10283894985e-06  
   0.872999305016   5.93638770961e-06  
   0.876491284963   4.04764087534e-06  
   0.879997258979    1.3211943383e-05  
   0.883517313402   1.24658287481e-05  
   0.887051361841   2.02561819464e-05  
    0.89059957708   7.42640988572e-06  
   0.894161959174   8.44946039312e-06  
   0.897738595996   1.21125187786e-05  
   0.901329576884   7.54526350288e-06  
   0.904934902051   1.20070704897e-05  
    0.90855457033   1.33024248708e-05  
   0.912188855376   1.12496326374e-06  
    0.91583757419   1.49736145805e-05  
   0.919500910695   1.07944629717e-05  
    0.92317895905   7.95928905057e-06  
   0.926871624892   1.83337808695e-05  
   0.930579096884   1.82859340479e-05  
   0.934301471767   1.58817876434e-05  
   0.938038653215   1.82455345094e-05  
   0.941790834809   9.09827133975e-06  
   0.945558017068   6.76492501458e-06  
   0.949340199073   9.33819862832e-06  
   0.953137579495   7.99644158662e-06  
   0.956950159285   1.15126401132e-05  
   0.960777937946    1.1479046527e-05  
   0.964621016469    6.8867632839e-06  
   0.968479497641   9.42491008266e-06  
   0.972353486075   5.85669082547e-06  
    0.97624287733   4.88549840531e-06  
   0.980147774721   2.36221831092e-06  
   0.984068390582   3.47460608573e-06  
   0.988004726545   7.28025975633e-06  
   0.991956673874   5.88624649155e-06  
   0.995924557853   3.36688383578e-06  
    0.99990827019   3.75740017435e-06  
     1.0039079206   1.07834179447e-06  
    1.00792350839   4.99526600809e-06  
    1.01195514463   6.33758337384e-06  
    1.01600305669   2.41441413105e-06  
    1.02006701708   1.20739797498e-06  
     1.0241472537   1.16019900435e-06  
    1.02824388327   2.31764012077e-06  
    1.03235690673   2.45000942237e-06  
    1.03648632346    3.6415687806e-06  
    1.04063225109                 0.0  
    1.04479480945     3.662160224e-06  
    1.04897399887   5.21060187953e-06  
     1.0531698181   3.73448819338e-06  
    1.05738251166   1.19392269022e-06  
    1.06161208096   7.54391776744e-06  
    1.06585852578   2.35380056377e-06  
    1.07012197099   4.00326336975e-06  
    1.07440241613   1.15371377195e-06  
    1.07870005221    1.1081575722e-06  
    1.08301481519   5.00499449178e-06  
    1.08734689895                 0.0  
    1.09169630414   3.62862294471e-06  
    1.09606302978   1.18446343103e-06  
    1.10044734116    5.1947139907e-06  
    1.10484910523   5.01713892264e-06  
    1.10926852335   7.05688379185e-06  
     1.1137055958   3.90069908921e-06  
    1.11816039035   5.30422626955e-06  
    1.12263304497                 0.0  
    1.12712355978   2.54494908474e-06  
    1.13163207491   3.78104703323e-06  
    1.13615859041                 0.0  
    1.14070324858   5.59219928639e-06  
    1.14526604943                 0.0  
    1.14984706437   2.64055115619e-06  
    1.15444651285   1.22342339954e-05  
    1.15906424797   5.38294558142e-06  
    1.16370056586   2.56591809183e-06  
    1.16835531727    2.5714333639e-06  
    1.17302872701   4.18132767147e-06  
    1.17772087188   2.69410683059e-06  
    1.18243175198                 0.0  
    1.18716144357   3.94045569173e-06  
    1.19191010218   5.21989915286e-06  
    1.19667772807   7.98309466209e-06  
     1.2014644794   5.38777717464e-06  
    1.20627035656   5.42017773252e-06  
    1.21109543928   3.93018809101e-06  
      1.215939808   2.76446425023e-06  
    1.22080354391   4.20137335593e-06  
    1.22568681206   6.67004580702e-06  
     1.2305895296   8.23659934562e-06  
    1.23551186248   2.75180164877e-06  
    1.24045389501   4.36189279094e-06  
     1.2454157123   2.81964931235e-06  
     1.2503974003   7.18371677887e-06  
    1.25539895864   1.20468965945e-05  
    1.26042056078   1.16704339001e-05  
    1.26546229526   1.29445641628e-05  
    1.27052416224   1.02882149057e-05  
    1.27560624992   7.12633969902e-06  
    1.28070864744   1.18018714202e-05  
    1.28583144485   3.24348269224e-06  
    1.29097482537    8.8503656078e-06  
    1.29613869727   4.27182483887e-06  
    1.30132324497   1.58841498759e-05  
    1.30652856241   1.50499319299e-05  
    1.31175464935   1.04737567958e-05  
    1.31700169547   1.45768906423e-06  
     1.3222697011   9.47484360133e-06  
    1.32755876203   7.99503968569e-06  
    1.33286897515   9.54135831322e-06  
    1.33820043842   1.70247443234e-05  
    1.34355325091   9.64943313394e-06  
    1.34892751285   1.28923831119e-05  
    1.35432322412   6.48698070038e-06  
    1.35974048482   9.49766007055e-06  
    1.36517949934   3.28022339863e-06  
    1.37064016475   6.68836231892e-06  
      1.376122687   8.04284737256e-06  
    1.38162727663   6.59032999132e-06  
    1.38715372296   1.65127259427e-06  
    1.39270234299   3.13841982826e-06  
    1.39827313727   8.40492797299e-06  
    1.40386621331   3.54152780219e-06  
    1.40948167992   8.14827566204e-06  
    1.41511964725   5.02481141444e-06  
    1.42078011516   6.49335221992e-06  
    1.42646319391     4.781259677e-06  
    1.43216910863   3.37221599138e-06  
    1.43789774632    3.6269804565e-06  
    1.44364933409                 0.0  
    1.44942398792   1.03191640913e-05  
    1.45522170815   4.99626403257e-06  
    1.46104249287   1.05290682789e-05  
     1.4668866951   5.17912336537e-06  
    1.47275431694   5.41344907774e-06  
    1.47864523734   3.69101814649e-06  
    1.48455981683   5.25307335437e-06  
    1.49049805659                 0.0  
    1.49646007942   1.62088923399e-06  
    1.50244588491   1.73839397835e-06  
    1.50845572211   1.78656466781e-06  
    1.51448959202   5.13547690799e-06  
    1.52054749331                 0.0  
     1.5266296802   8.70151376431e-06  
    1.53273615283   7.02568386884e-06  
    1.53886717105   5.24204519301e-06  
    1.54502260448                 0.0  
    1.55120271558   9.27184178474e-06  
    1.55740750452                 0.0  
    1.56363710436   7.06407975577e-06  
    1.56989165006   5.24170562404e-06  
    1.57617127854   3.53071484631e-06  
    1.58247599015   1.97889394846e-06  
    1.58880592249   3.61690823303e-06  
    1.59516107439   3.98729947696e-06  
    1.60154172603   1.63981843355e-06  
    1.60794787812   1.98526301064e-06  
    1.61437967308                 0.0  
    1.62083725547   5.85119881869e-06  
    1.62732047899   3.69449428784e-06  
    1.63382978091   3.75063798986e-06  
     1.6403651635   5.68883130457e-06  
    1.64692662655   7.59075225688e-06  
    1.65351431859   9.60009434672e-06  
    1.66012839044   1.36738107142e-05  
    1.66676884154    1.3620927339e-05  
    1.67343597864   6.08999424376e-06  
    1.68012964726   1.22186308384e-05  
     1.6868501577   9.20608679602e-06  
    1.69359766897   1.72572725973e-05  
    1.70037202268     1.308585467e-05  
    1.70717353647   5.89185415479e-06  
    1.71400221054   9.45629479446e-06  
    1.72085820633   9.42174401731e-06  
    1.72774168785   7.82181054518e-06  
    1.73465265526   1.88417863496e-05  
    1.74159127391   1.56119598095e-05  
    1.74855754262   1.18594353346e-05  
    1.75555179861   1.37272724239e-05  
    1.76257404347   7.87347381889e-06  
    1.76962427614    1.7484812463e-05  
    1.77670284213   1.81391570115e-05  
    1.78380956722   2.58103907933e-05  
    1.79094480125   1.23648952572e-05  
    1.79810872371    2.5156491625e-05  
    1.80530115645   1.63516210263e-05  
    1.81252227635    2.4978075023e-05  
    1.81977244648   2.93984943577e-05  
    1.82705148476   3.68648883326e-05  
    1.83435957276   3.40410253002e-05  
    1.84169708283   2.55984678768e-05  
    1.84906382895    3.4359804923e-05  
    1.85646018835   1.75540477491e-05  
     1.8638859709   2.87920186569e-05  
    1.87134155879   1.52331807786e-05  
    1.87882695303   2.66274467841e-05  
    1.88634215182    2.4410688943e-05  
    1.89388754731   2.93159525506e-05  
    1.90146314133   1.50165546225e-05  
    1.90906893284   2.14074240708e-05  
    1.91670532438   3.50948794348e-05  
    1.92437211384   1.62822168138e-05  
    1.93206950273    1.3707696157e-05  
    1.93979790433   1.36436513137e-05  
    1.94755711267   1.36749054144e-05  
    1.95534733522   9.59278905637e-06  
    1.96316856994   2.29560938315e-06  
    1.97102124165   2.23080825457e-05  
    1.97890535251   4.69077472048e-06  
    1.98682112011   1.43285197441e-05  
    1.99476832565   1.93197864867e-05  
    2.00274740602   1.20786862301e-05  
    2.01075836178   1.62051570526e-05  
    2.01880141589   1.52011848709e-05  
    2.02687656812   1.64666187484e-05  
    2.03498404427   2.54731502969e-05  
    2.04312407431   1.83741006752e-05  
    2.05129665965   1.45137832858e-05  
     2.0595017986   2.07523852795e-05  
    2.06773972286   1.18206474834e-05  
    2.07601066845   1.87978006872e-05  
    2.08431463547   5.58367217427e-05  
    2.09265210542   3.94721445389e-05  
    2.10102259513   4.18668368109e-05  
    2.10942658742   4.71736072306e-05  
    2.11786432936   3.23591175428e-05  
    2.12633582256   5.02563684458e-05  
    2.13484131755    3.9850192901e-05  
     2.1433805613    7.2460729838e-05  
    2.15195405802   7.97182958877e-05  
    2.16056193754   8.81902312241e-05  
    2.16920420033   9.50671822646e-05  
    2.17788097479   0.000117887486799  
     2.1865925224   0.000125942082721  
    2.19533884309   0.000144765019468  
    2.20412020221   0.000241573439274  
    2.21293673483   0.000200797087908  
    2.22178844042   0.000235926937145  
    2.23067559034   0.000303113302156  
    2.23959832256   0.000342786910055  
    2.24855677603   0.000282283577931  
    2.25755094977   0.000291864308207  
    2.26658112356   0.000292126968838  
    2.27564743949   0.000302973742449  
    2.28475004076   0.000362693761004  
    2.29388907166   0.000347190093364  
    2.30306467764   0.000384248665075  
    2.31227685738    0.00040953280533  
    2.32152605332   0.000425985144118  
    2.33081211742   0.000531190792936  
    2.34013534778    0.00050377741763  
    2.34949589586   0.000457522241156  
     2.3588939144   0.000398240991642  
    2.36832940228   0.000321778014914  
    2.37780282395   0.000307968531227  
    2.38731402457   0.000342672774011  
    2.39686315846   0.000348261752935  
    2.40645070173   0.000340706130196  
    2.41607649617   0.000282363967972  
    2.42574070034   0.000344149643701  
    2.43544380238   0.000425558900303  
    2.44518547545   0.000278388692047  
    2.45496621204   0.000250979747189  
    2.46478618067   0.000287864396197  
    2.47464521268   0.000244061804703  
    2.48454381326   0.000240520016095  
    2.49448198371   0.000232322206937  
    2.50445989506   0.000193153446235  
       2.51447772   0.000279316685938  
    2.52453563299   0.000209917253345  
    2.53463381022   0.000289288058742  
    2.54477242968   0.000217449555892  
    2.55495149062   0.000169783032638  
    2.56517135243   0.000190061731958  
    2.57543201517   0.000200126156158  
    2.58573365996   0.000170174234846  
    2.59607665626   0.000142879830106  
    2.60646100556   0.000170218731877  
    2.61688670542   0.000157499724139  
    2.62735432224   0.000144226113868  
    2.63786366667   0.000188538950653  
    2.64841512134   0.000172854473838  
    2.65900888157   0.000139754406679  
    2.66964494773   0.000118620178368  
    2.68032351485   0.000106811304801  
    2.69104478018   0.000106069730994  
    2.70180894321   0.000167471327838  
    2.71261620574   0.000145416138464  
    2.72346656674   0.000172759023181  
    2.73436043466    0.00014524396725  
    2.74529801844   0.000135617422509  
     2.7562791092   9.94210737824e-05  
    2.76730433452   0.000125626990529  
    2.77837348379   0.000124207169927  
    2.78948698116     0.0001011958912  
    2.80064482621   0.000138535305071  
     2.8118474517   0.000117804489928  
    2.82309485907   0.000173285457866  
    2.83438726773   0.000107318150915  
    2.84572489981    0.00010696924658  
    2.85710775442   0.000137786463518  
    2.86853605393   8.45066033439e-05  
      2.880010253   9.58395128634e-05  
    2.89153035391   0.000157003582885  
    2.90309635457   0.000111943957707  
    2.91470895348   0.000148031476733  
    2.92636768263   0.000116409175795  
    2.93807324851   0.000118300658006  
    2.94982541299   0.000111315759568  
    2.96162465374   9.28669143607e-05  
    2.97347121472   0.000106795826928  
    2.98536509663   8.76082358773e-05  
    2.99730654414   7.28732872446e-05  
    3.00929580525   8.95919852658e-05  
    3.02133287881   0.000106127830055  
    3.03341826813   9.01095404132e-05  
    3.04555197494   7.78865144407e-05  
    3.05773425498   5.13916453542e-05  
    3.06996510682   4.96270974436e-05  
    3.08224504996   5.35139179612e-05  
    3.09457408611   9.75761565739e-05  
    3.10695221222   6.57868048493e-05  
    3.11937995887   8.26789022771e-05  
    3.13185759762   4.41218812131e-05  
    3.14438513044   4.23450281356e-05  
    3.15696255453   6.42712047088e-05  
    3.16959041803   6.23328014445e-05  
    3.18226872167   6.08972688614e-05  
    3.19499774367   8.59186792762e-05  
     3.2077777664   5.87081493491e-05  
    3.22060907639   6.16865688063e-05  
    3.23349138593   7.06514695521e-05  
    3.24642526784   5.21831125558e-05  
    3.25941101458   4.49130325849e-05  
    3.27244862677   5.50036943967e-05  
    3.28553839867   4.72297704833e-05  
    3.29868062902   2.59585120805e-05  
    3.31187531768   4.15450315601e-05  
    3.32512276534   6.53234826492e-05  
    3.33842327728   4.20347379596e-05  
    3.35177716355   4.57239463063e-05  
    3.36518411244   6.10556814282e-05  
    3.37864506026   3.73478584304e-05  
    3.39215937671   6.22385404971e-05  
    3.40572801038   5.66856286691e-05  
    3.41935096495   5.46056645039e-05  
    3.43302856495    5.0073880693e-05  
     3.4467604828   7.01300267038e-05  
    3.46054770028   4.02500081698e-05  
    3.47438988975   3.91331339524e-05  
    3.48828738091    1.4326352832e-05  
    3.50224050881   3.58820843513e-05  
    3.51624961393   3.39921828232e-05  
    3.53031435276   4.66904618165e-05  
    3.54443575556   4.86779240852e-05  
    3.55861347905    3.5111640824e-05  
    3.57284786965    3.6604307268e-05  
    3.58713927957   3.09518095826e-05  
    3.60148770802   2.78793136513e-05  
    3.61589387213   3.84496221118e-05  
    3.63035741275   2.82323489353e-05  
    3.64487868866   3.57443252978e-05  
    3.65945843514   5.79325936895e-05  
    3.67409628525   4.52446045344e-05  
     3.6887926074   3.94699330764e-05  
    3.70354777632   5.24422987582e-05  
    3.71836179065   4.77715382296e-05  
    3.73323541447   8.69425972961e-05  
    3.74816826477   4.47087973544e-05  
    3.76316111576   3.61666340708e-05  
    3.77821357615   5.44829158249e-05  
    3.79332643045   6.66929372003e-05  
    3.80849968022   5.20851512845e-05  
    3.82373372567   5.74014856247e-05  
    3.83902856636   5.92620349015e-05  
    3.85438501793   7.44020685123e-05  
    3.86980225926   7.43472907678e-05  
    3.88528152486   4.80181570013e-05  
    3.90082282035   6.02248579922e-05  
    3.91642614544   7.72281112013e-05  
     3.9320919216   4.28391920761e-05  
    3.94782014671   5.49179245091e-05  
    3.96361124722   6.90343410778e-05  
     3.9794656573   5.92531336972e-05  
    3.99538381902   6.58010381977e-05  
    4.01136529223   4.88235784763e-05  
    4.02741051384   6.50490755811e-05  
    4.04352038115   8.19875925029e-05  
    4.05969444633   4.95196874722e-05  
    4.07593316003   7.92829730312e-05  
    4.09223698126   0.000107885644725  
    4.10860591058   4.45742007939e-05  
    4.12504041299   7.11828169414e-05  
    4.14154048768   8.21980837167e-05  
    4.15810660581     0.0001186425183  
    4.17473924737   8.70952113834e-05  
     4.1914379294   6.68435211935e-05  
    4.20820361671   7.59906656818e-05  
    4.22503631116   4.44870756402e-05  
    4.24193650599   8.71565708507e-05  
    4.25890420203   6.18177539487e-05  
    4.27593989945   7.79597872059e-05  
    4.29304359811   8.34635386668e-05  
    4.31021606223   7.57094375122e-05  
    4.32745677891   7.04149459915e-05  
    4.34476677871   8.06454359908e-05  
    4.36214580283   9.96514098696e-05  
    4.37959437336    9.3541587116e-05  
    4.39711275511    8.1489064864e-05  
    4.41470121473   8.65383471427e-05  
    4.43236002067    5.7952752491e-05  
    4.45008944329   4.43108356751e-05  
    4.46788975486   9.11513732397e-05  
     4.4857612296   6.30869592252e-05  
     4.5037044243   9.14162955022e-05  
    4.52171905834   4.31342324629e-05  
    4.53980597546   5.64830830305e-05  
    4.55796517761   5.78899227325e-05  
    4.57619723913   8.38652070806e-05  
    4.59450186987   0.000109286716895  
    4.61287994068   8.62503058399e-05  
    4.63133145335   0.000152506388331  
    4.64985670171   6.20441686598e-05  
    4.66845628346   8.57684241755e-05  
    4.68712989672   0.000129470015595  
    4.70587844804   9.77216918257e-05  
    4.72470193969   0.000117669596543  
    4.74360098925   6.23768860544e-05  
    4.76257528571   0.000109829268005  
    4.78162544951   0.000108958550349  
    4.80075211388    0.00012711098643  
    4.81995496102    0.00010979500477  
    4.83923495122   0.000103277412413  
    4.85859176224   8.68908565576e-05  
    4.87802637057   0.000126830237144  
    4.89753844961   0.000116631826285  
     4.9171283236   0.000110593236703  
    4.93679699404   8.00940544463e-05  
    4.95654412786   0.000105976317252  
    4.97637040127   0.000122132277194  
    4.99627581409   0.000104038866209  
    5.01626105463   0.000123762672119  
    5.03632612401    0.00011289340633  
    5.05647136933    0.00014076321556  
    5.07669714118   0.000111989856697  
    5.09700379373   0.000115018835946  
    5.11739204703   6.49932764604e-05  
    5.13786154103   0.000131411638144  
    5.15841300039   0.000122235820454  
    5.17904679429   0.000120789755154  
    5.19976292187   0.000144711387472  
    5.22056175127   0.000155326775395  
    5.24144403461   0.000127161707204  
    5.26240977412   0.000167699939291  
    5.28345973627   9.07850316159e-05  
    5.30459353645    0.00014647253574  
    5.32581194655   9.43432077459e-05  
    5.34711496429      0.000143656493  
     5.3685033765   0.000138157797797  
    5.38997758533   0.000141055763679  
     5.4115375925   7.56520078246e-05  
    5.43318339149   0.000189687025578  
    5.45491620212   0.000158446165016  
    5.47673603057   0.000141344243526  
    5.49864287472   8.85497135275e-05  
    5.52063756715   0.000154208810415  
    5.54272010896   0.000130982298727  
    5.56489092113   0.000183580897307  
    5.58715042976     0.0001762843754  
    5.60949906616   0.000128968089919  
    5.63193726694   0.000127156404961  
    5.65446458961   0.000155696891152  
    5.67708279786   0.000140492321264  
    5.69979100731    0.00016030800436  
    5.72259010817   0.000163855265111  
    5.74548055411   0.000153582600909  
    5.76846234429   0.000153925692797  
      5.791536397   0.000180165420548  
    5.81470224819   0.000155775575933  
    5.83796129572   0.000181464448898  
    5.86131307274   0.000223262183998  
    5.88475852542   0.000205569529646  
    5.90829717285   0.000150293748862  
    5.93193045656   0.000142173506518  
    5.95565838363   0.000187922665769  
    5.97948095214   0.000252669262303  
    6.00339864953   0.000256696875963  
    6.02741247236   0.000254267551302  
    6.05152192044    0.00019290732646  
    6.07572799998   0.000226758148503  
    6.10003122573   0.000211942067676  
    6.12443108191   0.000159804777235  
    6.14892911878   0.000234127306163  
    6.17352481846   0.000252351361814  
    6.19821869966   0.000319752703575  
    6.22301182415   0.000185751950656  
    6.24790365848   0.000268931287068  
    6.27289527528   0.000359786894378  
    6.29798667496   0.000210830256671  
    6.32317895437   0.000265272441935  
    6.34847156357   0.000305965736751  
    6.37386561103   0.000263577752641  
    6.39936109829    0.00029358983072  
    6.42495858819   0.000246328463937  
    6.45065807628   0.000407319372418  
    6.47646070858   0.000263879403396  
    6.50236648851   0.000331425619008  
    6.52837599909   0.000288895034254  
    6.55448983217   0.000217586400086  
    6.58070739056   0.000243711030821  
     6.6070304631   0.000268179607571  
    6.63345845158   0.000206247621853  
    6.65999256893   0.000216840964016  
    6.68663220164   0.000315994199507  
    6.71337857646   0.000202461838995  
     6.7402323211    0.00024680187719  
    6.76719343966   0.000139666082976  
    6.79426192596   0.000316953513144  
    6.82143905059   0.000263977958906  
    6.84872481713   0.000279560263814  
    6.87611987273   0.000225467913005  
    6.90362421565   0.000223754102708  
    6.93123849806   0.000214966617009  
    6.95896338267    0.00020488662475  
    6.98679954287    0.00023366325226  
    7.01474698239   0.000164536950025  
    7.04280569424    0.00024600161278  
    7.07097704376   0.000174906089849  
    7.09926103526   0.000263867850656  
    7.12765766225   0.000266626646787  
    7.15616832394   0.000164649779701  
    7.18479302568   0.000207277169037  
    7.21353248167   0.000253376730275  
    7.24238669254   0.000249926711218  
    7.27135637916   0.000205907117273  
    7.30044153741   0.000198274799024  
    7.32964289499   0.000161597932759  
    7.35896194108   0.000203763638491  
    7.38839793625   0.000184458940417  
    7.41795162807   0.000302438854926  
     7.4476230097   0.000243209112165  
    7.47741360958   0.000179826250749  
    7.50732343484   0.000187876186845  
    7.53735248125   0.000257399581462  
    7.56750152509   0.000173248976467  
     7.5977721547   0.000207036332112  
    7.62816277835   0.000200950964837  
    7.65867579796   0.000181046330655  
    7.68931040992   0.000212945817447  
    7.72006742165   0.000278703897196  
    7.75094765492   0.000305489683578  
    7.78195194613   0.000258114572237  
    7.81307945788   0.000253575530266  
    7.84433186727   0.000140754093011  
    7.87570917764   0.000209603106069  
    7.90721224521   0.000208052809253  
    7.93884106988   0.000191555406544  
    7.97059651818   0.000343312193571  
    8.00247858663   0.000217659631807  
    8.03448815236   0.000256933503177  
    8.06662610855    0.00016738875822  
    8.09889336484   0.000198200419237  
     8.1312881039   0.000272179960561  
    8.16381396885   0.000233044175404  
    8.19646913217   0.000298908102246  
    8.22925450488   0.000267881934689  
    8.26217195928   0.000247075369387  
     8.2952205599   0.000170772079775  
    8.32840124719   0.000199301214433  
    8.36171497933   0.000235094431174  
    8.39516175769   0.000220433188953  
    8.42874255349    0.00024723055365  
    8.46245736585   0.000192045558176  
     8.4963071794   0.000242170084893  
    8.53029299759   0.000251801835657  
    8.56441381387   0.000216717434034  
    8.59867164433   0.000145642412387  
    8.63306597974   0.000190288983524  
    8.66759835958   0.000144983391355  
    8.70226878849   0.000263874463361  
    8.73707778582   0.000200103491993  
    8.77202587434   0.000161183851128  
    8.80711411676   0.000308877520453  
    8.84234251506   0.000230144989394  
    8.87771214789   0.000270633697569  
    8.91322301618   0.000172986914023  
    8.94887566111   0.000197740566463  
    8.98467118599    0.00018283352588  
    9.02061015324   0.000103335985663  
    9.05669256222    0.00026284659373  
    9.09291897023   0.000240261391643  
    9.12929109163    0.00025548465831  
    9.16580777681   0.000197790963264  
    9.20247133927   0.000133760239693  
     9.2392812011   0.000178072699615  
    9.27623794181   0.000245942313899  
    9.31334334528   0.000148137449809  
    9.35059681985   0.000202642265356  
    9.38799895942   0.000334686319354  
    9.42555097729   0.000207213536266  
    9.46325287276   0.000206251132299  
    9.50110587927   0.000127002917501  
    9.53911062623   0.000128604792683  
    9.57726711423   0.000182797655084  
    9.61557596868   0.000185896119227  
    9.65403846516   0.000155438007405  
    9.69265460608   0.000179228646688  
    9.73142503402   0.000304620201108  
    9.77035105768   0.000230073663523  
    9.80943201648   0.000206133949969  
    9.84866989689   0.000210899908299  
    9.88806470579   0.000136259036029  
    9.92761711669   0.000249411771608  
    9.96732712253   0.000149368771887  
    10.0071967787    0.00022019189562  
    10.0472253989   0.000225251432029  
    10.0874143706    0.00278407227254  
