      wave_micron        flux_mjy  
  0.0156853443263             0.0  
  0.0157424663449             0.0  
  0.0158054356507             0.0  
  0.0158686569118             0.0  
  0.0159321318584             0.0  
  0.0159958604977             0.0  
  0.0160598445808             0.0  
  0.0161240841083             0.0  
  0.0161885808528             0.0  
  0.0162533348082             0.0  
  0.0163183477691             0.0  
  0.0163836215635             0.0  
  0.0164491561976             0.0  
  0.0165149516526             0.0  
  0.0165810116545             0.0  
  0.0166473362235             0.0  
  0.0167139253547             0.0  
  0.0167807809484             0.0  
  0.0168479049407             0.0  
  0.0169152953802             0.0  
  0.0169829561599             0.0  
  0.0170508892791             0.0  
  0.0171190927561             0.0  
  0.0171875685703             0.0  
  0.0172563187389             0.0  
  0.0173253453176             0.0  
  0.0173946452152             0.0  
  0.0174642246251             0.0  
  0.0175340814816             0.0  
  0.0176042178752             0.0  
  0.0176746348662             0.0  
  0.0177453324422             0.0  
  0.0178163138284             0.0  
  0.0178875790356             0.0  
  0.0179591302593             0.0  
   0.018030966394             0.0  
  0.0181030896418             0.0  
  0.0181755022485             0.0  
  0.0182482042211             0.0  
  0.0183211978404             0.0  
  0.0183944819524             0.0  
  0.0184680600153             0.0  
  0.0185419320346             0.0  
  0.0186161003639             0.0  
  0.0186905650087             0.0  
  0.0187653271533             0.0  
  0.0188403879917             0.0  
  0.0189157499541             0.0  
  0.0189914130476             0.0  
  0.0190673784962             0.0  
  0.0191436475346             0.0  
  0.0192202226747             0.0  
  0.0192971026499             0.0  
  0.0193742912707             0.0  
  0.0194517885495             0.0  
  0.0195295957766             0.0  
  0.0196077142543             0.0  
  0.0196861452965             0.0  
  0.0197648902299             0.0  
  0.0198439490432             0.0  
  0.0199233257773             0.0  
  0.0200030190859             0.0  
  0.0200830303139             0.0  
   0.020163362213             0.0  
   0.020244016188             0.0  
  0.0203249922415             0.0  
  0.0204062917725             0.0  
  0.0204879176333             0.0  
  0.0205698683849             0.0  
  0.0206521483595             0.0  
  0.0207347575754             0.0  
  0.0208176960197             0.0  
  0.0209009666426             0.0  
  0.0209845709483             0.0  
   0.021068508935             0.0  
  0.0211527836369             0.0  
  0.0212373935147             0.0  
  0.0213223431819             0.0  
  0.0214076326548             0.0  
  0.0214932635009             0.0  
  0.0215792373054             0.0  
  0.0216655540623             0.0  
  0.0217522153544             0.0  
  0.0218392244177             0.0  
  0.0219265812629             0.0  
  0.0220142875284             0.0  
   0.022102344872             0.0  
  0.0221907549711             0.0  
  0.0222795178215             0.0  
     0.0223686351             0.0  
  0.0224581102329             0.0  
  0.0225479432363             0.0  
  0.0226381340923             0.0  
    0.02272868629             0.0  
  0.0228196016112             0.0  
  0.0229108800607             0.0  
  0.0230025234219             0.0  
  0.0230945335011             0.0  
  0.0231869121271             0.0  
  0.0232796592944             0.0  
  0.0233727787076             0.0  
  0.0234662684912             0.0  
  0.0235601342854             0.0  
  0.0236543742035             0.0  
  0.0237489920624             0.0  
  0.0238439878675             0.0  
  0.0239393635529             0.0  
  0.0240351210781             0.0  
  0.0241312624294             0.0  
  0.0242277876074             0.0  
  0.0243246986042             0.0  
  0.0244219974394             0.0  
  0.0245196840988             0.0  
  0.0246177647639             0.0  
  0.0247162353057             0.0  
  0.0248150998684             0.0  
  0.0249143605646             0.0  
  0.0250140173915             0.0  
  0.0251140746327             0.0  
  0.0252145301323             0.0  
  0.0253153882178             0.0  
  0.0254166488883             0.0  
   0.025518316569             0.0  
  0.0256203890373             0.0  
  0.0257228707652             0.0  
  0.0258257617563             0.0  
  0.0259290665849             0.0  
  0.0260327829623             0.0  
  0.0261369131704             0.0  
  0.0262414618859             0.0  
  0.0263464267569             0.0  
  0.0264518125117             0.0  
  0.0265576191548             0.0  
  0.0266638490876             0.0  
  0.0267705047483             0.0  
  0.0268775886124             0.0  
   0.026985098201             0.0  
  0.0270930384635             0.0  
  0.0272014093945             0.0  
   0.027310216061             0.0  
  0.0274194559189             0.0  
  0.0275291340945             0.0  
  0.0276392505996             0.0  
  0.0277498080437             0.0  
  0.0278608064171             0.0  
  0.0279722510321             0.0  
  0.0280841392175             0.0  
  0.0281964763499             0.0  
  0.0283092624414             0.0  
  0.0284225002304             0.0  
  0.0285361897086             0.0  
  0.0286503336378             0.0  
  0.0287649348254             0.0  
  0.0288799961254             0.0  
  0.0289955146745             0.0  
  0.0291114961891             0.0  
  0.0292279435974             0.0  
  0.0293448539722             0.0  
  0.0294622331746             0.0  
  0.0295800842108             0.0  
  0.0296984040898             0.0  
  0.0298171957753             0.0  
  0.0299364653541             0.0  
   0.030056212869             0.0  
  0.0301764351955             0.0  
   0.030297141651             0.0  
  0.0304183322902             0.0  
   0.030540003925             0.0  
  0.0306621628877             0.0  
  0.0307848124195             0.0  
  0.0309079525434             0.0  
  0.0310315832356             0.0  
    0.03115571108             0.0  
  0.0312803327616             0.0  
  0.0314054549548             0.0  
  0.0315310776845             0.0  
  0.0316572009275             0.0  
  0.0317838280754             0.0  
  0.0319109660721             0.0  
  0.0320386079596             0.0  
  0.0321667642428             0.0  
  0.0322954314137             0.0  
  0.0324246130101             0.0  
  0.0325543090014             0.0  
  0.0326845266313             0.0  
  0.0328152659439             0.0  
  0.0329465269336             0.0  
  0.0330783132954             0.0  
   0.033210625012             0.0  
   0.033343469638             0.0  
  0.0334768433941             0.0  
  0.0336107500733             0.0  
  0.0337451935402             0.0  
   0.033880173797             0.0  
  0.0340156947608             0.0  
  0.0341517564247             0.0  
  0.0342883627599             0.0  
  0.0344255178135             0.0  
  0.0345632175188             0.0  
   0.034701474139             0.0  
  0.0348402773911             0.0  
  0.0349796396789             0.0  
  0.0351195589536             0.0  
   0.035260035177             0.0  
  0.0354010768498             0.0  
  0.0355426796991             0.0  
  0.0356848523573             0.0  
  0.0358275904781             0.0  
  0.0359709006102             0.0  
  0.0361147849876             0.0  
  0.0362592436068             0.0  
  0.0364042809523             0.0  
  0.0365498970178             0.0  
  0.0366960986659             0.0  
  0.0368428812899             0.0  
  0.0369902541514             0.0  
  0.0371382149325             0.0  
  0.0372867683334             0.0  
  0.0374359143444             0.0  
  0.0375856577413             0.0  
  0.0377360009557             0.0  
  0.0378869439793             0.0  
  0.0380384917058             0.0  
  0.0381906466288             0.0  
  0.0383434087434             0.0  
  0.0384967830666             0.0  
   0.038650769597             0.0  
  0.0388053734364             0.0  
   0.038960594588             0.0  
  0.0391164356184             0.0  
  0.0392729017611             0.0  
  0.0394299930284             0.0  
  0.0395877147451             0.0  
  0.0397460642231             0.0  
  0.0399050495458             0.0  
  0.0400646707415             0.0  
   0.040224927778             0.0  
  0.0403858289483             0.0  
  0.0405473714781             0.0  
  0.0407095609641             0.0  
  0.0408724002575             0.0  
  0.0410358893525             0.0  
  0.0412000310899             0.0  
  0.0413648312727             0.0  
  0.0415302928712             0.0  
  0.0416964129266             0.0  
  0.0418631973335             0.0  
  0.0420306521135             0.0  
  0.0421987742598             0.0  
   0.042367569835             0.0  
  0.0425370388292             0.0  
  0.0427071874205             0.0  
  0.0428780156177             0.0  
   0.043049526541             0.0  
  0.0432217265482             0.0  
  0.0433946124512             0.0  
  0.0435681906547             0.0  
  0.0437424644236             0.0  
  0.0439174337544             0.0  
   0.044093105242             0.0  
  0.0442694755483             0.0  
  0.0444465547052             0.0  
  0.0446243393465             0.0  
  0.0448028362515             0.0  
  0.0449820488816             0.0  
  0.0451619772443             0.0  
  0.0453426248022             0.0  
  0.0455239950608             0.0  
   0.045706091569             0.0  
  0.0458889143101             0.0  
  0.0460724704748             0.0  
   0.046256760079             0.0  
   0.046441790463             0.0  
  0.0466275542247             0.0  
  0.0468140661927             0.0  
  0.0470013226687             0.0  
  0.0471893273967             0.0  
  0.0473780841697             0.0  
  0.0475675968309             0.0  
  0.0477578692744             0.0  
  0.0479488975641             0.0  
   0.048140693455             0.0  
  0.0483332569947             0.0  
  0.0485265921937             0.0  
  0.0487206949799             0.0  
  0.0489155815836             0.0  
   0.049111243877             0.0  
   0.049307685897             0.0  
  0.0495049159376             0.0  
  0.0497029382501             0.0  
  0.0499017486086             0.0  
   0.050101355483             0.0  
  0.0503017632032             0.0  
  0.0505029674168             0.0  
  0.0507049811828             0.0  
   0.050907800134             0.0  
  0.0511114331187             0.0  
    0.05131587565             0.0  
  0.0515211412192             0.0  
  0.0517272253272             0.0  
  0.0519341324971             0.0  
  0.0521418719793             0.0  
  0.0523504391491             0.0  
  0.0525598386228             0.0  
  0.0527700798601             0.0  
  0.0529811581091             0.0  
  0.0531930829348             0.0  
   0.053405854351             0.0  
   0.053619482147             0.0  
  0.0538339564734             0.0  
  0.0540492921197             0.0  
  0.0542654891273             0.0  
  0.0544825525434             0.0  
  0.0547004823653             0.0  
  0.0549192836769             0.0  
  0.0551389616421             0.0  
  0.0553595162538             0.0  
  0.0555809580109             0.0  
  0.0558032816516             0.0  
  0.0560264924201             0.0  
  0.0562506010693             0.0  
  0.0564756022102             0.0  
  0.0567015067269             0.0  
  0.0569283091019             0.0  
  0.0571560259525             0.0  
  0.0573846461207             0.0  
  0.0576141864508             0.0  
  0.0578446412999             0.0  
  0.0580760220995             0.0  
  0.0583083230765             0.0  
  0.0585415558071             0.0  
  0.0587757262298             0.0  
  0.0590108284451             0.0  
  0.0592468683068             0.0  
   0.059483857834             0.0  
      0.059721791             0.0  
   0.059960679981             0.0  
  0.0602005248295             0.0  
  0.0604413255067             0.0  
  0.0606830881933             0.0  
  0.0609258255401             0.0  
  0.0611695248559             0.0  
  0.0614142052735             0.0  
  0.0616598603809             0.0  
  0.0619065031726             0.0  
  0.0621541271011             0.0  
  0.0624027453381             0.0  
  0.0626523579279             0.0  
  0.0629029648195             0.0  
  0.0631545727019             0.0  
  0.0634071952761             0.0  
  0.0636608257455             0.0  
  0.0639154639987             0.0  
  0.0641711310012             0.0  
  0.0644278127187             0.0  
  0.0646855232552             0.0  
  0.0649442626117             0.0  
  0.0652040452661             0.0  
  0.0654648566764             0.0  
  0.0657267187584             0.0  
  0.0659896241762             0.0  
  0.0662535878291             0.0  
  0.0665186022408             0.0  
  0.0667846748831             0.0  
  0.0670518133677             0.0  
  0.0673200176808             0.0  
  0.0675892955364             0.0  
  0.0678596547942             0.0  
  0.0681310955057             0.0  
  0.0684036176189             0.0  
  0.0686772371465             0.0  
  0.0689519460626             0.0  
  0.0692277524068             0.0  
  0.0695046643732             0.0  
  0.0697826819665             0.0  
  0.0700618092917             0.0  
  0.0703420589619             0.0  
   0.070623426789             0.0  
  0.0709059212687             0.0  
  0.0711895423753             0.0  
  0.0714743031091             0.0  
  0.0717601991258             0.0  
  0.0720472391778             0.0  
  0.0723354277057             0.0  
  0.0726247691824             0.0  
  0.0729152681139             0.0  
    0.07320692904             0.0  
  0.0734997565348             0.0  
  0.0737937552076             0.0  
  0.0740889344083             0.0  
  0.0743852894469             0.0  
  0.0746828297095             0.0  
  0.0749815599532             0.0  
  0.0752814849739             0.0  
  0.0755826145031             0.0  
  0.0758849436633             0.0  
  0.0761884822289             0.0  
  0.0764932351588             0.0  
  0.0767992074549             0.0  
  0.0771064092587             0.0  
  0.0774148303731             0.0  
  0.0777244912211             0.0  
  0.0780353918892             0.0  
  0.0783475323458             0.0  
  0.0786609230457             0.0  
  0.0789755639691             0.0  
  0.0792914657527             0.0  
   0.079608633823             0.0  
  0.0799270681838             0.0  
  0.0802467742357             0.0  
   0.080567762995             0.0  
  0.0808900344938             0.0  
   0.081213594294             0.0  
  0.0815384480128             0.0  
  0.0818646013243             0.0  
  0.0821920599602             0.0  
  0.0825208297115             0.0  
  0.0828509105458             0.0  
  0.0831823141643             0.0  
   0.083515046541             0.0  
  0.0838491076875             0.0  
  0.0841845035616             0.0  
  0.0845212401854             0.0  
  0.0848593236462             0.0  
   0.085198760098             0.0  
   0.085539555763             0.0  
  0.0858817169328             0.0  
  0.0862252435974             0.0  
  0.0865701420383             0.0  
  0.0869164250829             0.0  
  0.0872640927855             0.0  
  0.0876131450676             0.0  
  0.0879636016111             0.0  
  0.0883154558578             0.0  
   0.088668714379             0.0  
  0.0890233906167             0.0  
  0.0893794846157             0.0  
  0.0897370031866             0.0  
  0.0900959462655             0.0  
  0.0904563346886             0.0  
  0.0908181615483             0.0  
  0.0911814338254             0.0  
  0.0915461585877             0.0  
  0.0919123429913             0.0  
  0.0922799869838             0.0  
  0.0926491124422             0.0  
   0.093019704726             0.0  
  0.0933917859573             0.0  
  0.0937653562234             0.0  
  0.0941404154694             0.0  
  0.0945169788091             0.0  
  0.0948950462631             0.0  
  0.0952746254872             0.0  
  0.0956557242391             0.0  
  0.0960383424748             0.0  
    0.09642249594             0.0  
  0.0968081927081             0.0  
  0.0971954247693             0.0  
    0.09758420003             0.0  
  0.0979745429595             0.0  
  0.0983664371996             0.0  
  0.0987599075112             0.0  
  0.0991549455969             0.0  
  0.0995515597278             0.0  
  0.0999497668536             0.0  
   0.100349567056             0.0  
   0.100750968963             0.0  
    0.10115397256             0.0  
   0.101558586513             0.0  
   0.101964819616             0.0  
   0.102372680792             0.0  
   0.102782170036             0.0  
   0.103193296316             0.0  
   0.103606068731             0.0  
   0.104020496516             0.0  
   0.104436579694             0.0  
   0.104854327552             0.0  
   0.105273740019             0.0  
   0.105694836009             0.0  
   0.106117615583             0.0  
   0.106542088371             0.0  
   0.106968254342             0.0  
    0.10739613307             0.0  
   0.107825714704             0.0  
   0.108257019043             0.0  
   0.108690046111             0.0  
    0.10912480597             0.0  
   0.109561308842             0.0  
   0.109999544368             0.0  
   0.110439543503             0.0  
   0.110881306421             0.0  
   0.111324833128             0.0  
   0.111770134167             0.0  
   0.112217209458             0.0  
   0.112666080506             0.0  
   0.113116747406             0.0  
   0.113569210079             0.0  
    0.11402349056             0.0  
    0.11447957772             0.0  
   0.114937505188             0.0  
   0.115397250435             0.0  
   0.115858836044             0.0  
    0.11632227356             0.0  
   0.116787563027             0.0  
   0.117254716096             0.0  
   0.117723732736             0.0  
   0.118194624709             0.0  
   0.118667403978             0.0  
    0.11914207054             0.0  
   0.119618648741             0.0  
   0.120097114076             0.0  
   0.120577503377             0.0  
   0.121059816793             0.0  
   0.121544054295             0.0  
   0.122030228427             0.0  
   0.122518351955             0.0  
   0.123008424898             0.0  
    0.12350046016             0.0  
   0.123994457695             0.0  
   0.124490443835             0.0  
   0.124988405397             0.0  
   0.125488355577             0.0  
   0.125990307807             0.0  
   0.126494275758             0.0  
   0.127000245701             0.0  
   0.127508245074             0.0  
    0.12801828796             0.0  
   0.128530360378             0.0  
   0.129044476247             0.0  
   0.129560649739             0.0  
   0.130078895284             0.0  
   0.130599212962             0.0  
   0.131121602652             0.0  
   0.131646093737             0.0  
   0.132172686404             0.0  
   0.132701365544             0.0  
   0.133232176219             0.0  
   0.133765103397             0.0  
   0.134300162271             0.0  
   0.134837368321             0.0  
   0.135376721612             0.0  
   0.135918222001             0.0  
   0.136461901057             0.0  
   0.137007742892             0.0  
   0.137555779549             0.0  
   0.138105994852             0.0  
   0.138658421326             0.0  
   0.139213050809             0.0  
   0.139769908149             0.0  
   0.140328985025             0.0  
   0.140890298152             0.0  
   0.141453864571             0.0  
   0.142019675725             0.0  
   0.142587757413             0.0  
   0.143158109703             0.0  
   0.143730741295             0.0  
   0.144305660953             0.0  
     0.1448828865             0.0  
   0.145462417974             0.0  
   0.146044264332             0.0  
   0.146628443812             0.0  
    0.14721495644             0.0  
   0.147803820742             0.0  
   0.148395036739             0.0  
   0.148988613741             0.0  
   0.149584570717             0.0  
    0.15018290769             0.0  
   0.150783634197             0.0  
   0.151386769673             0.0  
   0.151992324049             0.0  
   0.152600287381             0.0  
   0.153210689412             0.0  
    0.15382353019             0.0  
   0.154438829972             0.0  
   0.155056578518             0.0  
    0.15567680657             0.0  
   0.156299514214             0.0  
    0.15692471185             0.0  
   0.157552409977             0.0  
    0.15818261919             0.0  
   0.158815350183             0.0  
   0.159450613755             0.0  
   0.160088420804             0.0  
   0.160728771267             0.0  
   0.161371687153             0.0  
   0.162017168434             0.0  
   0.162665237514             0.0  
   0.163315905841             0.0  
   0.163969161936             0.0  
   0.164625040157             0.0  
   0.165283540598             0.0  
   0.165944674901             0.0  
   0.166608454833             0.0  
   0.167274892283             0.0  
   0.167943987181             0.0  
   0.168615763567             0.0  
   0.169290221434             0.0  
    0.16996738528             0.0  
   0.170647255169             0.0  
   0.171329843488             0.0  
   0.172015162761             0.0  
   0.172703225652             0.0  
   0.173394044972             0.0  
   0.174087620686             0.0  
   0.174783965587             0.0  
   0.175483105814             0.0  
   0.176185028167             0.0  
   0.176889772394             0.0  
   0.177597338699             0.0  
   0.178307727023             0.0  
   0.179020950763             0.0  
   0.179737037323             0.0  
   0.180455986807             0.0  
   0.181177813108             0.0  
   0.181902516113             0.0  
   0.182630138307             0.0  
   0.183360651225             0.0  
   0.184094097823             0.0  
   0.184830478239             0.0  
   0.185569792332             0.0  
   0.186312069427             0.0  
   0.187057324515             0.0  
   0.187805542552             0.0  
   0.188556768668             0.0  
   0.189311003085             0.0  
   0.190068245741             0.0  
   0.190828511884             0.0  
   0.191591832701             0.0  
   0.192358192514             0.0  
     0.1931276228             0.0  
   0.193900139646             0.0  
   0.194675743117             0.0  
    0.19545444935             0.0  
   0.196236258206             0.0  
    0.19702120251             0.0  
   0.197809299078             0.0  
   0.198600531156             0.0  
   0.199394932263             0.0  
   0.200192502344             0.0  
   0.200993275664             0.0  
   0.201797252382             0.0  
   0.202604449942             0.0  
   0.203414868307             0.0  
   0.204228525003             0.0  
    0.20504543781             0.0  
   0.205865624771             0.0  
   0.206689085885             0.0  
   0.207515839287             0.0  
   0.208345903386             0.0  
   0.209179278109             0.0  
   0.210016000869             0.0  
   0.210856071857             0.0  
   0.211699490941             0.0  
   0.212546277026             0.0  
   0.213396468821             0.0  
   0.214250046937             0.0  
   0.215107050522             0.0  
    0.21596747968             0.0  
   0.216831354335             0.0  
   0.217698674411             0.0  
   0.218569480447             0.0  
   0.219443752038             0.0  
   0.220321530195             0.0  
   0.221202814979             0.0  
    0.22208762725             0.0  
   0.222975966893             0.0  
   0.223867876408             0.0  
   0.224763356022             0.0  
    0.22566240562             0.0  
   0.226565046741             0.0  
   0.227471323449             0.0  
   0.228381191466             0.0  
   0.229294717399             0.0  
   0.230211901517             0.0  
   0.231132743741             0.0  
   0.232057289795             0.0  
    0.23298551673             0.0  
   0.233917447399             0.0  
   0.234853128678             0.0  
   0.235792537111             0.0  
   0.236735696159             0.0  
   0.237682653894             0.0  
   0.238633386357             0.0  
   0.239587917649             0.0  
   0.240546272283             0.0  
   0.241508450202             0.0  
   0.242474476173             0.0  
   0.243444375393             0.0  
   0.244418147897             0.0  
   0.245395819152             0.0  
   0.246377415072             0.0  
   0.247362935807             0.0  
   0.248352381126             0.0  
   0.249345777063             0.0  
   0.250343176971             0.0  
   0.251344527244             0.0  
   0.252349908614             0.0  
    0.25335932151             0.0  
   0.254372765977             0.0  
   0.255390241673             0.0  
   0.256411804211             0.0  
   0.257437453804             0.0  
   0.258467218904             0.0  
   0.259501070763             0.0  
   0.260539066586             0.0  
   0.261581235703             0.0  
   0.262627548869             0.0  
   0.263678064881             0.0  
   0.264732783961             0.0  
    0.26579170593             0.0  
   0.266854891235             0.0  
   0.267922309574             0.0  
   0.268993991277             0.0  
   0.270069967242             0.0  
   0.271150237445             0.0  
   0.272234833207             0.0  
   0.273323786442             0.0  
   0.274417065131             0.0  
   0.275514733392             0.0  
   0.276616791411             0.0  
   0.277723272009             0.0  
   0.278834175318             0.0  
   0.279949501047             0.0  
   0.281069299253             0.0  
   0.282193587055             0.0  
   0.283322347287             0.0  
   0.284455648488             0.0  
   0.285593473589             0.0  
   0.286735839763             0.0  
    0.28788278206             0.0  
   0.289034318324             0.0  
    0.29019044848             0.0  
    0.29135120839             0.0  
   0.292516616291             0.0  
   0.293686690561             0.0  
   0.294861431089             0.0  
   0.296040874868             0.0  
   0.297225040705             0.0  
   0.298413947558             0.0  
   0.299607595302             0.0  
    0.30080602213             0.0  
   0.302009247464             0.0  
    0.30321729089             0.0  
     0.3044301523             0.0  
   0.305647871155             0.0  
   0.306870467543             0.0  
   0.308097941391             0.0  
   0.309330333157             0.0  
   0.310567663464             0.0  
   0.311809932292             0.0  
   0.313057181141             0.0  
   0.314309410034             0.0  
   0.315566639853             0.0  
   0.316828913182             0.0  
   0.318096230131             0.0  
   0.319368612178             0.0  
   0.320646081009             0.0  
   0.321928658521             0.0  
   0.323216389208             0.0  
   0.324509250809             0.0  
   0.325807288084             0.0  
   0.327110523813             0.0  
   0.328418957898             0.0  
   0.329732636328             0.0  
   0.331051559108             0.0  
   0.332375773078             0.0  
   0.333705278357             0.0  
   0.335040098608             0.0  
   0.336380257747             0.0  
   0.337725779946             0.0  
   0.339076665006             0.0  
   0.340432986705             0.0  
   0.341794720546             0.0  
   0.343161891185             0.0  
   0.344534548985             0.0  
   0.345912668488             0.0  
   0.347296326266             0.0  
   0.348685522677             0.0  
   0.350080257549             0.0  
   0.351480583114             0.0  
   0.352886499387             0.0  
   0.354298059636             0.0  
   0.355715236968             0.0  
   0.357138112398             0.0  
   0.358566658811             0.0  
   0.360000930978             0.0  
   0.361440928903             0.0  
   0.362886680252             0.0  
   0.364338241478             0.0  
   0.365795584278             0.0  
   0.367258765579             0.0  
   0.368727814453             0.0  
   0.370202701609             0.0  
   0.371683514657             0.0  
   0.373170253946             0.0  
   0.374662949342             0.0  
   0.376161600777             0.0  
   0.377666238169             0.0  
    0.37917689183             0.0  
   0.380693623523             0.0  
   0.382216371204             0.0  
   0.383745259568             0.0  
   0.385280225907             0.0  
   0.386821365205             0.0  
   0.388368645644             0.0  
   0.389922098941             0.0  
   0.391481790084             0.0  
   0.393047719354             0.0  
   0.394619919803             0.0  
   0.396198391308             0.0  
   0.397783200948             0.0  
   0.399374314825             0.0  
   0.400971835143             0.0  
   0.402575693153             0.0  
   0.404186027304             0.0  
    0.40580276818             0.0  
   0.407425985771             0.0  
   0.409055680001             0.0  
   0.410691886307             0.0  
   0.412334677075             0.0  
   0.413984016222             0.0  
   0.415639939898             0.0  
   0.417302484792             0.0  
   0.418971688138             0.0  
    0.42064758773             0.0  
   0.422330183714             0.0  
   0.424019514119             0.0  
   0.425715578715             0.0  
    0.42741845491             0.0  
   0.429128103577             0.0  
   0.430844642772             0.0  
   0.432567993229             0.0  
   0.434298274541             0.0  
   0.436035487278             0.0  
   0.437779631355             0.0  
   0.439530747406             0.0  
   0.441288876713             0.0  
   0.443054019149             0.0  
   0.444826216307             0.0  
   0.446605553183             0.0  
   0.448391944501             0.0  
   0.450185518681             0.0  
   0.451986276277             0.0  
   0.453794217163             0.0  
   0.455609384994             0.0  
   0.457431824142             0.0  
   0.459261534513             0.0  
   0.461098606424             0.0  
   0.462942994629             0.0  
   0.464794744293             0.0  
   0.466653947995             0.0  
   0.468520559477             0.0  
   0.470394625092             0.0  
    0.47227623977             0.0  
   0.474165308069             0.0  
   0.476061973558             0.0  
   0.477966236859             0.0  
   0.479878097875             0.0  
    0.48179760551             0.0  
   0.483724809516             0.0  
   0.485659709962             0.0  
   0.487602357123             0.0  
   0.489552750798             0.0  
   0.491510941797             0.0  
   0.493476981822             0.0  
   0.495450923487             0.0  
   0.497432714296             0.0  
   0.499422459632   10.3483975827  
   0.501420159773             0.0  
   0.503425814233   11.0319605717  
    0.50543953123             0.0  
   0.507461256159             0.0  
   0.509491098746             0.0  
   0.511529115411             0.0  
   0.513575194045             0.0  
   0.515629502992             0.0  
   0.517692042968             0.0  
   0.519762813907             0.0  
   0.521841873299             0.0  
   0.523929220874             0.0  
   0.526024914845   22.7115941369  
   0.528129014504             0.0  
   0.530241520001   11.6589542596  
   0.532362491404             0.0  
   0.534491989902   25.4008823489  
    0.53662995442             0.0  
   0.538776445492             0.0  
   0.540931524796   23.5926370655  
   0.543095255176   11.4353485995  
   0.545267636958             0.0  
   0.547448733858   11.4267527204  
   0.549638546073   11.6864723612  
    0.55183707296    11.657836343  
   0.554044444575             0.0  
    0.55626059541   28.8734990213  
   0.558485657495             0.0  
   0.560719597844             0.0  
   0.562962483405    24.001885202  
   0.565214313975             0.0  
   0.567475191987   12.2005416393  
   0.569745083194    26.301447359  
   0.572024056544             0.0  
   0.574312146998   13.3100124248  
   0.576609389767   13.7179140684  
   0.578915856223   15.7864954333  
   0.581231510563   27.7969835235  
   0.583556424395   43.2819855714  
   0.585890670752   30.0186402261  
   0.588234212906   39.1641027012  
   0.590587161519   43.5882076783  
   0.592949516918   78.0870502645  
   0.595321316499   12.4986240432  
   0.597702597952    46.317225831  
   0.600093399275   24.9946558779  
   0.602493758773   70.8791653902  
   0.604903754268    43.885345998  
   0.607323346614    29.557461948  
   0.609752653807   30.6305607429  
    0.61219167626   13.3797455704  
   0.614640413456             0.0  
   0.617098986326   29.6354772127  
   0.619567395379   16.2514256163  
   0.622045640186   31.3496349346  
   0.624533844723   32.0166946413  
   0.627031967515   48.5019714213  
   0.629540092171             0.0  
   0.632058261237   47.0921613991  
   0.634586517658   48.9361086218  
   0.637124861303   49.8992373133  
   0.639673334899   100.334689598  
   0.642232025774   32.4245989182  
   0.644800978545   34.9528022069  
   0.647380148471   32.5602998187  
   0.649969669425   35.4084109998  
   0.652569587365   68.5535298011  
   0.655179856736             0.0  
   0.657800568591   49.9997617796  
   0.660431769189   48.3316599412  
   0.663073505274   88.2516443836  
   0.665725776595    16.507032517  
   0.668388677604   17.4140628935  
   0.671062256533   51.5491807456  
   0.673746513503   18.9172999767  
   0.676441496628   52.9366779239  
   0.679147254542   37.1032643573  
   0.681863836416    75.937437346  
   0.684591291962   36.5410877953  
   0.687329671447   77.3001634292  
   0.690078974684   18.3851411779  
   0.692839303287   59.6424273594  
   0.695610657402   21.2672432271  
   0.698393088372   75.4919968825  
   0.701186648134   88.7348513935  
   0.703991389227   38.6388145373  
   0.706807364806             0.0  
   0.709634628657    19.488858933  
   0.712473126437   42.0745320165  
   0.715323020253   79.6399240788  
   0.718184310573   39.6876876099  
   0.721057052476   37.5085632139  
   0.723941301714   21.9726967086  
   0.726837058126   56.6234303929  
   0.729744434544   77.3249363023  
    0.73266337379   58.4897010021  
   0.735594047609   120.280827725  
   0.738536398423   38.7947708325  
   0.741490542374             0.0  
   0.744456538845   18.6531849583  
   0.747434328278   18.6219776496  
   0.750424089387   73.2258051464  
   0.753425762242   17.2598785849  
   0.756439467734   93.8575062678  
   0.759465267704   20.1772615536  
   0.762503100235   76.5466147344  
   0.765553088621   115.339393819  
   0.768615358973   126.489206329  
   0.771689785078   58.3087634122  
   0.774776557029   59.3433737577  
   0.777875675396   99.7589572535  
   0.780987139566    49.296973669  
   0.784111079464   107.580936425  
   0.787247561611   16.7806719091  
   0.790396519592   80.9421731019  
   0.793558153516   88.1659429721  
   0.796732328688   39.8641624492  
   0.799919316178    224.25064937  
   0.803118979953   39.8289113796  
   0.806331456982             0.0  
   0.809556747003   143.424397437  
   0.812794990065   63.2821814533  
   0.816046186795   126.312255855  
   0.819310336587    84.295811324  
   0.822587582554   81.6466985029  
   0.825877925024   86.5261645639  
   0.829181436724   133.616222996  
   0.832498191461   179.317774841  
   0.835828189296   66.4585641462  
   0.839171504458   20.5446152019  
   0.842528212291   112.793989615  
   0.845898312618   112.087725821  
   0.849281881239   111.013027259  
   0.852678995109   111.132318072  
   0.856089732362   141.803773087  
   0.859514093183   165.800839833  
   0.862952156231   229.240108335  
    0.86640392096   137.223679219  
   0.869869547625   97.3105894235  
   0.873349036885   203.920044067  
   0.876842470444   101.159570568  
   0.880349848266   70.2657676872  
    0.88387125266   232.688295844  
   0.887406682882      123.380669  
   0.890956306903   242.032579881  
   0.894520125299    117.41747592  
   0.898098223703   216.596410028  
   0.901690602022   215.921625415  
    0.90529734659   220.521051068  
   0.908918545144   216.755357652  
   0.912554286861   201.620322163  
    0.91620448251   240.451765968  
   0.919869310553   183.573537808  
   0.923548771048   200.836363956  
   0.927242954756   25.3155679954  
   0.930951953949    203.48188982  
    0.93467576885   103.827653704  
   0.938414398252   212.228139032  
   0.942168124804    230.32611284  
   0.945936759492   241.944708182  
   0.949720492285   267.104655645  
   0.953519420436    132.40800126  
   0.957333446481   247.024110964  
   0.961162765282   108.490807913  
   0.965007476762       275.18034  
   0.968867481426   183.746228783  
    0.97274297922   79.5582670541  
   0.976633970679   103.357929928  
   0.980540454853   164.074740589  
   0.984462636942   193.133650759  
   0.988400517931   202.271485378  
   0.992354097304   170.864119925  
   0.996323479373    138.31339561  
     1.0003087703   170.256854807  
    1.00431007814   163.213238502  
    1.00832729502   164.530820295  
    1.01236052764   81.3386242031  
    1.01640999533   140.619223969  
    1.02047569976   115.317131003  
    1.02455752863   107.471929999  
    1.02865581791   116.016418224  
    1.03277045575   174.163310104  
    1.03690155548   119.855412995  
    1.04104911636             0.0  
    1.04521325314   91.3192657992  
    1.04939420063   88.5501684802  
    1.05359172389   85.4137226463  
    1.05780605831   90.0522637149  
    1.06203732443   120.165301462  
    1.06628552323    90.030994025  
    1.07055065407   29.5492494045  
    1.07483283844   28.5764845487  
    1.07913220012   64.6290557036  
    1.08344873944   61.4995089085  
     1.0877824551             0.0  
    1.09213359969   81.8310131888  
    1.09650217463   119.696741772  
     1.1008881797   120.698791186  
     1.1052917439   32.6590747801  
    1.10971286672   65.3936163226  
    1.11415174547   122.466839962  
      1.118608314    87.154388861  
    1.12308277256    131.50025496  
    1.12757512183   85.7811759064  
    1.13208536077   27.0398287981  
    1.13661376343   53.2940728486  
    1.14116019235   33.1106780967  
    1.14572485554   65.2081850672  
    1.15030775326   85.6405944136  
    1.15490895553    218.34203315  
    1.15952860483    147.43468948  
    1.16416670132   32.1404045898  
     1.1688233897   58.3898880337  
    1.17349867003   151.063402919  
     1.1781926893   211.791736779  
    1.18290544752   152.872285045  
    1.18763701844   89.7430156084  
    1.19238762871   121.859795209  
    1.19715712662   201.509968442  
    1.20194581802   276.107841767  
    1.20675354877   122.291436872  
    1.21158055106    222.06643453  
    1.21642690421   222.408086552  
    1.22129260833   288.216988086  
    1.22617774218             0.0  
    1.23108246641   159.821305959  
    1.23600678128   284.636934845  
    1.24095085014   425.661586064  
    1.24591467342   201.913328641  
    1.25089833345   314.350704918  
    1.25590191332    171.81720138  
    1.26092549688   231.780531534  
    1.26596925462   202.079185579  
    1.27103310096   340.235214331  
    1.27611720729    266.19826142  
    1.28122166071    311.93335472  
    1.28634654912   450.971542433  
     1.2914919613   381.678670359  
    1.29665789685   445.459420473  
    1.30184453495   172.102365977  
    1.30705196705   449.686019977  
    1.31228019329   341.987087648  
     1.3175293048    585.39268268  
    1.32279939364   461.860440175  
    1.32809055282    566.75308339  
    1.33340297157   456.770879203  
    1.33873655515      257.036107  
    1.34409149405   355.544483272  
    1.34946788529   258.616570077  
    1.35486572862   470.040507996  
    1.36028521997   435.663318623  
    1.36572635965   264.283202059  
    1.37118924663   179.342028746  
    1.37667398097   186.999763123  
    1.38218066385   586.677538252  
     1.3877093976   426.539681085  
    1.39326028573   352.077334449  
    1.39883332813   237.283271598  
    1.40442862818   474.345712821  
    1.41004639701   353.964260001  
    1.41568652828   460.134031292  
    1.42134923472   78.6196320153  
     1.4270347338   439.420753715  
    1.43274280789   276.764107317  
    1.43847378442   331.408365642  
    1.44422766398   278.820909845  
    1.45000455759   235.890990316  
    1.45580457763   202.782193594  
    1.46162783788   376.461100069  
     1.4674743382   281.867489273  
    1.47334419247   121.065393117  
    1.47923763322   167.314077597  
    1.48515454374   419.687946447  
    1.49109515859    159.12471964  
    1.49705959758   221.793051492  
    1.50304786104   201.720680783  
    1.50905994702   134.568347945  
    1.51509622013   256.392521773  
    1.52115668254   71.7265931658  
    1.52724120921   76.1284905372  
    1.53335017254   165.012890039  
    1.53948357374   166.639067637  
    1.54564153965   180.114337419  
    1.55182406983    276.96914566  
    1.55803142154   202.467591473  
    1.56426359579    162.77270609  
    1.57052059122             0.0  
     1.5768026704   211.357807509  
    1.58310983348   164.211147049  
    1.58944234883    80.905791034  
    1.59580008182   134.759902099  
    1.60218330351   213.159525186  
    1.60859201408   297.696191407  
    1.61502635096   160.884579587  
    1.62148645356   89.8320702789  
    1.62797246329   243.277343271  
    1.63448438051   311.140171578  
    1.64102234735   334.438193014  
    1.64758636258             0.0  
    1.65417671562   295.414082938  
    1.66079340718   164.226055887  
    1.66743658437   431.192073822  
     1.6741063965   173.214362599  
    1.68080269246   344.811909913  
    1.68752592389   308.886068549  
    1.69427609314   434.861467595  
    1.70105319998   377.708410348  
    1.70785739784    433.27639652  
    1.71468884249   330.753415187  
    1.72154753335   679.874539931  
    1.72843378724   675.832167636  
    1.73534744462   586.844884867  
    1.74228882598   582.172700063  
    1.74925809556   493.880901285  
    1.75625508976   694.061933189  
    1.76328013667   713.115744821  
    1.77033323648   769.878884546  
    1.77741455594   527.765379152  
    1.78452426446   826.863973914  
     1.7916623622   728.207745238  
    1.79882901993   1164.06206931  
    1.80602423647    1268.2102792  
    1.81324836008   888.048567994  
    1.82050139242   737.657928851  
     1.8277833324   1156.31465783  
    1.83509453688   1080.13858723  
    1.84243482592   1162.75093491  
    1.84980456084   1301.55877835  
    1.85720392704   1036.23782695  
    1.86463274053   1476.56169362  
    1.87209118398   1041.09531803  
     1.8795796324   1109.66020497  
    1.88709789773   1075.03894805  
    1.89464616751   1375.14631035  
    1.90222482632     1266.369414  
    1.90983368203   986.393516289  
    1.91747312426   1219.21890208  
    1.92514295664   1013.18234675  
    1.93284357391   1255.80619606  
    1.94057497714   1341.06065356  
    1.94833716444   1990.15219174  
    1.95613054087   754.853931204  
     1.9639551083   548.032324551  
    1.97181086567   1089.52350223  
    1.97969822875   730.946871902  
    1.98761698878   839.986909572  
     1.9955673539    1127.0530385  
    2.00354975096   871.308582777  
    2.01156396724   951.739398107  
    2.01961021701   528.006108692  
    2.02768849818   1291.34459319  
    2.03579924952   844.511392861  
    2.04394247327   1000.61083472  
    2.05211839415    939.30002445  
    2.06032678619   744.462472587  
    2.06856810064   1160.70223211  
    2.07684233806   1365.17041527  
    2.08514972876   1138.62906278  
    2.09349027249    1431.1508095  
    2.10186420246    1090.1395103  
    2.11027175621   1585.90386174  
    2.11871293521   1630.53157077  
     2.1271877377   1896.56236288  
    2.13569640299   2855.72389287  
    2.14423917486   2881.87024494  
    2.15281605342   2801.51447123  
    2.16142753599     2649.192688  
    2.17007312352   2554.39331992  
     2.1787533147   3160.43551817  
    2.18746836472   2726.51920708  
    2.19621827524   3338.19637738  
    2.20500330503   4003.62041343  
    2.21382319273   4189.63299923  
    2.22267845914   4922.33494884  
    2.23156923834   4136.97723926  
    2.24049553083   4122.99263916  
    2.24945746922   3814.68891882  
    2.25845532359   3762.17675789  
    2.26748909386   5208.68073066  
     2.2765590541   4468.62620741  
    2.28566534384   6112.08081702  
     2.2948079625   5268.56248901  
    2.30398719039   4992.15330476  
    2.31320316998   5293.95493809  
    2.32245604483   5505.78004555  
    2.33174581389   6947.51219649  
    2.34107276615   5761.71881381  
    2.35043704837   5428.84458781  
    2.35983880845   5385.49640677  
    2.36927819543   6289.25242052  
    2.37875535953   6614.73117291  
    2.38827029941   6583.61054186  
    2.39782347203   6931.42077016  
    2.40741472448   5686.04585595  
    2.41704436467   6944.40955037  
    2.42671254905   5335.88460105  
    2.43641943535   6670.60608615  
    2.44616502242   7530.01078395  
       2.45594979   7257.58527065  
    2.46577357813   6577.79992466  
    2.47563654622   5927.29687044  
    2.48553918601   6271.67666521  
    2.49548133412   6766.27124089  
    2.50546315429   6897.15886621  
    2.51548515073   5546.81939338  
    2.52554698583   6515.12095484  
    2.53564916829   7528.57624579  
    2.54579187216   6204.31986684  
    2.55597492322    6481.3732475  
     2.5661988433   6980.70414616  
    2.57646363371   6567.40846946  
    2.58676947111   7264.84614688  
    2.59711653388   6737.16799458  
    2.60750500219   8407.12612143  
    2.61793505804   8867.71569978  
    2.62840688526   6618.93000818  
    2.63892048307   7365.58968738  
    2.64947622269   6823.25968342  
    2.66007410417   8099.94346514  
    2.67071431458   7612.53897984  
    2.68139723552   7848.90761491  
    2.69212286854   6953.51434758  
    2.70289121112   9068.82778628  
    2.71370284826   8461.33771296  
     2.7245575844    7203.1889712  
    2.73545581473   9160.42558979  
    2.74639774102   7553.90807207  
    2.75738336362   8524.64726537  
    2.76841288399   8396.71498783  
    2.77948650585   8046.10962627  
    2.79060443525   8221.76486913  
    2.80176688064   7643.94883494  
    2.81297384093   9024.70343881  
    2.82422573799   7691.56083939  
    2.83552278766   10835.5733682  
    2.84686477416   8766.60443049  
    2.85825234572   9364.75332875  
     2.8696852848    6656.7377808  
    2.88116402948   6283.43781414  
    2.89268857934   7186.96361406  
    2.90425938136   7629.82398337  
    2.91587643703   7080.10653976  
    2.92753997296    7600.7879427  
    2.93925021859   6627.01072726  
      2.951007173   7136.79263418  
    2.96281106587   6673.97700314  
    2.97466236678   5354.08359772  
    2.98656107812   5908.84883984  
     2.9985071977   5930.30610082  
      3.010501447   7247.82836166  
    3.02254334263    6480.1380808  
    3.03463361427     4899.291523  
    3.04677201599   5152.93617997  
    3.05895904115   5379.43418511  
    3.07119494173   4611.47136994  
    3.08347971845   4668.94393632  
    3.09581362403   4536.09450807  
    3.10819691461   4581.37682938  
    3.12062958899   3472.64074147  
    3.13311216706   2855.25150692  
    3.14564465057   3289.10633446  
    3.15822730368   3027.71103751  
    3.17086012492   3569.85502777  
    3.18354365085   2906.32808603  
    3.19627788324   2567.61741509  
    3.20906281894   2627.17267642  
    3.22189900597   2137.62822464  
    3.23478672482    2944.1115009  
    3.24772597752   2701.73841651  
    3.26071676117   2775.18050515  
    3.27375964194   2918.45730162  
    3.28685462056   2706.35971272  
    3.30000198442   2289.05059549  
    3.31320202516   2927.65176709  
    3.32645503871   1494.90542928  
    3.33976072794   2426.13839752  
    3.35311968447   1760.61039355  
    3.36653221038    1996.5530477  
     3.3799983063   2198.46084826  
    3.39351827618   1538.64089593  
    3.40709242856   1475.22512571  
    3.42072076331   1335.96179662  
    3.43440359099   1235.61950317  
    3.44814122692   857.861994922  
    3.46193399134   1436.04894324  
    3.47578156229   991.620686529  
    3.48968490685   991.321057529  
    3.50364337402   596.748329421  
    3.51765794355   925.879374796  
    3.53172861925   804.219853491  
    3.54585573632    1186.6253186  
     3.5600389564   818.953997873  
    3.57427929354   367.604322715  
    3.58857640934   923.033179831  
    3.60293064433   819.394664484  
    3.61734234457   509.506547947  
    3.63181186174   308.423784042  
    3.64633884103   617.422781777  
    3.66092434656   452.749340771  
    3.67556802377   628.239561036  
    3.69027023047   480.557574606  
    3.70503133043   567.740967124  
    3.71985132286   1196.83593901  
    3.73473094844   675.338524227  
    3.74966983622   807.705869756  
    3.76466835677   964.683393908  
    3.77972726954   932.853233692  
    3.79484619552   479.282742663  
    3.81002551525   862.738768494  
    3.82526561575   1375.04210403  
    3.84056649563   677.770874758  
    3.85592894407   672.437810333  
    3.87135256549   313.147540411  
    3.88683815953   597.644491777  
    3.90238532204   801.438360192  
    3.91799486333   905.165088173  
    3.93366678499   953.097039669  
     3.9494015004   722.183740709  
    3.96519900909   516.534050666  
    3.98106015352   625.160613886  
    3.99698408556   215.591107546  
    4.01297208033   528.670482689  
    4.02902414361   748.110757968  
    4.04514027511   642.500949973  
    4.06132091013   674.097520041  
    4.07756604651   1301.18372636  
     4.0938761247   222.931725239  
    4.11025159314   553.176658066  
    4.12669290844   458.350731195  
    4.14319961597   794.359790986  
      4.159772167   1478.40501451  
    4.17641148833   939.520392722  
     4.1931171174    353.18345004  
    4.20988951967   896.930061104  
    4.22672916926   835.876380698  
    4.24363606672   593.474835816  
    4.26061069234   366.644836366  
    4.27765304529   347.690394248  
     4.2947636122    603.32110974  
    4.31194288887   747.043468938  
    4.32919037643   861.447309592  
    4.34650707141   502.814648351  
    4.36389297573   159.090766871  
    4.38134859885   795.542193059  
    4.39887394162   247.716057834  
    4.41646952064   515.624610331  
    4.43413533578   343.464857904  
    4.45187217638   246.612726419  
    4.46967951266   489.141436739  
    4.48755840908   616.221066263  
    4.50550859831             0.0  
     4.5235306196   112.259188835  
    4.54162474648   601.219069974  
    4.55979125434   268.462650305  
    4.57803042047   387.029015504  
    4.59634252412   112.485208616  
     4.6147278465   120.998434693  
    4.63318667084   144.588568581  
    4.65171957222             0.0  
    4.67032626082             0.0  
    4.68900760809    123.03721486  
    4.70776361606             0.0  
    4.72659487793   132.884710439  
    4.74550109403   130.848719201  
    4.76448316381   92.4885368857  
    4.78354108914             0.0  
     4.8026751735   240.312005138  
    4.82188603423             0.0  
    4.84117335953             0.0  
    4.86053808574   143.581987287  
    4.87998021521             0.0  
    4.89950038583             0.0  
    4.91909827634    94.675849481  
    4.93877452759             0.0  
    4.95852979362             0.0  
    4.97836374618             0.0  
    4.99827737711   126.806832623  
     5.0182703536             0.0  
    5.03834368422             0.0  
    5.05849703165   146.090771062  
    5.07873073078             0.0  
    5.09904581601   118.866733048  
    5.11944194334   156.061315311  
    5.13991981119             0.0  
    5.16047941939   270.359534837  
    5.18112147886             0.0  
    5.20184599077             0.0  
    5.22265331361             0.0  
     5.2435438095             0.0  
    5.26451784426   125.276505067  
    5.28557616158   115.321248698  
     5.3067183896             0.0  
    5.32794527679             0.0  
    5.34925720446   136.103443853  
    5.37065417172   117.246260475  
    5.39213655882             0.0  
    5.41370514258   387.268061316  
    5.43535992532   264.912352017  
    5.45710169869   399.443795966  
    5.47893006545   110.964994547  
    5.50084582284   267.007175361  
    5.52284896853             0.0  
    5.54494031519    131.96487698  
    5.56712027819   796.524006672  
    5.58938885932   276.412633766  
    5.61174605182   422.851197674  
    5.63419311564   394.929509057  
    5.65673005712   286.041707806  
    5.67935687409    559.93922297  
    5.70207442649   922.227151432  
    5.72488271545   429.193391118  
     5.7477821758   128.608080509  
    5.77077324765   704.178729894  
    5.79385637646   577.329352487  
     5.8170320132   1417.97826656  
    5.84029970084   1086.58357239  
    5.86366126104   1413.58833314  
    5.88711578034    3121.0129737  
    5.91066417822   3023.20325424  
    5.93430692324   2639.47529965  
    5.95804401457   2720.48721677  
    5.98187640063   2579.93642209  
    6.00580360217   2750.60922769  
    6.02982706295   3534.92121069  
     6.0539463008    3463.8586102  
    6.07816229297   2748.79455114  
    6.10247454277   4876.18536873  
    6.12688453908   5519.39592085  
    6.15139228923    4233.5096609  
    6.17599779122   4341.59520324  
    6.20070154853   5541.91104036  
    6.22550459046    4381.5236874  
    6.25040640037   5902.59268812  
    6.27540801757   3314.57824759  
    6.30050997369   4173.14322031  
    6.32571173604   6022.39957132  
     6.3510149058   5275.22734172  
    6.37641894807   5496.68703617  
    6.40192439863    5239.9398943  
    6.42753235412   5402.44665075  
    6.45324226357   4072.06846282  
    6.47905523486   7154.37397708  
    6.50497126841    6448.2351324  
    6.53099149713   5694.70005867  
      6.557115353   5491.62434825  
    6.58334398091   4522.99084254  
    6.60967738247   6379.16497064  
      6.636116139   6390.27337925  
    6.66266024591   4394.06753507  
     6.6893108869   4959.02980619  
    6.71606806547   3697.86058154  
    6.74293238382   5026.25032477  
    6.76990445326   4536.83281223  
    6.79698365696   3937.22906353  
    6.82417184254   2520.98059507  
    6.85146839216   3728.76609323  
    6.87887455859     4351.520689  
    6.90638970817   2777.29403098  
    6.93401510795    3560.2347965  
    6.96175140629   2573.14234354  
    6.98959860741    2449.5329609  
    7.01755670493   3727.92357336  
    7.04562701121   2628.29989914  
    7.07380952993   1445.14958068  
    7.10210492952   1852.71906343  
    7.13051320818   4302.22252298  
    7.15903503951    2127.5883066  
      7.187671108   2567.55002394  
    7.21642210919   1319.42574659  
     7.2452880469   2338.97433348  
    7.27426891394   1277.64688951  
     7.3033661205   888.032138868  
    7.33257967105   829.473250201  
    7.36190955887   986.386258426  
    7.39135722917   1418.25460166  
    7.42092268746   784.969505502  
    7.45060667143   1234.02794044  
    7.48040918171   570.861380351  
     7.5103309629   191.173369916  
    7.54037201069   375.221607774  
    7.57053307674   566.199063783  
    7.60081569915   570.355339771  
     7.6312191142   1353.81513445  
    7.66174409401   346.551299624  
    7.69239063155   355.150856501  
    7.72316030546   1008.45350736  
    7.75405312312   870.445835742  
    7.78506908015   1009.16814103  
    7.81620897836   152.424402042  
    7.84747445827             0.0  
    7.87886387586   645.436700317  
    7.91037971196   642.032195284  
    7.94202113658   1556.13441057  
    7.97378898366   217.845217525  
    8.00568410198   853.098785329  
    8.03770735543   658.085861119  
    8.06985787909   879.295269009  
    8.10213740517             0.0  
    8.13454593714   653.992809497  
    8.16708435933   423.539845875  
    8.19975267166   236.502375111  
    8.23255176913   252.263660549  
    8.26548164815   482.889177515  
    8.29854321466             0.0  
    8.33173739122             0.0  
    8.36506511734             0.0  
      8.398524516             0.0  
    8.43211935001    753.30640548  
    8.46584773181   256.516435316  
    8.49971060237   476.104894048  
     8.5337098955   256.074718832  
    8.56784464499             0.0  
    8.60211582222   776.675870562  
    8.63652441684             0.0  
    8.67107043027   212.230874196  
    8.70575486565             0.0  
    8.74057772207             0.0  
    8.77554001652             0.0  
    8.81064278543    398.55474788  
    8.84588498917   278.737683796  
    8.88126871009    194.08515829  
    8.91679342222   206.991070134  
    8.95246071565   418.358509714  
    8.98827059515             0.0  
    9.02422359715   621.727782223  
    9.06032026159   1037.91739931  
    9.09656168612   1107.57739013  
    9.13294787279   831.736542635  
    9.16947993568    1482.0382777  
    9.20615787578   1736.63816358  
    9.24298225202   4241.60326967  
      9.279954204    3481.7424069  
    9.31707431261   2138.13324102  
    9.35434257718   2795.83629388  
    9.39175957335     2869.406905  
     9.4293270718   4727.45426509  
    9.46704388515   4288.39794513  
    9.50491240293   5067.13561786  
    9.54293202825   5489.47755717  
    9.58110335964   4419.90401981  
    9.61942823963   5692.92242365  
     9.6579060571   7288.57036583  
    9.69653742549   7355.80440284  
    9.73532359794   7847.49387606  
    9.77426457375   6901.13263075  
    9.81336162691    6036.1072133  
    9.85261540749   9834.43470749  
     9.8920259161   7708.44605031  
    9.93159379873    7345.5006242  
    9.97132037286   9857.13227372  
     10.011205641   5766.48799316  
    10.0512502668   6908.77099332  
     10.091455602   7330.24136056  
    10.1318209644   10803.8697313  
    10.1723484056   11258.8225435  
    10.2130379328   6197.13476662  
    10.2538902416   9555.72249873  
    10.2949053247   10913.7554155  
    10.3360853051   8141.96640196  
     10.377429474   10165.6122469  
    10.4189392642   159207.725951  
