      wave_micron        flux_mjy  
  0.0156853443263             0.0  
  0.0157424663449             0.0  
  0.0158054356507             0.0  
  0.0158686569118             0.0  
  0.0159321318584             0.0  
  0.0159958604977             0.0  
  0.0160598445808             0.0  
  0.0161240841083             0.0  
  0.0161885808528             0.0  
  0.0162533348082             0.0  
  0.0163183477691             0.0  
  0.0163836215635             0.0  
  0.0164491561976             0.0  
  0.0165149516526             0.0  
  0.0165810116545             0.0  
  0.0166473362235             0.0  
  0.0167139253547             0.0  
  0.0167807809484             0.0  
  0.0168479049407             0.0  
  0.0169152953802             0.0  
  0.0169829561599             0.0  
  0.0170508892791             0.0  
  0.0171190927561             0.0  
  0.0171875685703             0.0  
  0.0172563187389             0.0  
  0.0173253453176             0.0  
  0.0173946452152             0.0  
  0.0174642246251             0.0  
  0.0175340814816             0.0  
  0.0176042178752             0.0  
  0.0176746348662             0.0  
  0.0177453324422             0.0  
  0.0178163138284             0.0  
  0.0178875790356             0.0  
  0.0179591302593             0.0  
   0.018030966394             0.0  
  0.0181030896418             0.0  
  0.0181755022485             0.0  
  0.0182482042211             0.0  
  0.0183211978404             0.0  
  0.0183944819524             0.0  
  0.0184680600153             0.0  
  0.0185419320346             0.0  
  0.0186161003639             0.0  
  0.0186905650087             0.0  
  0.0187653271533             0.0  
  0.0188403879917             0.0  
  0.0189157499541             0.0  
  0.0189914130476             0.0  
  0.0190673784962             0.0  
  0.0191436475346             0.0  
  0.0192202226747             0.0  
  0.0192971026499             0.0  
  0.0193742912707             0.0  
  0.0194517885495             0.0  
  0.0195295957766             0.0  
  0.0196077142543             0.0  
  0.0196861452965             0.0  
  0.0197648902299             0.0  
  0.0198439490432             0.0  
  0.0199233257773             0.0  
  0.0200030190859             0.0  
  0.0200830303139             0.0  
   0.020163362213             0.0  
   0.020244016188             0.0  
  0.0203249922415             0.0  
  0.0204062917725             0.0  
  0.0204879176333             0.0  
  0.0205698683849             0.0  
  0.0206521483595             0.0  
  0.0207347575754             0.0  
  0.0208176960197             0.0  
  0.0209009666426             0.0  
  0.0209845709483             0.0  
   0.021068508935             0.0  
  0.0211527836369             0.0  
  0.0212373935147             0.0  
  0.0213223431819             0.0  
  0.0214076326548             0.0  
  0.0214932635009             0.0  
  0.0215792373054             0.0  
  0.0216655540623             0.0  
  0.0217522153544             0.0  
  0.0218392244177             0.0  
  0.0219265812629             0.0  
  0.0220142875284             0.0  
   0.022102344872             0.0  
  0.0221907549711             0.0  
  0.0222795178215             0.0  
     0.0223686351             0.0  
  0.0224581102329             0.0  
  0.0225479432363             0.0  
  0.0226381340923             0.0  
    0.02272868629             0.0  
  0.0228196016112             0.0  
  0.0229108800607             0.0  
  0.0230025234219             0.0  
  0.0230945335011             0.0  
  0.0231869121271             0.0  
  0.0232796592944             0.0  
  0.0233727787076             0.0  
  0.0234662684912             0.0  
  0.0235601342854             0.0  
  0.0236543742035             0.0  
  0.0237489920624             0.0  
  0.0238439878675             0.0  
  0.0239393635529             0.0  
  0.0240351210781             0.0  
  0.0241312624294             0.0  
  0.0242277876074             0.0  
  0.0243246986042             0.0  
  0.0244219974394             0.0  
  0.0245196840988             0.0  
  0.0246177647639             0.0  
  0.0247162353057             0.0  
  0.0248150998684             0.0  
  0.0249143605646             0.0  
  0.0250140173915             0.0  
  0.0251140746327             0.0  
  0.0252145301323             0.0  
  0.0253153882178             0.0  
  0.0254166488883             0.0  
   0.025518316569             0.0  
  0.0256203890373             0.0  
  0.0257228707652             0.0  
  0.0258257617563             0.0  
  0.0259290665849             0.0  
  0.0260327829623             0.0  
  0.0261369131704             0.0  
  0.0262414618859             0.0  
  0.0263464267569             0.0  
  0.0264518125117             0.0  
  0.0265576191548             0.0  
  0.0266638490876             0.0  
  0.0267705047483             0.0  
  0.0268775886124             0.0  
   0.026985098201             0.0  
  0.0270930384635             0.0  
  0.0272014093945             0.0  
   0.027310216061             0.0  
  0.0274194559189             0.0  
  0.0275291340945             0.0  
  0.0276392505996             0.0  
  0.0277498080437             0.0  
  0.0278608064171             0.0  
  0.0279722510321             0.0  
  0.0280841392175             0.0  
  0.0281964763499             0.0  
  0.0283092624414             0.0  
  0.0284225002304             0.0  
  0.0285361897086             0.0  
  0.0286503336378             0.0  
  0.0287649348254             0.0  
  0.0288799961254             0.0  
  0.0289955146745             0.0  
  0.0291114961891             0.0  
  0.0292279435974             0.0  
  0.0293448539722             0.0  
  0.0294622331746             0.0  
  0.0295800842108             0.0  
  0.0296984040898             0.0  
  0.0298171957753             0.0  
  0.0299364653541             0.0  
   0.030056212869             0.0  
  0.0301764351955             0.0  
   0.030297141651             0.0  
  0.0304183322902             0.0  
   0.030540003925             0.0  
  0.0306621628877             0.0  
  0.0307848124195             0.0  
  0.0309079525434             0.0  
  0.0310315832356             0.0  
    0.03115571108             0.0  
  0.0312803327616             0.0  
  0.0314054549548             0.0  
  0.0315310776845             0.0  
  0.0316572009275             0.0  
  0.0317838280754             0.0  
  0.0319109660721             0.0  
  0.0320386079596             0.0  
  0.0321667642428             0.0  
  0.0322954314137             0.0  
  0.0324246130101             0.0  
  0.0325543090014             0.0  
  0.0326845266313             0.0  
  0.0328152659439             0.0  
  0.0329465269336             0.0  
  0.0330783132954             0.0  
   0.033210625012             0.0  
   0.033343469638             0.0  
  0.0334768433941             0.0  
  0.0336107500733             0.0  
  0.0337451935402             0.0  
   0.033880173797             0.0  
  0.0340156947608             0.0  
  0.0341517564247             0.0  
  0.0342883627599             0.0  
  0.0344255178135             0.0  
  0.0345632175188             0.0  
   0.034701474139             0.0  
  0.0348402773911             0.0  
  0.0349796396789             0.0  
  0.0351195589536             0.0  
   0.035260035177             0.0  
  0.0354010768498             0.0  
  0.0355426796991             0.0  
  0.0356848523573             0.0  
  0.0358275904781             0.0  
  0.0359709006102             0.0  
  0.0361147849876             0.0  
  0.0362592436068             0.0  
  0.0364042809523             0.0  
  0.0365498970178             0.0  
  0.0366960986659             0.0  
  0.0368428812899             0.0  
  0.0369902541514             0.0  
  0.0371382149325             0.0  
  0.0372867683334             0.0  
  0.0374359143444             0.0  
  0.0375856577413             0.0  
  0.0377360009557             0.0  
  0.0378869439793             0.0  
  0.0380384917058             0.0  
  0.0381906466288             0.0  
  0.0383434087434             0.0  
  0.0384967830666             0.0  
   0.038650769597             0.0  
  0.0388053734364             0.0  
   0.038960594588             0.0  
  0.0391164356184             0.0  
  0.0392729017611             0.0  
  0.0394299930284             0.0  
  0.0395877147451             0.0  
  0.0397460642231             0.0  
  0.0399050495458             0.0  
  0.0400646707415             0.0  
   0.040224927778             0.0  
  0.0403858289483             0.0  
  0.0405473714781             0.0  
  0.0407095609641             0.0  
  0.0408724002575             0.0  
  0.0410358893525             0.0  
  0.0412000310899             0.0  
  0.0413648312727             0.0  
  0.0415302928712             0.0  
  0.0416964129266             0.0  
  0.0418631973335             0.0  
  0.0420306521135             0.0  
  0.0421987742598             0.0  
   0.042367569835             0.0  
  0.0425370388292             0.0  
  0.0427071874205             0.0  
  0.0428780156177             0.0  
   0.043049526541             0.0  
  0.0432217265482             0.0  
  0.0433946124512             0.0  
  0.0435681906547             0.0  
  0.0437424644236             0.0  
  0.0439174337544             0.0  
   0.044093105242             0.0  
  0.0442694755483             0.0  
  0.0444465547052             0.0  
  0.0446243393465             0.0  
  0.0448028362515             0.0  
  0.0449820488816             0.0  
  0.0451619772443             0.0  
  0.0453426248022             0.0  
  0.0455239950608             0.0  
   0.045706091569             0.0  
  0.0458889143101             0.0  
  0.0460724704748             0.0  
   0.046256760079             0.0  
   0.046441790463             0.0  
  0.0466275542247             0.0  
  0.0468140661927             0.0  
  0.0470013226687             0.0  
  0.0471893273967             0.0  
  0.0473780841697             0.0  
  0.0475675968309             0.0  
  0.0477578692744             0.0  
  0.0479488975641             0.0  
   0.048140693455             0.0  
  0.0483332569947             0.0  
  0.0485265921937             0.0  
  0.0487206949799             0.0  
  0.0489155815836             0.0  
   0.049111243877             0.0  
   0.049307685897             0.0  
  0.0495049159376             0.0  
  0.0497029382501             0.0  
  0.0499017486086             0.0  
   0.050101355483             0.0  
  0.0503017632032             0.0  
  0.0505029674168             0.0  
  0.0507049811828             0.0  
   0.050907800134             0.0  
  0.0511114331187             0.0  
    0.05131587565             0.0  
  0.0515211412192             0.0  
  0.0517272253272             0.0  
  0.0519341324971             0.0  
  0.0521418719793             0.0  
  0.0523504391491             0.0  
  0.0525598386228             0.0  
  0.0527700798601             0.0  
  0.0529811581091             0.0  
  0.0531930829348             0.0  
   0.053405854351             0.0  
   0.053619482147             0.0  
  0.0538339564734             0.0  
  0.0540492921197             0.0  
  0.0542654891273             0.0  
  0.0544825525434             0.0  
  0.0547004823653             0.0  
  0.0549192836769             0.0  
  0.0551389616421             0.0  
  0.0553595162538             0.0  
  0.0555809580109             0.0  
  0.0558032816516             0.0  
  0.0560264924201             0.0  
  0.0562506010693             0.0  
  0.0564756022102             0.0  
  0.0567015067269             0.0  
  0.0569283091019             0.0  
  0.0571560259525             0.0  
  0.0573846461207             0.0  
  0.0576141864508             0.0  
  0.0578446412999             0.0  
  0.0580760220995             0.0  
  0.0583083230765             0.0  
  0.0585415558071             0.0  
  0.0587757262298             0.0  
  0.0590108284451             0.0  
  0.0592468683068             0.0  
   0.059483857834             0.0  
      0.059721791             0.0  
   0.059960679981             0.0  
  0.0602005248295             0.0  
  0.0604413255067             0.0  
  0.0606830881933             0.0  
  0.0609258255401             0.0  
  0.0611695248559             0.0  
  0.0614142052735             0.0  
  0.0616598603809             0.0  
  0.0619065031726             0.0  
  0.0621541271011             0.0  
  0.0624027453381             0.0  
  0.0626523579279             0.0  
  0.0629029648195             0.0  
  0.0631545727019             0.0  
  0.0634071952761             0.0  
  0.0636608257455             0.0  
  0.0639154639987             0.0  
  0.0641711310012             0.0  
  0.0644278127187             0.0  
  0.0646855232552             0.0  
  0.0649442626117             0.0  
  0.0652040452661             0.0  
  0.0654648566764             0.0  
  0.0657267187584             0.0  
  0.0659896241762             0.0  
  0.0662535878291             0.0  
  0.0665186022408             0.0  
  0.0667846748831             0.0  
  0.0670518133677             0.0  
  0.0673200176808             0.0  
  0.0675892955364             0.0  
  0.0678596547942             0.0  
  0.0681310955057             0.0  
  0.0684036176189             0.0  
  0.0686772371465             0.0  
  0.0689519460626             0.0  
  0.0692277524068             0.0  
  0.0695046643732             0.0  
  0.0697826819665             0.0  
  0.0700618092917             0.0  
  0.0703420589619             0.0  
   0.070623426789             0.0  
  0.0709059212687             0.0  
  0.0711895423753             0.0  
  0.0714743031091             0.0  
  0.0717601991258             0.0  
  0.0720472391778             0.0  
  0.0723354277057             0.0  
  0.0726247691824             0.0  
  0.0729152681139             0.0  
    0.07320692904             0.0  
  0.0734997565348             0.0  
  0.0737937552076             0.0  
  0.0740889344083             0.0  
  0.0743852894469             0.0  
  0.0746828297095             0.0  
  0.0749815599532             0.0  
  0.0752814849739             0.0  
  0.0755826145031             0.0  
  0.0758849436633             0.0  
  0.0761884822289             0.0  
  0.0764932351588             0.0  
  0.0767992074549             0.0  
  0.0771064092587             0.0  
  0.0774148303731             0.0  
  0.0777244912211             0.0  
  0.0780353918892             0.0  
  0.0783475323458             0.0  
  0.0786609230457             0.0  
  0.0789755639691             0.0  
  0.0792914657527             0.0  
   0.079608633823             0.0  
  0.0799270681838             0.0  
  0.0802467742357             0.0  
   0.080567762995             0.0  
  0.0808900344938             0.0  
   0.081213594294             0.0  
  0.0815384480128             0.0  
  0.0818646013243             0.0  
  0.0821920599602             0.0  
  0.0825208297115             0.0  
  0.0828509105458             0.0  
  0.0831823141643             0.0  
   0.083515046541             0.0  
  0.0838491076875             0.0  
  0.0841845035616             0.0  
  0.0845212401854             0.0  
  0.0848593236462             0.0  
   0.085198760098             0.0  
   0.085539555763             0.0  
  0.0858817169328             0.0  
  0.0862252435974             0.0  
  0.0865701420383             0.0  
  0.0869164250829             0.0  
  0.0872640927855             0.0  
  0.0876131450676             0.0  
  0.0879636016111             0.0  
  0.0883154558578             0.0  
   0.088668714379             0.0  
  0.0890233906167             0.0  
  0.0893794846157             0.0  
  0.0897370031866             0.0  
  0.0900959462655             0.0  
  0.0904563346886             0.0  
  0.0908181615483             0.0  
  0.0911814338254             0.0  
  0.0915461585877             0.0  
  0.0919123429913             0.0  
  0.0922799869838             0.0  
  0.0926491124422             0.0  
   0.093019704726             0.0  
  0.0933917859573             0.0  
  0.0937653562234             0.0  
  0.0941404154694             0.0  
  0.0945169788091             0.0  
  0.0948950462631             0.0  
  0.0952746254872             0.0  
  0.0956557242391             0.0  
  0.0960383424748             0.0  
    0.09642249594             0.0  
  0.0968081927081             0.0  
  0.0971954247693             0.0  
    0.09758420003             0.0  
  0.0979745429595             0.0  
  0.0983664371996             0.0  
  0.0987599075112             0.0  
  0.0991549455969             0.0  
  0.0995515597278             0.0  
  0.0999497668536             0.0  
   0.100349567056             0.0  
   0.100750968963             0.0  
    0.10115397256             0.0  
   0.101558586513             0.0  
   0.101964819616             0.0  
   0.102372680792             0.0  
   0.102782170036             0.0  
   0.103193296316             0.0  
   0.103606068731             0.0  
   0.104020496516             0.0  
   0.104436579694             0.0  
   0.104854327552             0.0  
   0.105273740019             0.0  
   0.105694836009             0.0  
   0.106117615583             0.0  
   0.106542088371             0.0  
   0.106968254342             0.0  
    0.10739613307             0.0  
   0.107825714704             0.0  
   0.108257019043             0.0  
   0.108690046111             0.0  
    0.10912480597             0.0  
   0.109561308842             0.0  
   0.109999544368             0.0  
   0.110439543503             0.0  
   0.110881306421             0.0  
   0.111324833128             0.0  
   0.111770134167             0.0  
   0.112217209458             0.0  
   0.112666080506             0.0  
   0.113116747406             0.0  
   0.113569210079             0.0  
    0.11402349056             0.0  
    0.11447957772             0.0  
   0.114937505188             0.0  
   0.115397250435             0.0  
   0.115858836044             0.0  
    0.11632227356             0.0  
   0.116787563027             0.0  
   0.117254716096             0.0  
   0.117723732736             0.0  
   0.118194624709             0.0  
   0.118667403978             0.0  
    0.11914207054             0.0  
   0.119618648741             0.0  
   0.120097114076             0.0  
   0.120577503377             0.0  
   0.121059816793             0.0  
   0.121544054295             0.0  
   0.122030228427             0.0  
   0.122518351955             0.0  
   0.123008424898             0.0  
    0.12350046016             0.0  
   0.123994457695             0.0  
   0.124490443835             0.0  
   0.124988405397             0.0  
   0.125488355577             0.0  
   0.125990307807             0.0  
   0.126494275758             0.0  
   0.127000245701             0.0  
   0.127508245074             0.0  
    0.12801828796             0.0  
   0.128530360378             0.0  
   0.129044476247             0.0  
   0.129560649739             0.0  
   0.130078895284             0.0  
   0.130599212962             0.0  
   0.131121602652             0.0  
   0.131646093737             0.0  
   0.132172686404             0.0  
   0.132701365544             0.0  
   0.133232176219             0.0  
   0.133765103397             0.0  
   0.134300162271             0.0  
   0.134837368321             0.0  
   0.135376721612             0.0  
   0.135918222001             0.0  
   0.136461901057             0.0  
   0.137007742892             0.0  
   0.137555779549             0.0  
   0.138105994852             0.0  
   0.138658421326             0.0  
   0.139213050809             0.0  
   0.139769908149             0.0  
   0.140328985025             0.0  
   0.140890298152             0.0  
   0.141453864571             0.0  
   0.142019675725             0.0  
   0.142587757413             0.0  
   0.143158109703             0.0  
   0.143730741295             0.0  
   0.144305660953             0.0  
     0.1448828865             0.0  
   0.145462417974             0.0  
   0.146044264332             0.0  
   0.146628443812             0.0  
    0.14721495644             0.0  
   0.147803820742             0.0  
   0.148395036739             0.0  
   0.148988613741             0.0  
   0.149584570717             0.0  
    0.15018290769             0.0  
   0.150783634197             0.0  
   0.151386769673             0.0  
   0.151992324049             0.0  
   0.152600287381             0.0  
   0.153210689412             0.0  
    0.15382353019             0.0  
   0.154438829972             0.0  
   0.155056578518             0.0  
    0.15567680657             0.0  
   0.156299514214             0.0  
    0.15692471185             0.0  
   0.157552409977             0.0  
    0.15818261919             0.0  
   0.158815350183             0.0  
   0.159450613755             0.0  
   0.160088420804             0.0  
   0.160728771267             0.0  
   0.161371687153             0.0  
   0.162017168434             0.0  
   0.162665237514             0.0  
   0.163315905841             0.0  
   0.163969161936             0.0  
   0.164625040157             0.0  
   0.165283540598             0.0  
   0.165944674901             0.0  
   0.166608454833             0.0  
   0.167274892283             0.0  
   0.167943987181             0.0  
   0.168615763567             0.0  
   0.169290221434             0.0  
    0.16996738528             0.0  
   0.170647255169             0.0  
   0.171329843488             0.0  
   0.172015162761             0.0  
   0.172703225652             0.0  
   0.173394044972             0.0  
   0.174087620686             0.0  
   0.174783965587             0.0  
   0.175483105814             0.0  
   0.176185028167             0.0  
   0.176889772394             0.0  
   0.177597338699             0.0  
   0.178307727023             0.0  
   0.179020950763             0.0  
   0.179737037323             0.0  
   0.180455986807             0.0  
   0.181177813108             0.0  
   0.181902516113             0.0  
   0.182630138307             0.0  
   0.183360651225             0.0  
   0.184094097823             0.0  
   0.184830478239             0.0  
   0.185569792332             0.0  
   0.186312069427             0.0  
   0.187057324515             0.0  
   0.187805542552             0.0  
   0.188556768668             0.0  
   0.189311003085             0.0  
   0.190068245741             0.0  
   0.190828511884             0.0  
   0.191591832701             0.0  
   0.192358192514             0.0  
     0.1931276228             0.0  
   0.193900139646             0.0  
   0.194675743117             0.0  
    0.19545444935             0.0  
   0.196236258206             0.0  
    0.19702120251             0.0  
   0.197809299078             0.0  
   0.198600531156             0.0  
   0.199394932263             0.0  
   0.200192502344             0.0  
   0.200993275664             0.0  
   0.201797252382             0.0  
   0.202604449942             0.0  
   0.203414868307             0.0  
   0.204228525003             0.0  
    0.20504543781             0.0  
   0.205865624771             0.0  
   0.206689085885             0.0  
   0.207515839287             0.0  
   0.208345903386             0.0  
   0.209179278109             0.0  
   0.210016000869             0.0  
   0.210856071857             0.0  
   0.211699490941             0.0  
   0.212546277026             0.0  
   0.213396468821             0.0  
   0.214250046937             0.0  
   0.215107050522             0.0  
    0.21596747968             0.0  
   0.216831354335             0.0  
   0.217698674411             0.0  
   0.218569480447             0.0  
   0.219443752038             0.0  
   0.220321530195             0.0  
   0.221202814979             0.0  
    0.22208762725             0.0  
   0.222975966893             0.0  
   0.223867876408             0.0  
   0.224763356022             0.0  
    0.22566240562             0.0  
   0.226565046741             0.0  
   0.227471323449             0.0  
   0.228381191466             0.0  
   0.229294717399             0.0  
   0.230211901517             0.0  
   0.231132743741             0.0  
   0.232057289795             0.0  
    0.23298551673             0.0  
   0.233917447399             0.0  
   0.234853128678             0.0  
   0.235792537111             0.0  
   0.236735696159             0.0  
   0.237682653894             0.0  
   0.238633386357             0.0  
   0.239587917649   285.331992558  
   0.240546272283             0.0  
   0.241508450202             0.0  
   0.242474476173   281.675284429  
   0.243444375393             0.0  
   0.244418147897             0.0  
   0.245395819152             0.0  
   0.246377415072             0.0  
   0.247362935807             0.0  
   0.248352381126             0.0  
   0.249345777063             0.0  
   0.250343176971             0.0  
   0.251344527244             0.0  
   0.252349908614             0.0  
    0.25335932151             0.0  
   0.254372765977             0.0  
   0.255390241673             0.0  
   0.256411804211             0.0  
   0.257437453804             0.0  
   0.258467218904             0.0  
   0.259501070763             0.0  
   0.260539066586             0.0  
   0.261581235703             0.0  
   0.262627548869             0.0  
   0.263678064881             0.0  
   0.264732783961             0.0  
    0.26579170593             0.0  
   0.266854891235   220.190085187  
   0.267922309574             0.0  
   0.268993991277             0.0  
   0.270069967242             0.0  
   0.271150237445             0.0  
   0.272234833207             0.0  
   0.273323786442             0.0  
   0.274417065131             0.0  
   0.275514733392             0.0  
   0.276616791411             0.0  
   0.277723272009             0.0  
   0.278834175318             0.0  
   0.279949501047   336.781367027  
   0.281069299253             0.0  
   0.282193587055             0.0  
   0.283322347287   339.071630774  
   0.284455648488             0.0  
   0.285593473589             0.0  
   0.286735839763             0.0  
    0.28788278206             0.0  
   0.289034318324   234.358954408  
    0.29019044848             0.0  
    0.29135120839             0.0  
   0.292516616291             0.0  
   0.293686690561             0.0  
   0.294861431089             0.0  
   0.296040874868             0.0  
   0.297225040705             0.0  
   0.298413947558             0.0  
   0.299607595302             0.0  
    0.30080602213             0.0  
   0.302009247464             0.0  
    0.30321729089             0.0  
     0.3044301523             0.0  
   0.305647871155   371.654197119  
   0.306870467543   372.283407071  
   0.308097941391             0.0  
   0.309330333157             0.0  
   0.310567663464             0.0  
   0.311809932292             0.0  
   0.313057181141   382.854149805  
   0.314309410034             0.0  
   0.315566639853             0.0  
   0.316828913182             0.0  
   0.318096230131     337.9457582  
   0.319368612178             0.0  
   0.320646081009             0.0  
   0.321928658521             0.0  
   0.323216389208             0.0  
   0.324509250809             0.0  
   0.325807288084             0.0  
   0.327110523813             0.0  
   0.328418957898             0.0  
   0.329732636328             0.0  
   0.331051559108             0.0  
   0.332375773078             0.0  
   0.333705278357             0.0  
   0.335040098608             0.0  
   0.336380257747             0.0  
   0.337725779946             0.0  
   0.339076665006             0.0  
   0.340432986705             0.0  
   0.341794720546             0.0  
   0.343161891185   392.521809047  
   0.344534548985    395.70144029  
   0.345912668488             0.0  
   0.347296326266             0.0  
   0.348685522677             0.0  
   0.350080257549             0.0  
   0.351480583114             0.0  
   0.352886499387             0.0  
   0.354298059636             0.0  
   0.355715236968             0.0  
   0.357138112398             0.0  
   0.358566658811    386.27791651  
   0.360000930978   351.914638036  
   0.361440928903             0.0  
   0.362886680252     393.8830236  
   0.364338241478             0.0  
   0.365795584278             0.0  
   0.367258765579             0.0  
   0.368727814453   365.005280637  
   0.370202701609             0.0  
   0.371683514657             0.0  
   0.373170253946   444.084188776  
   0.374662949342             0.0  
   0.376161600777             0.0  
   0.377666238169             0.0  
    0.37917689183   774.393328369  
   0.380693623523             0.0  
   0.382216371204             0.0  
   0.383745259568             0.0  
   0.385280225907             0.0  
   0.386821365205             0.0  
   0.388368645644             0.0  
   0.389922098941             0.0  
   0.391481790084             0.0  
   0.393047719354             0.0  
   0.394619919803             0.0  
   0.396198391308    348.08668383  
   0.397783200948             0.0  
   0.399374314825             0.0  
   0.400971835143             0.0  
   0.402575693153             0.0  
   0.404186027304             0.0  
    0.40580276818             0.0  
   0.407425985771   389.353680252  
   0.409055680001   408.308446859  
   0.410691886307             0.0  
   0.412334677075             0.0  
   0.413984016222   352.213323321  
   0.415639939898   529.216999319  
   0.417302484792    429.57943904  
   0.418971688138             0.0  
    0.42064758773   355.273945272  
   0.422330183714             0.0  
   0.424019514119             0.0  
   0.425715578715   312.499045956  
    0.42741845491             0.0  
   0.429128103577             0.0  
   0.430844642772             0.0  
   0.432567993229   925.401962961  
   0.434298274541             0.0  
   0.436035487278             0.0  
   0.437779631355             0.0  
   0.439530747406   474.615503637  
   0.441288876713             0.0  
   0.443054019149   881.785014364  
   0.444826216307             0.0  
   0.446605553183             0.0  
   0.448391944501             0.0  
   0.450185518681             0.0  
   0.451986276277             0.0  
   0.453794217163             0.0  
   0.455609384994             0.0  
   0.457431824142             0.0  
   0.459261534513   481.532145253  
   0.461098606424   565.920215996  
   0.462942994629   509.607890936  
   0.464794744293    444.11715122  
   0.466653947995             0.0  
   0.468520559477    501.22907608  
   0.470394625092    532.59747756  
    0.47227623977             0.0  
   0.474165308069             0.0  
   0.476061973558   564.260691165  
   0.477966236859   480.623580031  
   0.479878097875             0.0  
    0.48179760551             0.0  
   0.483724809516   416.385243575  
   0.485659709962   928.099126024  
   0.487602357123     472.8772821  
   0.489552750798   973.865627322  
   0.491510941797    431.78615303  
   0.493476981822   320.571155372  
   0.495450923487             0.0  
   0.497432714296   415.932133061  
   0.499422459632             0.0  
   0.501420159773             0.0  
   0.503425814233   1035.71185759  
    0.50543953123   417.376959922  
   0.507461256159             0.0  
   0.509491098746             0.0  
   0.511529115411             0.0  
   0.513575194045             0.0  
   0.515629502992   443.107116314  
   0.517692042968    433.84878374  
   0.519762813907   969.395084901  
   0.521841873299   1245.17002533  
   0.523929220874   1173.06480788  
   0.526024914845             0.0  
   0.528129014504   398.642381121  
   0.530241520001   1041.40516226  
   0.532362491404    908.04340261  
   0.534491989902   562.033107533  
    0.53662995442             0.0  
   0.538776445492             0.0  
   0.540931524796   1240.57816169  
   0.543095255176   433.492271952  
   0.545267636958     1283.817768  
   0.547448733858   1487.27137951  
   0.549638546073             0.0  
    0.55183707296   1143.30624637  
   0.554044444575   2165.42911583  
    0.55626059541   601.966897765  
   0.558485657495   1812.39187355  
   0.560719597844             0.0  
   0.562962483405             0.0  
   0.565214313975   1080.27316652  
   0.567475191987             0.0  
   0.569745083194             0.0  
   0.572024056544             0.0  
   0.574312146998   650.712747052  
   0.576609389767    546.21341499  
   0.578915856223             0.0  
   0.581231510563   557.951675995  
   0.583556424395   1210.31360697  
   0.585890670752    695.53083171  
   0.588234212906   572.547009886  
   0.590587161519   629.130177981  
   0.592949516918             0.0  
   0.595321316499   2335.17489672  
   0.597702597952   437.138233666  
   0.600093399275   501.568463199  
   0.602493758773    1101.0791215  
   0.604903754268   496.665951496  
   0.607323346614             0.0  
   0.609752653807   742.807349337  
    0.61219167626   1207.87716187  
   0.614640413456             0.0  
   0.617098986326   1439.74316108  
   0.619567395379   2171.20292371  
   0.622045640186   1541.72628797  
   0.624533844723   430.049514848  
   0.627031967515   770.034998701  
   0.629540092171    780.77341603  
   0.632058261237   1237.45057057  
   0.634586517658   624.192234493  
   0.637124861303   578.642935445  
   0.639673334899   1265.47761733  
   0.642232025774    1466.1376693  
   0.644800978545   729.444168063  
   0.647380148471   469.712530924  
   0.649969669425   1475.84887164  
   0.652569587365   2021.06072712  
   0.655179856736   1065.83929838  
   0.657800568591   1102.53475482  
   0.660431769189   1909.22834334  
   0.663073505274   1678.97061568  
   0.665725776595    2247.6625819  
   0.668388677604   785.533360342  
   0.671062256533    801.31120682  
   0.673746513503   1365.17800059  
   0.676441496628   1163.44445069  
   0.679147254542   752.809002153  
   0.681863836416   552.904070406  
   0.684591291962   951.832942013  
   0.687329671447   1967.25893918  
   0.690078974684   2002.29453797  
   0.692839303287    584.98812652  
   0.695610657402   2843.20137052  
   0.698393088372   650.224896381  
   0.701186648134   410.972924966  
   0.703991389227   1560.22581386  
   0.706807364806             0.0  
   0.709634628657   1264.44074239  
   0.712473126437   2911.59965372  
   0.715323020253   1575.51527222  
   0.718184310573   3696.01154427  
   0.721057052476   1413.81164927  
   0.723941301714    889.78053296  
   0.726837058126   1125.95886212  
   0.729744434544   4224.27124893  
    0.73266337379   1612.52177525  
   0.735594047609             0.0  
   0.738536398423   1228.78887396  
   0.741490542374   981.844755623  
   0.744456538845   832.141285994  
   0.747434328278    611.28122596  
   0.750424089387   1582.53797111  
   0.753425762242   435.296231081  
   0.756439467734   1983.87779904  
   0.759465267704   2101.18747887  
   0.762503100235   3967.20488977  
   0.765553088621   1167.18395423  
   0.768615358973   3477.40648009  
   0.771689785078   1195.48304581  
   0.774776557029   1749.60310431  
   0.777875675396   2452.13844134  
   0.780987139566   2264.09301279  
   0.784111079464    752.07283256  
   0.787247561611   1995.81142915  
   0.790396519592   3132.52403724  
   0.793558153516   807.412469101  
   0.796732328688   2970.06853247  
   0.799919316178   1115.60210857  
   0.803118979953   4589.96889749  
   0.806331456982   696.390054967  
   0.809556747003   1300.76993688  
   0.812794990065   2308.24857727  
   0.816046186795   1432.87093779  
   0.819310336587   681.056876229  
   0.822587582554   3430.01615374  
   0.825877925024   749.705199548  
   0.829181436724   2348.90001273  
   0.832498191461    778.00910303  
   0.835828189296   3449.76204805  
   0.839171504458    2085.8488808  
   0.842528212291   1592.83045663  
   0.845898312618    5779.4084873  
   0.849281881239   653.802239394  
   0.852678995109   2731.51001504  
   0.856089732362   4273.38982755  
   0.859514093183   3547.67475228  
   0.862952156231   3083.57433035  
    0.86640392096    776.57612442  
   0.869869547625   2321.93766148  
   0.873349036885   4416.54994998  
   0.876842470444   1355.84320504  
   0.880349848266   1626.98243193  
    0.88387125266   4271.54537526  
   0.887406682882   2391.06393356  
   0.890956306903   5628.91361673  
   0.894520125299             0.0  
   0.898098223703   2694.68027917  
   0.901690602022   2582.65235816  
    0.90529734659   3577.74472388  
   0.908918545144   1057.09507969  
   0.912554286861   4676.44903101  
    0.91620448251   985.732867723  
   0.919869310553   2846.44718529  
   0.923548771048   6024.37629017  
   0.927242954756   4708.55925215  
   0.930951953949   2032.58177279  
    0.93467576885   3932.27985836  
   0.938414398252   3316.90225476  
   0.942168124804   3804.98809681  
   0.945936759492   2706.61718358  
   0.949720492285   6261.74223838  
   0.953519420436   3039.04488406  
   0.957333446481   1832.80604481  
   0.961162765282   3552.98627742  
   0.965007476762   905.304358828  
   0.968867481426   971.992334988  
    0.97274297922   3224.93419559  
   0.976633970679   4059.39980293  
   0.980540454853   6652.97104623  
   0.984462636942   3649.01582729  
   0.988400517931   3717.65370449  
   0.992354097304   903.223657269  
   0.996323479373             0.0  
     1.0003087703   2574.50211278  
    1.00431007814   3630.89830158  
    1.00832729502   4907.14340175  
    1.01236052764   3201.22015203  
    1.01640999533   2166.80904494  
    1.02047569976   4718.33696191  
    1.02455752863     2653.834205  
    1.02865581791   3259.33389277  
    1.03277045575    1098.0187108  
    1.03690155548   3686.15525792  
    1.04104911636   5525.22713714  
    1.04521325314   2746.90585302  
    1.04939420063   4314.72232557  
    1.05359172389   4622.62221121  
    1.05780605831   2606.51155268  
    1.06203732443             0.0  
    1.06628552323   2116.69337949  
    1.07055065407   9706.89550608  
    1.07483283844    6481.0653676  
    1.07913220012   2731.09554903  
    1.08344873944   4649.56368219  
     1.0877824551   8108.40676712  
    1.09213359969   4907.19278486  
    1.09650217463   2028.36674318  
     1.1008881797   4031.50798602  
     1.1052917439   1691.39102084  
    1.10971286672   1266.16419297  
    1.11415174547   4278.55467754  
      1.118608314   2398.09794615  
    1.12308277256   2078.01410941  
    1.12757512183     3796.233495  
    1.13208536077   2666.29351005  
    1.13661376343   8097.37162215  
    1.14116019235   6099.73388324  
    1.14572485554   5836.58124064  
    1.15030775326   3601.67887424  
    1.15490895553   3889.97825662  
    1.15952860483   1902.24803969  
    1.16416670132   2562.28437455  
     1.1688233897   5583.05469488  
    1.17349867003   943.916937812  
     1.1781926893   1931.24074173  
    1.18290544752   4730.59108894  
    1.18763701844    2851.8271754  
    1.19238762871   5415.42004859  
    1.19715712662    3900.9807125  
    1.20194581802   7565.57548548  
    1.20675354877             0.0  
    1.21158055106   2685.95178102  
    1.21642690421   894.185151689  
    1.22129260833   5195.39755204  
    1.22617774218    6139.1321405  
    1.23108246641   6280.68935573  
    1.23600678128   1271.71406988  
    1.24095085014   5470.76781553  
    1.24591467342   1199.88264158  
    1.25089833345   5195.64695727  
    1.25590191332   1937.85460197  
    1.26092549688   3504.02057661  
    1.26596925462   2134.50056517  
    1.27103310096   1147.44566258  
    1.27611720729   6979.18038329  
    1.28122166071   2335.10150644  
    1.28634654912   3420.16324314  
     1.2914919613   2210.23661848  
    1.29665789685   1306.28184397  
    1.30184453495   1060.93110134  
    1.30705196705   2530.95637127  
    1.31228019329   9544.95121214  
     1.3175293048             0.0  
    1.32279939364    3570.0800386  
    1.32809055282     1114.518819  
    1.33340297157   3778.68561541  
    1.33873655515   7918.72362444  
    1.34409149405   4309.17120942  
    1.34946788529   8841.48631676  
    1.35486572862   3586.96097677  
    1.36028521997   7583.83986475  
    1.36572635965    4952.5802604  
    1.37118924663   6824.21528837  
    1.37667398097   4712.59684926  
    1.38218066385   6325.41528189  
     1.3877093976    6236.7219855  
    1.39326028573   3930.96298245  
    1.39883332813    5936.0249497  
    1.40442862818   3615.65857276  
    1.41004639701   918.041023396  
    1.41568652828   9031.75899114  
    1.42134923472   4272.24388779  
     1.4270347338   4342.42729929  
    1.43274280789   3941.85290092  
    1.43847378442   3329.37415753  
    1.44422766398   3986.02225846  
    1.45000455759   4381.62870016  
    1.45580457763   4646.16561354  
    1.46162783788   1399.99337649  
     1.4674743382   5723.77162499  
    1.47334419247    1271.0792145  
    1.47923763322   2780.70592257  
    1.48515454374   1529.50163564  
    1.49109515859   2999.46290074  
    1.49705959758   1654.42394689  
    1.50304786104   2801.10526137  
    1.50905994702   6056.80462707  
    1.51509622013   2458.74713622  
    1.52115668254   7986.19544767  
    1.52724120921   10392.3047473  
    1.53335017254   2784.00032867  
    1.53948357374   6118.23764103  
    1.54564153965   9095.76027205  
    1.55182406983   2711.70244625  
    1.55803142154   5260.50395117  
    1.56426359579             0.0  
    1.57052059122   13329.2671419  
     1.5768026704   3812.91867302  
    1.58310983348   2654.02897057  
    1.58944234883   5902.70338209  
    1.59580008182   3160.40430461  
    1.60218330351   8162.67418564  
    1.60859201408    3381.0950644  
    1.61502635096   2999.55889115  
    1.62148645356             0.0  
    1.62797246329    3658.9937217  
    1.63448438051   7468.95175867  
    1.64102234735   3717.81121991  
    1.64758636258   3966.27425496  
    1.65417671562   5047.86520155  
    1.66079340718   1592.47407598  
    1.66743658437   4727.16956473  
     1.6741063965    3333.9826483  
    1.68080269246   1352.04965251  
    1.68752592389   7265.70114788  
    1.69427609314   6588.17033659  
    1.70105319998   1422.31719348  
    1.70785739784   7792.26487967  
    1.71468884249   3774.47922089  
    1.72154753335   5471.34706449  
    1.72843378724   3703.42718649  
    1.73534744462   5120.82452188  
    1.74228882598   2492.37156332  
    1.74925809556   2761.93915917  
    1.75625508976   1371.19896302  
    1.76328013667   4702.34078026  
    1.77033323648    2121.4200357  
    1.77741455594   1860.74846098  
    1.78452426446   8325.81943958  
     1.7916623622   6093.77036943  
    1.79882901993             0.0  
    1.80602423647   2990.48016449  
    1.81324836008   2888.09406282  
    1.82050139242   3230.66698769  
     1.8277833324   1835.89714405  
    1.83509453688   1723.27061885  
    1.84243482592    3216.5980326  
    1.84980456084   8284.64063658  
    1.85720392704   4862.64689743  
    1.86463274053    2883.9421217  
    1.87209118398   1698.10920457  
     1.8795796324   4213.30576075  
    1.88709789773   1238.79839462  
    1.89464616751   5282.98500448  
    1.90222482632   10593.8606559  
    1.90983368203    2764.4182819  
    1.91747312426   6107.15714464  
    1.92514295664   3666.66533888  
    1.93284357391   2967.50010676  
    1.94057497714   1629.13555302  
    1.94833716444             0.0  
    1.95613054087   2049.56123822  
     1.9639551083   2121.58424659  
    1.97181086567   1537.10315323  
    1.97969822875   4858.12275513  
    1.98761698878   7017.07494451  
     1.9955673539   4122.98025577  
    2.00354975096   4811.30235382  
    2.01156396724   1979.82981646  
    2.01961021701   2861.10957066  
    2.02768849818   6087.16780965  
    2.03579924952   1738.20830899  
    2.04394247327   1544.84235542  
    2.05211839415   1983.25232036  
    2.06032678619   1506.76959471  
    2.06856810064   1911.23669643  
    2.07684233806             0.0  
    2.08514972876   4363.03721131  
    2.09349027249             0.0  
    2.10186420246   3026.89831273  
    2.11027175621   3692.76315014  
    2.11871293521   2048.51853166  
     2.1271877377   5028.15362994  
    2.13569640299   7364.69115909  
    2.14423917486   7116.28018845  
    2.15281605342   6620.38599911  
    2.16142753599   3594.16645695  
    2.17007312352   3672.53289834  
     2.1787533147   7528.57338679  
    2.18746836472   9351.50696524  
    2.19621827524   1852.43436902  
    2.20500330503     9674.910247  
    2.21382319273   6487.22374732  
    2.22267845914   7521.18660978  
    2.23156923834   4673.92830092  
    2.24049553083   3666.82706501  
    2.24945746922   3250.36872766  
    2.25845532359   3697.31233121  
    2.26748909386             0.0  
     2.2765590541   6839.56786035  
    2.28566534384   7007.91147493  
     2.2948079625             0.0  
    2.30398719039   4919.65123118  
    2.31320316998   4810.94683939  
    2.32245604483   3868.21258399  
    2.33174581389             0.0  
    2.34107276615   5600.00465644  
    2.35043704837   3579.61126236  
    2.35983880845   2327.30362826  
    2.36927819543   4858.80241804  
    2.37875535953   8615.44209309  
    2.38827029941   1766.52467755  
    2.39782347203   2257.18810003  
    2.40741472448    1581.0788618  
    2.41704436467   1799.22279961  
    2.42671254905             0.0  
    2.43641943535             0.0  
    2.44616502242   1561.21730315  
       2.45594979   10462.4008304  
    2.46577357813             0.0  
    2.47563654622   10104.7073956  
    2.48553918601             0.0  
    2.49548133412   6018.51201731  
    2.50546315429   4361.96973946  
    2.51548515073   4769.65266783  
    2.52554698583   4393.71378606  
    2.53564916829             0.0  
    2.54579187216   2566.30598783  
    2.55597492322   1834.87115744  
     2.5661988433   14180.2068378  
    2.57646363371             0.0  
    2.58676947111   4803.68805923  
    2.59711653388   3241.25521801  
    2.60750500219   4789.05343764  
    2.61793505804   7112.79831351  
    2.62840688526   4193.05659734  
    2.63892048307   4485.24329405  
    2.64947622269             0.0  
    2.66007410417    2440.9365389  
    2.67071431458   2632.23144309  
    2.68139723552   4187.64417285  
    2.69212286854   3418.00645287  
    2.70289121112   5402.10670774  
    2.71370284826   9126.60381512  
     2.7245575844   5768.42839897  
    2.73545581473             0.0  
    2.74639774102    3157.5649972  
    2.75738336362   1985.75146894  
    2.76841288399             0.0  
    2.77948650585   4880.35312595  
    2.79060443525   4695.49504198  
    2.80176688064   2640.02723967  
    2.81297384093   2881.43683742  
    2.82422573799   1876.88202858  
    2.83552278766             0.0  
    2.84686477416   1764.36659131  
    2.85825234572   1857.52172063  
     2.8696852848   1972.15911092  
    2.88116402948    2075.3150106  
    2.89268857934    2776.1164626  
    2.90425938136   7704.10205608  
    2.91587643703   5686.80031191  
    2.92753997296   3293.20887579  
    2.93925021859     4864.594825  
      2.951007173   6021.22686831  
    2.96281106587   6947.86142393  
    2.97466236678   5484.39109288  
    2.98656107812   2890.90064414  
     2.9985071977   5022.82188828  
      3.010501447    4638.4966935  
    3.02254334263    13723.493487  
    3.03463361427             0.0  
    3.04677201599             0.0  
    3.05895904115   3008.64065082  
    3.07119494173             0.0  
    3.08347971845   2701.11976327  
    3.09581362403   2837.37496991  
    3.10819691461   6975.25987987  
    3.12062958899             0.0  
    3.13311216706   5718.92234015  
    3.14564465057    2862.1558552  
    3.15822730368   5083.78710351  
    3.17086012492   6053.33920352  
    3.18354365085   2980.99332833  
    3.19627788324   8770.06389876  
    3.20906281894   8541.75395025  
    3.22189900597   2686.98286059  
    3.23478672482   8187.06485457  
    3.24772597752   3867.21897875  
    3.26071676117   14328.0855781  
    3.27375964194   2502.31488403  
    3.28685462056             0.0  
    3.30000198442   2436.73269557  
    3.31320202516   2845.60047469  
    3.32645503871   7569.89135934  
    3.33976072794             0.0  
    3.35311968447   15313.8701172  
    3.36653221038   7510.43185996  
     3.3799983063   5625.59911874  
    3.39351827618   8502.36099048  
    3.40709242856   3270.97900285  
    3.42072076331             0.0  
    3.43440359099   3686.31848201  
    3.44814122692    2380.7081337  
    3.46193399134   5963.70406532  
    3.47578156229    6120.5529663  
    3.48968490685             0.0  
    3.50364337402             0.0  
    3.51765794355   5989.51413258  
    3.53172861925    3441.2778609  
    3.54585573632             0.0  
     3.5600389564   3565.18659974  
    3.57427929354             0.0  
    3.58857640934             0.0  
    3.60293064433   8344.79999507  
    3.61734234457   3166.92779988  
    3.63181186174   3507.54833452  
    3.64633884103             0.0  
    3.66092434656    3992.1737703  
    3.67556802377   2539.81965518  
    3.69027023047             0.0  
    3.70503133043             0.0  
    3.71985132286             0.0  
    3.73473094844             0.0  
    3.74966983622             0.0  
    3.76466835677             0.0  
    3.77972726954             0.0  
    3.79484619552             0.0  
    3.81002551525   3130.63032477  
    3.82526561575             0.0  
    3.84056649563   7820.01309665  
    3.85592894407   12693.3551821  
    3.87135256549             0.0  
    3.88683815953             0.0  
    3.90238532204             0.0  
    3.91799486333   8529.90756325  
    3.93366678499             0.0  
     3.9494015004             0.0  
    3.96519900909   3100.36207462  
    3.98106015352   6170.73579389  
    3.99698408556   7040.39239492  
    4.01297208033             0.0  
    4.02902414361   2278.43008985  
    4.04514027511   2511.36731693  
    4.06132091013   7460.94627889  
    4.07756604651             0.0  
     4.0938761247             0.0  
    4.11025159314   6526.65894076  
    4.12669290844   4396.27998149  
    4.14319961597             0.0  
      4.159772167             0.0  
    4.17641148833   3858.14020277  
     4.1931171174             0.0  
    4.20988951967   2974.29430951  
    4.22672916926   2750.79533675  
    4.24363606672             0.0  
    4.26061069234   4503.78091087  
    4.27765304529             0.0  
     4.2947636122             0.0  
    4.31194288887             0.0  
    4.32919037643             0.0  
    4.34650707141             0.0  
    4.36389297573   7821.78642096  
    4.38134859885             0.0  
    4.39887394162             0.0  
    4.41646952064   4755.68372651  
    4.43413533578             0.0  
    4.45187217638   2905.86192944  
    4.46967951266             0.0  
    4.48755840908   4254.07459322  
    4.50550859831   4018.85164842  
     4.5235306196   3332.35952609  
    4.54162474648   3245.87862305  
    4.55979125434             0.0  
    4.57803042047   8392.73264709  
    4.59634252412   3113.19472374  
     4.6147278465             0.0  
    4.63318667084   3073.73702614  
    4.65171957222             0.0  
    4.67032626082   3440.16216508  
    4.68900760809   2860.61031861  
    4.70776361606             0.0  
    4.72659487793             0.0  
    4.74550109403             0.0  
    4.76448316381   4419.54430369  
    4.78354108914   5035.67945908  
     4.8026751735   4834.79440427  
    4.82188603423             0.0  
    4.84117335953             0.0  
    4.86053808574             0.0  
    4.87998021521   5389.32410453  
    4.89950038583             0.0  
    4.91909827634             0.0  
    4.93877452759             0.0  
    4.95852979362   5321.90726299  
    4.97836374618             0.0  
    4.99827737711             0.0  
     5.0182703536             0.0  
    5.03834368422   8824.51097875  
    5.05849703165             0.0  
    5.07873073078   9794.34401119  
    5.09904581601             0.0  
    5.11944194334   3706.90748459  
    5.13991981119             0.0  
    5.16047941939             0.0  
    5.18112147886   3000.82926953  
    5.20184599077             0.0  
    5.22265331361   4204.34644748  
     5.2435438095             0.0  
    5.26451784426   5690.22357283  
    5.28557616158             0.0  
     5.3067183896             0.0  
    5.32794527679   2872.75693622  
    5.34925720446             0.0  
    5.37065417172   3332.07707506  
    5.39213655882             0.0  
    5.41370514258             0.0  
    5.43535992532   3965.32864894  
    5.45710169869             0.0  
    5.47893006545             0.0  
    5.50084582284             0.0  
    5.52284896853   8690.45352385  
    5.54494031519             0.0  
    5.56712027819   11809.0371379  
    5.58938885932             0.0  
    5.61174605182             0.0  
    5.63419311564             0.0  
    5.65673005712             0.0  
    5.67935687409             0.0  
    5.70207442649             0.0  
    5.72488271545   4823.89975355  
     5.7477821758             0.0  
    5.77077324765             0.0  
    5.79385637646   3720.41797948  
     5.8170320132             0.0  
    5.84029970084             0.0  
    5.86366126104             0.0  
    5.88711578034             0.0  
    5.91066417822             0.0  
    5.93430692324             0.0  
    5.95804401457    6127.4326927  
    5.98187640063             0.0  
    6.00580360217             0.0  
    6.02982706295             0.0  
     6.0539463008             0.0  
    6.07816229297             0.0  
    6.10247454277   5243.99260238  
    6.12688453908             0.0  
    6.15139228923   5886.28771009  
    6.17599779122   3643.86397341  
    6.20070154853             0.0  
    6.22550459046             0.0  
    6.25040640037             0.0  
    6.27540801757             0.0  
    6.30050997369             0.0  
    6.32571173604             0.0  
     6.3510149058   5725.97635827  
    6.37641894807             0.0  
    6.40192439863   5355.88487852  
    6.42753235412   5561.13412301  
    6.45324226357             0.0  
    6.47905523486             0.0  
    6.50497126841             0.0  
    6.53099149713             0.0  
      6.557115353             0.0  
    6.58334398091             0.0  
    6.60967738247             0.0  
      6.636116139   6394.82247177  
    6.66266024591             0.0  
     6.6893108869             0.0  
    6.71606806547             0.0  
    6.74293238382             0.0  
    6.76990445326             0.0  
    6.79698365696             0.0  
    6.82417184254             0.0  
    6.85146839216             0.0  
    6.87887455859             0.0  
    6.90638970817   3901.69850944  
    6.93401510795             0.0  
    6.96175140629             0.0  
    6.98959860741             0.0  
    7.01755670493             0.0  
    7.04562701121             0.0  
    7.07380952993             0.0  
    7.10210492952             0.0  
    7.13051320818             0.0  
    7.15903503951             0.0  
      7.187671108             0.0  
    7.21642210919             0.0  
     7.2452880469             0.0  
    7.27426891394             0.0  
     7.3033661205             0.0  
    7.33257967105             0.0  
    7.36190955887             0.0  
    7.39135722917             0.0  
    7.42092268746   7144.29402756  
    7.45060667143             0.0  
    7.48040918171             0.0  
     7.5103309629             0.0  
    7.54037201069             0.0  
    7.57053307674             0.0  
    7.60081569915             0.0  
     7.6312191142             0.0  
    7.66174409401             0.0  
    7.69239063155             0.0  
    7.72316030546   6554.81213201  
    7.75405312312             0.0  
    7.78506908015             0.0  
    7.81620897836             0.0  
    7.84747445827             0.0  
    7.87886387586             0.0  
    7.91037971196             0.0  
    7.94202113658             0.0  
    7.97378898366             0.0  
    8.00568410198             0.0  
    8.03770735543   6131.24640683  
    8.06985787909             0.0  
    8.10213740517             0.0  
    8.13454593714             0.0  
    8.16708435933             0.0  
    8.19975267166             0.0  
    8.23255176913             0.0  
    8.26548164815   6321.53932677  
    8.29854321466             0.0  
    8.33173739122             0.0  
    8.36506511734             0.0  
      8.398524516             0.0  
    8.43211935001             0.0  
    8.46584773181             0.0  
    8.49971060237             0.0  
     8.5337098955             0.0  
    8.56784464499             0.0  
    8.60211582222             0.0  
    8.63652441684             0.0  
    8.67107043027             0.0  
    8.70575486565             0.0  
    8.74057772207             0.0  
    8.77554001652             0.0  
    8.81064278543             0.0  
    8.84588498917             0.0  
    8.88126871009             0.0  
    8.91679342222             0.0  
    8.95246071565             0.0  
    8.98827059515             0.0  
    9.02422359715             0.0  
    9.06032026159             0.0  
    9.09656168612             0.0  
    9.13294787279             0.0  
    9.16947993568             0.0  
    9.20615787578             0.0  
    9.24298225202             0.0  
      9.279954204             0.0  
    9.31707431261             0.0  
    9.35434257718             0.0  
    9.39175957335             0.0  
     9.4293270718             0.0  
    9.46704388515             0.0  
    9.50491240293             0.0  
    9.54293202825             0.0  
    9.58110335964             0.0  
    9.61942823963             0.0  
     9.6579060571             0.0  
    9.69653742549             0.0  
    9.73532359794             0.0  
    9.77426457375             0.0  
    9.81336162691             0.0  
    9.85261540749             0.0  
     9.8920259161             0.0  
    9.93159379873             0.0  
    9.97132037286             0.0  
     10.011205641             0.0  
    10.0512502668             0.0  
     10.091455602             0.0  
    10.1318209644             0.0  
    10.1723484056             0.0  
    10.2130379328             0.0  
    10.2538902416             0.0  
    10.2949053247             0.0  
    10.3360853051             0.0  
     10.377429474             0.0  
    10.4189392642             0.0  
