      wave_micron        flux_mjy  
  0.0154221819325             0.0  
  0.0154783455809             0.0  
   0.015540258413             0.0  
  0.0156024189732             0.0  
  0.0156648289627             0.0  
  0.0157274883885             0.0  
  0.0157903989725             0.0  
   0.015853560715             0.0  
  0.0159169753591             0.0  
  0.0159806428986             0.0  
  0.0160445650983             0.0  
  0.0161087437552             0.0  
  0.0161731788756             0.0  
   0.016237870441             0.0  
  0.0163028221147             0.0  
  0.0163680339168             0.0  
  0.0164335058424             0.0  
  0.0164992397599             0.0  
  0.0165652375728             0.0  
  0.0166314973626             0.0  
   0.016698022957             0.0  
  0.0167648163217             0.0  
  0.0168318755082             0.0  
  0.0168992024628             0.0  
  0.0169667991687             0.0  
  0.0170346676472             0.0  
  0.0171028048591             0.0  
  0.0171712168936             0.0  
  0.0172399017199             0.0  
  0.0173088613934             0.0  
  0.0173780969564             0.0  
  0.0174476083969             0.0  
  0.0175173988859             0.0  
  0.0175874684342             0.0  
  0.0176578192002             0.0  
  0.0177284500972             0.0  
  0.0177993632902             0.0  
  0.0178705609874             0.0  
  0.0179420431955             0.0  
  0.0180138121572             0.0  
  0.0180858667379             0.0  
  0.0181582103376             0.0  
   0.018230842962             0.0  
  0.0183037669249             0.0  
  0.0183769822319             0.0  
  0.0184504900473             0.0  
  0.0185242915451             0.0  
  0.0185983891149             0.0  
  0.0186727827634             0.0  
  0.0187474736943             0.0  
  0.0188224631215             0.0  
  0.0188977535148             0.0  
  0.0189733436286             0.0  
  0.0190492372098             0.0  
  0.0191254342705             0.0  
  0.0192019360793             0.0  
  0.0192787439165             0.0  
  0.0193558590743             0.0  
  0.0194332828569             0.0  
  0.0195110152532             0.0  
  0.0195890602365             0.0  
  0.0196674164828             0.0  
  0.0197460853146             0.0  
  0.0198250694374             0.0  
  0.0199043702325             0.0  
  0.0199839877024             0.0  
  0.0200639232226             0.0  
  0.0201441795976             0.0  
  0.0202247554125             0.0  
  0.0203056549267             0.0  
  0.0203868781584             0.0  
  0.0204684250949             0.0  
  0.0205502986369             0.0  
  0.0206325002631             0.0  
  0.0207150299721             0.0  
  0.0207978907469             0.0  
  0.0208810810743             0.0  
  0.0209646054901             0.0  
  0.0210484640106             0.0  
  0.0211326581768             0.0  
  0.0212171895475             0.0  
  0.0213020581165             0.0  
  0.0213872654403             0.0  
  0.0214728147007             0.0  
  0.0215587059078             0.0  
  0.0216449406729             0.0  
  0.0217315206258             0.0  
  0.0218184474159             0.0  
  0.0219057210389             0.0  
  0.0219933431436             0.0  
  0.0220813170987             0.0  
  0.0221696429202             0.0  
  0.0222583205902             0.0  
  0.0223473535396             0.0  
  0.0224367435202             0.0  
  0.0225264905366             0.0  
  0.0226165963424             0.0  
  0.0227070627134             0.0  
   0.022797891448             0.0  
  0.0228890825408             0.0  
  0.0229806396339             0.0  
  0.0230725608835             0.0  
  0.0231648518352             0.0  
  0.0232575106339             0.0  
  0.0233505410324             0.0  
  0.0234439430362             0.0  
  0.0235377185467             0.0  
  0.0236318694907             0.0  
  0.0237263978211             0.0  
  0.0238213035385             0.0  
  0.0239165886016             0.0  
  0.0240122549961             0.0  
  0.0241083027081             0.0  
  0.0242047378153             0.0  
  0.0243015562579             0.0  
  0.0243987621108             0.0  
   0.024496357451             0.0  
  0.0245943422758             0.0  
  0.0246927207968             0.0  
  0.0247914908945             0.0  
  0.0248906568236             0.0  
  0.0249902185834             0.0  
  0.0250901805246             0.0  
  0.0251905404622             0.0  
  0.0252913027928             0.0  
  0.0253924675203             0.0  
   0.025494039142             0.0  
  0.0255960154078             0.0  
  0.0256983985612             0.0  
  0.0258011932004             0.0  
  0.0259043970131             0.0  
  0.0260080146481             0.0  
    0.02611204611             0.0  
  0.0262164937597             0.0  
  0.0263213599946             0.0  
  0.0264266472488             0.0  
  0.0265323530848             0.0  
   0.026638482369             0.0  
  0.0267450350961             0.0  
  0.0268520162481             0.0  
  0.0269594233237             0.0  
   0.027067261363             0.0  
  0.0271755303777             0.0  
  0.0272842329335             0.0  
  0.0273933690209             0.0  
   0.027502943863             0.0  
  0.0276129548334             0.0  
  0.0277234072187             0.0  
  0.0278343010305             0.0  
  0.0279456389615             0.0  
  0.0280574210034             0.0  
  0.0281696498716             0.0  
  0.0282823283267             0.0  
  0.0283954591745             0.0  
  0.0285090395999             0.0  
  0.0286230752233             0.0  
  0.0287375689239             0.0  
  0.0288525178234             0.0  
  0.0289679276849             0.0  
  0.0290838014637             0.0  
  0.0292001362195             0.0  
  0.0293169348659             0.0  
  0.0294342033877             0.0  
  0.0295519418269             0.0  
  0.0296701471117             0.0  
  0.0297888284028             0.0  
  0.0299079857543             0.0  
  0.0300276160314             0.0  
  0.0301477254602             0.0  
  0.0302683172275             0.0  
  0.0303893913559             0.0  
  0.0305109478221             0.0  
  0.0306329930995             0.0  
  0.0307555239287             0.0  
  0.0308785468721             0.0  
  0.0310020619542             0.0  
  0.0311260691522             0.0  
  0.0312505718008             0.0  
  0.0313755767274             0.0  
  0.0315010770906             0.0  
  0.0316270832193             0.0  
  0.0317535916642             0.0  
  0.0318806059038             0.0  
  0.0320081259079             0.0  
  0.0321361587989             0.0  
  0.0322647046199             0.0  
  0.0323937633655             0.0  
  0.0325233386688             0.0  
  0.0326534305126             0.0  
   0.032784046325             0.0  
  0.0329151823899             0.0  
  0.0330468424368             0.0  
  0.0331790302653             0.0  
  0.0333117458776             0.0  
  0.0334449931253             0.0  
  0.0335787720014             0.0  
  0.0337130864104             0.0  
  0.0338479403317             0.0  
  0.0339833297668             0.0  
   0.034119266773             0.0  
    0.03425574124             0.0  
  0.0343927653635             0.0  
  0.0345303371289             0.0  
  0.0346684564989             0.0  
  0.0348071318312             0.0  
  0.0349463589249             0.0  
  0.0350861462674             0.0  
  0.0352264895855             0.0  
  0.0353673953179             0.0  
  0.0355088656611             0.0  
  0.0356509006117             0.0  
   0.035793504579             0.0  
  0.0359366775568             0.0  
  0.0360804262925             0.0  
  0.0362247462568             0.0  
  0.0363696465556             0.0  
  0.0365151249103             0.0  
  0.0366611859421             0.0  
  0.0368078296413             0.0  
  0.0369550607037             0.0  
  0.0371028815203             0.0  
  0.0372512920825             0.0  
  0.0374002972022             0.0  
  0.0375498993313             0.0  
  0.0377000984646             0.0  
  0.0378508995351             0.0  
  0.0380023025414             0.0  
  0.0381543124999             0.0  
  0.0383069294135             0.0  
  0.0384601558058             0.0  
  0.0386139968225             0.0  
  0.0387684524758             0.0  
   0.038923528001             0.0  
  0.0390792207552             0.0  
  0.0392355386861             0.0  
  0.0393924818217             0.0  
  0.0395500501301             0.0  
  0.0397082517653             0.0  
  0.0398670839996             0.0  
  0.0400265523356             0.0  
   0.040186659577             0.0  
  0.0403474057178             0.0  
  0.0405087935511             0.0  
  0.0406708287828             0.0  
  0.0408335143331             0.0  
  0.0409968472931             0.0  
  0.0411608334584             0.0  
  0.0413254787495             0.0  
  0.0414907802101             0.0  
   0.041656743801             0.0  
  0.0418233695127             0.0  
  0.0419906634194             0.0  
  0.0421586255298             0.0  
   0.042327258912             0.0  
  0.0424965698167             0.0  
  0.0426665551097             0.0  
  0.0428372210879             0.0  
  0.0430085709616             0.0  
  0.0431806047274             0.0  
  0.0433533288696             0.0  
  0.0435267401058             0.0  
  0.0437008482999             0.0  
   0.043875650142             0.0  
  0.0440511522978             0.0  
  0.0442273581705             0.0  
  0.0444042677676             0.0  
  0.0445818844935             0.0  
  0.0447602117949             0.0  
  0.0449392531611             0.0  
  0.0451190085759             0.0  
  0.0452994851091             0.0  
  0.0454806827765             0.0  
  0.0456626087953             0.0  
  0.0458452558873             0.0  
  0.0460286386326             0.0  
  0.0462127533948             0.0  
  0.0463976038551             0.0  
   0.046583193743             0.0  
   0.046769526837             0.0  
   0.046956606966             0.0  
  0.0471444302599             0.0  
  0.0473330082767             0.0  
  0.0475223410627             0.0  
  0.0477124325616             0.0  
  0.0479032787694             0.0  
  0.0480948956441             0.0  
  0.0482872751942             0.0  
  0.0484804213891             0.0  
  0.0486743423835             0.0  
  0.0488690423574             0.0  
  0.0490645171557             0.0  
  0.0492607751063             0.0  
  0.0494578204664             0.0  
  0.0496556489567             0.0  
   0.049854273417             0.0  
  0.0500536895535             0.0  
  0.0502539060659             0.0  
  0.0504549185427             0.0  
  0.0506567402489             0.0  
  0.0508593667607             0.0  
  0.0510628025253             0.0  
  0.0512670566381             0.0  
  0.0514721245518             0.0  
  0.0516780108055             0.0  
  0.0518847246999             0.0  
   0.052092261563             0.0  
  0.0523006307993             0.0  
  0.0525098324223             0.0  
  0.0527198760571             0.0  
  0.0529307520196             0.0  
  0.0531424748511             0.0  
  0.0533550445924             0.0  
  0.0535684662058             0.0  
  0.0537827396889             0.0  
  0.0539978700401             0.0  
  0.0542138623369             0.0  
  0.0544307165721             0.0  
  0.0546484430685             0.0  
  0.0548670366526             0.0  
  0.0550865024807             0.0  
  0.0553068511252             0.0  
  0.0555280772875             0.0  
  0.0557501916691             0.0  
  0.0559731888451             0.0  
  0.0561970851542             0.0  
  0.0564218696252             0.0  
    0.05664755882             0.0  
  0.0568741471904             0.0  
   0.057101645976             0.0  
  0.0573300495008             0.0  
  0.0575593691465             0.0  
  0.0577896107521             0.0  
   0.058020768517             0.0  
   0.058252848197             0.0  
  0.0584858616093             0.0  
  0.0587198028284             0.0  
  0.0589546838262             0.0  
  0.0591905046543             0.0  
  0.0594272652747             0.0  
  0.0596649717642             0.0  
  0.0599036365615             0.0  
  0.0601432471883             0.0  
  0.0603838224564             0.0  
  0.0606253560613             0.0  
  0.0608678607795             0.0  
  0.0611113301733             0.0  
  0.0613557771937             0.0  
  0.0616012018839             0.0  
  0.0618476041939             0.0  
  0.0620949907005             0.0  
  0.0623433748748             0.0  
  0.0625927500343             0.0  
  0.0628431160694             0.0  
  0.0630944935939             0.0  
  0.0633468688088             0.0  
  0.0636002555816             0.0  
  0.0638546539134             0.0  
   0.064110078039             0.0  
  0.0643665136604             0.0  
  0.0646239823258             0.0  
  0.0648824768223             0.0  
  0.0651420117993             0.0  
  0.0654025799059             0.0  
  0.0656641884884             0.0  
  0.0659268450311             0.0  
  0.0661905495202             0.0  
  0.0664553095403             0.0  
  0.0667211328193             0.0  
  0.0669880194077             0.0  
  0.0672559692546             0.0  
   0.067524998104             0.0  
  0.0677950980645             0.0  
  0.0680662770408             0.0  
  0.0683385430896             0.0  
  0.0686118962156             0.0  
   0.068886340455             0.0  
   0.069161888209             0.0  
  0.0694385353599             0.0  
   0.069716290261             0.0  
  0.0699951528868             0.0  
  0.0702751360196             0.0  
   0.070556235388             0.0  
  0.0708384595976             0.0  
  0.0711218130144             0.0  
  0.0714063000362             0.0  
  0.0716919250936             0.0  
    0.07197869265             0.0  
  0.0722666072029             0.0  
  0.0725556732844             0.0  
  0.0728459000873             0.0  
  0.0731372830003             0.0  
  0.0734298312522             0.0  
  0.0737235495201             0.0  
  0.0740184425194             0.0  
  0.0743145198186             0.0  
  0.0746117766219             0.0  
  0.0749102225396             0.0  
  0.0752098624475             0.0  
  0.0755107012636             0.0  
  0.0758127489591             0.0  
  0.0761159955082             0.0  
  0.0764204609911             0.0  
  0.0767261454929             0.0  
  0.0770330489826             0.0  
  0.0773411817395             0.0  
  0.0776505437441             0.0  
  0.0779611454547             0.0  
  0.0782729922069             0.0  
  0.0785860840041             0.0  
  0.0789004261565             0.0  
  0.0792160294956             0.0  
   0.079532894053             0.0  
   0.079851025297             0.0  
  0.0801704287509             0.0  
  0.0804911099934             0.0  
  0.0808130746602             0.0  
  0.0811363284449             0.0  
  0.0814608713158             0.0  
  0.0817867147778             0.0  
  0.0821138647046             0.0  
  0.0824423211076             0.0  
  0.0827720898447             0.0  
   0.083103176837             0.0  
  0.0834355880695             0.0  
  0.0837693295932             0.0  
  0.0841044075257             0.0  
  0.0844408280531             0.0  
  0.0847785911656             0.0  
  0.0851177030393             0.0  
  0.0854581762863             0.0  
  0.0858000109601             0.0  
  0.0861432069836             0.0  
  0.0864877837083             0.0  
   0.086833734686             0.0  
   0.087181066378             0.0  
  0.0875297920005             0.0  
  0.0878799115976             0.0  
  0.0882314318658             0.0  
  0.0885843527423             0.0  
  0.0889386947135             0.0  
  0.0892944509877             0.0  
  0.0896516284288             0.0  
  0.0900102339858             0.0  
  0.0903702746949             0.0  
  0.0907317505044             0.0  
  0.0910946829245             0.0  
  0.0914590575601             0.0  
  0.0918248961623             0.0  
  0.0921921988168             0.0  
  0.0925609654697             0.0  
  0.0929312109813             0.0  
  0.0933029353717             0.0  
  0.0936761461684             0.0  
  0.0940508509988             0.0  
  0.0944270498198             0.0  
  0.0948047581127             0.0  
  0.0951839838158             0.0  
  0.0955647190532             0.0  
  0.0959469715991             0.0  
  0.0963307655121             0.0  
  0.0967160847083             0.0  
  0.0971029535334             0.0  
  0.0974913638291             0.0  
  0.0978813237277             0.0  
  0.0982728498947             0.0  
    0.09866594241             0.0  
   0.099060609758             0.0  
  0.0994568519222             0.0  
  0.0998546774253             0.0  
   0.100254094913             0.0  
   0.100655113158             0.0  
   0.101057732156             0.0  
   0.101461960725             0.0  
   0.101867807811             0.0  
   0.102275282494             0.0  
   0.102684384796             0.0  
   0.103095123848             0.0  
   0.103507499581             0.0  
   0.103921530592             0.0  
   0.104337216941             0.0  
   0.104754568095             0.0  
   0.105173584024             0.0  
   0.105594283976             0.0  
   0.106016658262             0.0  
   0.106440726351             0.0  
   0.106866488265             0.0  
   0.107293953898             0.0  
     0.1077231333             0.0  
   0.108154016287             0.0  
   0.108586633294             0.0  
   0.109020984491             0.0  
   0.109457069886             0.0  
   0.109894899843             0.0  
   0.110334474284             0.0  
   0.110775814355             0.0  
   0.111218920147             0.0  
   0.111663791584             0.0  
   0.112110450329             0.0  
   0.112558885443             0.0  
   0.113009129988             0.0  
   0.113461161814             0.0  
   0.113915003126             0.0  
   0.114370665274             0.0  
   0.114828148301             0.0  
   0.115287463664             0.0  
   0.115748611332             0.0  
   0.116211602869             0.0  
   0.116676450037             0.0  
   0.117143152835             0.0  
   0.117611735198             0.0  
   0.118082173035             0.0  
   0.118554502557             0.0  
   0.119028723913             0.0  
   0.119504837073             0.0  
   0.119982854371             0.0  
   0.120462788359             0.0  
   0.120944639055             0.0  
   0.121428419148             0.0  
   0.121914128591             0.0  
   0.122401793275             0.0  
   0.122891400238             0.0  
   0.123382962455             0.0  
   0.123876493133             0.0  
   0.124372005713             0.0  
   0.124869486696             0.0  
    0.12536896306             0.0  
   0.125870448651             0.0  
   0.126373929725             0.0  
   0.126879419965             0.0  
   0.127386933305             0.0  
   0.127896483936             0.0  
   0.128408071933             0.0  
   0.128921697178             0.0  
   0.129437388564             0.0  
   0.129955146271             0.0  
   0.130474955445             0.0  
   0.130996860392             0.0  
   0.131520846332             0.0  
   0.132046928203             0.0  
   0.132575121227             0.0  
   0.133105425465             0.0  
   0.133637840778             0.0  
   0.134172398206             0.0  
   0.134709082127             0.0  
   0.135247924046             0.0  
   0.135788908058             0.0  
   0.136332066143             0.0  
   0.136877390275             0.0  
   0.137424904887             0.0  
   0.137974601796             0.0  
   0.138526497437             0.0  
   0.139080608566             0.0  
   0.139636926768             0.0  
    0.14019547741             0.0  
   0.140756260558             0.0  
   0.141319284768             0.0  
   0.141884558656             0.0  
   0.142452099745             0.0  
   0.143021908073             0.0  
   0.143593992447             0.0  
   0.144168370799             0.0  
   0.144745043155             0.0  
   0.145324027728             0.0  
   0.145905324541             0.0  
   0.146488942746             0.0  
   0.147074900997             0.0  
   0.147663199313             0.0  
   0.148253847072             0.0  
   0.148846863384             0.0  
   0.149442258012             0.0  
    0.15004002118             0.0  
   0.150640182132             0.0  
   0.151242740914             0.0  
   0.151847717443             0.0  
   0.152455101654             0.0  
   0.153064923769             0.0  
   0.153677183874             0.0  
   0.154291892196             0.0  
   0.154909059057             0.0  
   0.155528694873             0.0  
    0.15615081016             0.0  
   0.156775415535             0.0  
   0.157402521715             0.0  
   0.158032128636             0.0  
   0.158664257937             0.0  
   0.159298909593             0.0  
   0.159936105631             0.0  
   0.160575857307             0.0  
   0.161218153334             0.0  
   0.161863027494             0.0  
    0.16251047988             0.0  
   0.163160521938             0.0  
   0.163813165237             0.0  
   0.164468421468             0.0  
   0.165126290561             0.0  
   0.165786796153             0.0  
   0.166449938238             0.0  
     0.1671157409             0.0  
   0.167784204206             0.0  
   0.168455340333             0.0  
   0.169129161595             0.0  
   0.169805680445             0.0  
   0.170484909475             0.0  
   0.171166848655             0.0  
   0.171851510563             0.0  
   0.172538920896             0.0  
   0.173229066678             0.0  
    0.17392198699             0.0  
   0.174617682033             0.0  
   0.175316151747             0.0  
   0.176017409306             0.0  
   0.176721481655             0.0  
   0.177428368893             0.0  
   0.178138084683             0.0  
   0.178850628912             0.0  
   0.179566043354             0.0  
   0.180284300021             0.0  
   0.181005441147             0.0  
   0.181729466868             0.0  
   0.182456377047             0.0  
   0.183186200516             0.0  
   0.183918952014             0.0  
    0.18465461675             0.0  
   0.185393239096             0.0  
   0.186134819272             0.0  
   0.186879357215             0.0  
    0.18762686792             0.0  
   0.188377382046             0.0  
   0.189130884183             0.0  
   0.189887405278             0.0  
   0.190646961147             0.0  
   0.191409551855             0.0  
   0.192175193269             0.0  
    0.19294388525             0.0  
   0.193715660074             0.0  
   0.194490534275             0.0  
    0.19526849138             0.0  
   0.196049564345             0.0  
   0.196833753116             0.0  
   0.197621091384             0.0  
   0.198411579304             0.0  
   0.199205234028             0.0  
    0.20000205552             0.0  
   0.200802061011             0.0  
   0.201605267985             0.0  
   0.202411694179             0.0  
   0.203221339593             0.0  
    0.20403422206             0.0  
   0.204850359677             0.0  
   0.205669752375             0.0  
   0.206492436937             0.0  
   0.207318413552             0.0  
    0.20814768209             0.0  
   0.208980261139             0.0  
   0.209816188758             0.0  
   0.210655445884             0.0  
   0.211498071008             0.0  
   0.212344064232             0.0  
   0.213193445145             0.0  
   0.214046213675             0.0  
   0.214902409677             0.0  
   0.215762013091             0.0  
    0.21662506424             0.0  
   0.217491563183             0.0  
   0.218361530429             0.0  
   0.219234965867             0.0  
   0.220111911284             0.0  
     0.2209923669             0.0  
   0.221876332607             0.0  
   0.222763829578             0.0  
    0.22365490114             0.0  
   0.224549503758             0.0  
   0.225447702921             0.0  
   0.226349498892             0.0  
   0.227254891597             0.0  
   0.228163925989             0.0  
   0.229076579506             0.0  
   0.229992874618             0.0  
   0.230912857412             0.0  
   0.231836504828             0.0  
   0.232763839934             0.0  
   0.233694909994             0.0  
    0.23462969145             0.0  
   0.235568207999             0.0  
   0.236510483745             0.0  
   0.237456518631             0.0  
   0.238406337007             0.0  
   0.239359963648             0.0  
   0.240317398589             0.0  
   0.241278666869             0.0  
   0.242243793968             0.0  
   0.243212780032             0.0  
   0.244185624836             0.0  
   0.245162353976             0.0  
    0.24614301991             0.0  
   0.247127569931             0.0  
   0.248116083417             0.0  
    0.24910856079             0.0  
   0.250105002093             0.0  
   0.251105406992             0.0  
   0.252109830165             0.0  
   0.253118271822             0.0  
   0.254130759937             0.0  
   0.255147266246             0.0  
   0.256167846992             0.0  
   0.257192531015             0.0  
   0.258221289561             0.0  
   0.259254180438             0.0  
   0.260291203866             0.0  
   0.261332359668             0.0  
   0.262377707278             0.0  
   0.263427216902             0.0  
    0.26448091836             0.0  
   0.265538842033             0.0  
   0.266600987898             0.0  
   0.267667386749             0.0  
   0.268738069965             0.0  
   0.269813006064             0.0  
   0.270892258088             0.0  
   0.271975826221             0.0  
   0.273063742733             0.0  
   0.274156007754             0.0  
   0.275252620997             0.0  
    0.27635363168             0.0  
   0.277459056633             0.0  
    0.27856887898             0.0  
    0.27968316611             0.0  
   0.280801901239             0.0  
   0.281925101253             0.0  
   0.283052800615             0.0  
   0.284185016866             0.0  
   0.285321749936             0.0  
   0.286463035083             0.0  
    0.28760889024             0.0  
   0.288759333475             0.0  
   0.289914364678             0.0  
   0.291074020225             0.0  
   0.292238318604             0.0  
   0.293407278456             0.0  
   0.294580899659             0.0  
   0.295759219764             0.0  
   0.296942257868             0.0  
   0.298130033227             0.0  
   0.299322545737             0.0  
   0.300519834195             0.0  
   0.301721918353             0.0  
   0.302928798139             0.0  
   0.304140513331             0.0  
   0.305357084209             0.0  
    0.30657851075             0.0  
    0.30780483376             0.0  
   0.309036053261             0.0  
   0.310272189784             0.0  
   0.311513285199             0.0  
   0.312759339614             0.0  
   0.314010374147             0.0  
   0.315266410121             0.0  
   0.316527469063             0.0  
   0.317793594723             0.0  
   0.319064765213             0.0  
   0.320341024541             0.0  
   0.321622395105             0.0  
    0.32290887681             0.0  
   0.324200514872             0.0  
   0.325497309296             0.0  
   0.326799306137             0.0  
   0.328106505512             0.0  
   0.329418930686             0.0  
   0.330736605174             0.0  
   0.332059552743             0.0  
   0.333387773198             0.0  
   0.334721339076             0.0  
   0.336060226296             0.0  
   0.337404459096             0.0  
   0.338754086995             0.0  
   0.340109084964             0.0  
   0.341469528289             0.0  
   0.342835417322             0.0  
   0.344206751893             0.0  
    0.34558358336             0.0  
   0.346965911735             0.0  
   0.348353789395             0.0  
   0.349747189896             0.0  
   0.351146192895             0.0  
   0.352550771731             0.0  
   0.353960980257             0.0  
   0.355376818476             0.0  
   0.356798313591             0.0  
   0.358225521107             0.0  
   0.359658413196             0.0  
    0.36109704583             0.0  
   0.362541447593             0.0  
   0.363991589687             0.0  
   0.365447558249             0.0  
   0.366909353625             0.0  
   0.368377005178             0.0  
   0.369850512842             0.0  
   0.371329906034             0.0  
   0.372815214556             0.0  
   0.374306499135             0.0  
   0.375803698768             0.0  
   0.377306936059             0.0  
    0.37881614935             0.0  
   0.380331432033             0.0  
   0.381852752824             0.0  
   0.383380142906             0.0  
    0.38491366618             0.0  
   0.386453322919             0.0  
   0.387999145622             0.0  
   0.389551134167             0.0  
   0.391109354508             0.0  
   0.392673773317             0.0  
   0.394244491082             0.0  
   0.395821440208             0.0  
   0.397404756821             0.0  
   0.398994372669             0.0  
   0.400590356569             0.0  
   0.402192708445             0.0  
    0.40380146314             0.0  
   0.405416691825             0.0  
   0.407038359024             0.0  
    0.40866650028             0.0  
   0.410301151665             0.0  
   0.411942349788             0.0  
   0.413590131812             0.0  
   0.415244497878             0.0  
   0.416905485377             0.0  
   0.418573094084             0.0  
   0.420247400108             0.0  
   0.421928364977             0.0  
   0.423616104768             0.0  
   0.425310541546             0.0  
   0.427011792894             0.0  
   0.428719859375             0.0  
   0.430434740904             0.0  
   0.432156477435             0.0  
   0.433885109556             0.0  
   0.435620637143             0.0  
    0.43736310109             0.0  
   0.439112584969             0.0  
   0.440869004932             0.0  
   0.442632487246             0.0  
   0.444403032456             0.0  
   0.446180640438             0.0  
   0.447965354113             0.0  
   0.449757217111             0.0  
   0.451556229337             0.0  
   0.453362479596             0.0  
   0.455175923398             0.0  
   0.456996605151             0.0  
   0.458824615881             0.0  
   0.460659910107             0.0  
   0.462502533404             0.0  
   0.464352579108             0.0  
    0.46620995338             0.0  
   0.468074797379             0.0  
   0.469947111716             0.0  
   0.471826896298             0.0  
   0.473714199207             0.0  
   0.475609069359             0.0  
   0.477511506824             0.0  
   0.479421561033             0.0  
   0.481339231788             0.0  
   0.483264569046             0.0  
   0.485197623643             0.0  
    0.48713844731             0.0  
    0.48908698843             0.0  
    0.49104335062             0.0  
   0.493007534152             0.0  
   0.494979538549             0.0  
   0.496959470212             0.0  
   0.498947275454             0.0  
    0.50094306216             0.0  
   0.502946885801             0.0  
   0.504958636151             0.0  
   0.506978478729             0.0  
    0.50900641424             0.0  
   0.511042442618             0.0  
   0.513086620388             0.0  
   0.515138947285   51.7385592925  
   0.517199480546             0.0  
   0.519268278468             0.0  
   0.521345341199             0.0  
   0.523430727797             0.0  
   0.525524498426   25.4577890754  
   0.527626593036   25.8721314467  
   0.529737071145             0.0  
   0.531855993396   25.9307284464  
   0.533983421578             0.0  
   0.536119356013   25.4682425187  
   0.538263859347   25.4426520367  
   0.540416931774             0.0  
   0.542578572662   27.0115233024  
   0.544748909884   55.6875353038  
   0.546927879032    85.409295111  
   0.549115609922   27.0368660387  
   0.551312070118   27.0512744232  
   0.553517325448   27.8622133394  
   0.555731375711   56.3871628202  
   0.557954321622   177.808766495  
   0.560186129508   34.5206802296  
    0.56242686716   60.0132955947  
   0.564676568953   33.4893878094  
   0.566935269508   58.0512477664  
   0.569203038998   111.565226664  
   0.571479842222   37.8526424088  
   0.573765749586   28.7922897324  
   0.576060832897   95.3165127128  
   0.578365056043   34.7209769983  
   0.580678527832   96.2591364815  
   0.583001248583   117.495337552  
   0.585333255065   27.8202229828  
   0.587674584337   35.8920680727  
   0.590025273757   64.3671221791  
   0.592385360989   102.125071483  
    0.59475492255   95.5930331003  
    0.59713391995   33.9982737886  
   0.599522469205   132.969502945  
   0.601920570721   105.774650395  
   0.604328223989   160.524211197  
   0.606745547913   30.1087135864  
   0.609172542992    134.65667496  
   0.611609208806   35.8050594388  
   0.614055667248   73.5105877862  
   0.616511877542    147.83903993  
   0.618977921892   147.654323212  
    0.62145384213   69.9175236861  
   0.623939680483   113.826824495  
    0.62643543682   37.3797489024  
   0.628941153152   152.263347307  
   0.631456915341   112.286668564  
   0.633982767257             0.0  
   0.636518664907     77.53477177  
   0.639064739921   158.297113228  
   0.641621037484   161.019618603  
   0.644187512807    78.471028245  
   0.646764255413   162.153233712  
   0.649351310787   74.2558949225  
   0.651948724887   73.2075092952  
   0.654556497467    41.926703893  
   0.657174721394    233.13436211  
   0.659803444093    41.542633449  
    0.66244266568             0.0  
   0.665092433462   126.793801299  
   0.667752795259   38.3939440638  
   0.670423799416   123.264167682  
    0.67310549481    38.352627342  
   0.675797930866             0.0  
   0.678501107401   41.1761698196  
   0.681215124321   177.601276005  
   0.683939981772   84.2266517636  
   0.686675730236   44.1828950522  
   0.689422420776   130.525895752  
   0.692180105052   44.3280797302  
   0.694948835326   89.0554452446  
   0.697728664482             0.0  
   0.700519539089             0.0  
   0.703321618534   43.5161506993  
   0.706134903276   43.2748355979  
   0.708959447472   39.2682708303  
   0.711795305937   89.0568746267  
   0.714642478514   51.8516640162  
   0.717501076141   132.957404242  
   0.720371042598             0.0  
   0.723252546752             0.0  
   0.726145531988    38.110239072  
   0.729050112501             0.0  
   0.731966346677   77.9165963867  
   0.734894175957   80.3181583235  
   0.737833776058   47.1576076158  
   0.740785088054   134.103149382  
   0.743748230808   127.553356689  
   0.746723265124   125.803051103  
   0.749710130124   51.4414298316  
   0.752708947032   90.5428234906  
   0.755719839845   44.9068278883  
   0.758742684465   37.5557191726  
   0.761777667799   90.7904025006  
   0.764824790406   176.205910475  
   0.767884051683   141.838164124  
   0.770955579374   243.909720644  
   0.774039438886   132.440258764  
   0.777135564917   94.2299092026  
    0.78024415422   80.5063706428  
   0.783365074359   170.974906687  
   0.786498591855   166.340701765  
   0.789644572959   96.5359272763  
   0.792803152342   169.195941224  
   0.795974329745   265.009777037  
   0.799158242868   282.259084934  
   0.802354892328   286.383414395  
   0.805564277528   90.6432028026  
   0.808786539182   321.348383632  
    0.81202167761   179.722102663  
    0.81526976432    132.09912664  
   0.818530871882   101.816418798  
   0.821805000353   285.903474139  
   0.825092222719   273.032554532  
   0.828392613059    203.54524182  
   0.831706171199   248.714060983  
   0.835032971668   310.077294959  
   0.838373090129   146.867728317  
   0.841726603405    194.52962067  
   0.845093511678   199.237590691  
   0.848473892288   310.607278235  
   0.851867744698   265.030031785  
   0.855275226474   203.490539708  
   0.858696338263   514.805544811  
     0.8621311604   50.6167634672  
   0.865579692848   259.287474942  
   0.869042016538   108.858539193  
   0.872518130734   316.502548364  
   0.876008200591   597.430147488  
   0.879512226677    406.91286608  
   0.883030293186   325.064689146  
   0.886562400028   209.737852913  
   0.890108632087   168.932086738  
   0.893669075629   56.2198312575  
   0.897243818335   156.932394958  
   0.900832772471   167.185007186  
   0.904436113504   226.266580345  
   0.908053841492   511.622214323  
   0.911686045672   174.254516237  
    0.91533281677    522.34930672  
   0.918994155003   458.219339791  
   0.922670059186   61.7528417322  
   0.926360807225   357.334261324  
   0.930066213277   294.560304871  
   0.933786464124   282.517746785  
   0.937521655387   57.5311843982  
   0.941271691238   286.631988348  
    0.94503676327   405.670141191  
   0.948816969728   229.368468092  
   0.952612212787   367.008375432  
   0.956422689039   186.586439001  
    0.96024839901   333.860068887  
   0.964089341764   109.736018478  
   0.967945719061   243.497361644  
   0.971817531867   59.8348241649  
   0.975704779678   59.4528038587  
   0.979607565052   140.229237444  
   0.983525992373   201.128989338  
    0.98746016788    178.69230918  
    0.99140998551   244.023365837  
   0.995375550182   387.268867143  
   0.999357077529   116.575973848  
    1.00335456921   65.4750640856  
     1.0073679148   64.3134873035  
    1.01139744463   118.329976711  
    1.01544304873   197.569474768  
    1.01950483853   64.1379493589  
    1.02358281331    209.39938579  
    1.02767708587   133.709264343  
    1.03178788711   53.4382144819  
    1.03591498602   270.340958485  
    1.04005861403   406.894389382  
    1.04421888967   393.358738196  
     1.0483958139   277.457122771  
    1.05258938609   276.979706891  
    1.05679972569   198.099815336  
    1.06102695441   336.023703242  
    1.06527107257   143.278274365  
     1.0695320789    65.602978794  
    1.07381022173   51.8535918447  
    1.07810550248   74.6697482309  
    1.08241792093   68.7833555331  
    1.08674760389   392.711217531  
    1.09109455089   256.002371266  
    1.09545895593   266.494702218  
    1.09984075394   128.939706642  
    1.10424014184   65.3551362308  
    1.10865712028             0.0  
    1.11309168825    132.15392394  
    1.11754411518   62.2044657424  
    1.12201426596   333.690107501  
    1.12650234506   142.541353196  
    1.13100835277   70.9189798788  
    1.13553235792   196.072551051  
    1.14007450061   282.073019694  
    1.14463478098   199.422599113  
    1.14921334131   289.188452189  
    1.15381018168   358.610114316  
    1.15842544658   129.303092203  
    1.16305913603   200.091225308  
    1.16771132256   492.794582464  
    1.17238222901   270.198727598  
     1.1770717062   134.220195099  
    1.18178005487             0.0  
    1.18650712344   348.547137609  
    1.19125314023   484.016459565  
    1.19601818322   140.909604025  
    1.20080225251   491.465880575  
    1.20560542555   282.120574531  
     1.2104278603   427.404334527  
    1.21526955699    357.72944736  
    1.22013067626   207.353849745  
    1.22501121851   508.961440638  
    1.22991126469   565.373855963  
    1.23483089651   288.869526796  
    1.23977019641   727.312986397  
    1.24472933202   502.134736824  
    1.24970821917   686.900329983  
    1.25470702642   459.495647735  
    1.25972583937   533.442465686  
    1.26476474446   374.046711668  
    1.26982382899   364.159108083  
    1.27490309256   704.554435722  
    1.28000271133   772.964534417  
    1.28512277523   466.575104022  
     1.2902632844   512.426192644  
    1.29542432843     876.4462361  
    1.30060599784    549.58924763  
    1.30580838408   658.698425706  
     1.3110316732   790.797017018  
    1.31627577206   658.502981837  
    1.32154086795   583.187666482  
    1.32682705626   397.153127112  
    1.33213433675    340.70500085  
    1.33746290205   492.379834437  
    1.34281275249   601.359567656  
    1.34818398535   513.282614188  
    1.35357669902   844.466016677  
    1.35899099299   763.828481808  
    1.36442696787   1523.10017859  
    1.36988472544   675.472384942  
    1.37536426557   602.315228542  
    1.38086568994   1155.74286045  
     1.3863892061   707.297428851  
    1.39193470951    786.35601341  
    1.39750240935   619.387972875  
    1.40309251941   521.493428712  
    1.40870482573   332.307966226  
    1.41433965025   256.415996981  
    1.41999699353   464.158450381  
    1.42567696474   573.666627017  
    1.43137967438   819.703424328  
    1.43710523432    88.753031168  
    1.44285364441   758.410952384  
    1.44862501663   100.697757467  
     1.4544195796   449.065710142  
    1.46023721857   475.315226187  
    1.46607816418   102.510440891  
    1.47194253421   353.471022692  
      1.477830329    378.47678628  
    1.48374154662    775.73926914  
    1.48967654556   454.650709742  
    1.49563532798   87.8835564483  
    1.50161777091   80.5684617018  
    1.50762424051   477.638831227  
    1.51365473797    81.872241183  
    1.51970938801   443.990436273  
    1.52578819019   296.242649084  
    1.53189139745             0.0  
    1.53801901079   360.475898476  
    1.54417102887   366.654317892  
    1.55034770985   188.592350789  
    1.55654905389   473.492004188  
    1.56277532485   191.231566959  
    1.56902639034   366.769338238  
    1.57530251691   281.926636206  
    1.58160370472    565.86703315  
    1.58793008889   992.779927529  
    1.59428180649   270.684197819  
    1.60065899655   385.690147628  
    1.60706165945   487.363221861  
    1.61348993491   199.353135759  
    1.61994382173   649.591205974  
    1.62642360449   952.208981501  
    1.63292928386   299.275112339  
    1.63946100449   899.370453435  
     1.6460189132   770.096763894  
     1.6526028614   1028.82154471  
    1.65921329316   678.470901759  
    1.66585021079   771.991804486  
    1.67251361406   579.152473442  
    1.67920365382   717.083560588  
    1.68592048325   930.212839124  
    1.69266410175   664.486318922  
    1.69943482084   939.050717694  
    1.70623248366   1603.63648573  
    1.71305740532   1580.76400744  
     1.7199097473   1343.35431519  
    1.72678934875    1571.7975564  
    1.73369653225   1959.18530906  
    1.74063129799   2317.87559824  
    1.74759380992   1328.05772228  
    1.75458423461   1400.65185087  
    1.76160257222   2402.27780497  
    1.76864899066   2590.05928699  
    1.77572348875   1965.25694435  
    1.78282640892    2472.7022767  
     1.7899577528   2400.91716803  
    1.79711751932   2390.24820016  
    1.80430605936   2816.79190345  
    1.81152319598   1174.50172741  
    1.81876928446    2900.9495669  
    1.82604450707   2605.09485067  
    1.83334868291    2842.6830555  
     1.8406819916   2868.94374524  
    1.84804480185   2906.94884189  
    1.85543692875   2073.59737014  
     1.8628585567   2883.39312357  
    1.87031006382    1815.2853877  
    1.87779126121   2497.75147289  
    1.88530253195   1309.04055215  
    1.89284368298   2105.54776795  
    1.90041510239   2651.58698942  
    1.90801679125   1679.71293902  
    1.91564874769   1685.83302391  
    1.92331136998   1924.11791949  
    1.93100465998   1450.44725849  
    1.93872861661    1556.1637921  
    1.94648364868   2178.55310584  
    1.95426955095   1976.45286505  
    1.96208652804    2825.3785266  
    1.96993499966   2905.54577065  
    1.97781475664   2005.53558508  
    1.98572600968   2183.56160264  
    1.99366875669    1164.7493304  
    2.00164342911   2444.19471447  
    2.00965002913   1782.46156221  
     2.0176887777   1404.23052658  
    2.02575945264   1661.38818385  
    2.03386249764   1941.78458078  
    2.04199791323   2669.47092819  
    2.05016592587   2431.60509287  
    2.05836653531   2300.85998935  
    2.06659997086   3635.86524652  
    2.07486646606   3698.92989611  
    2.08316602235   3675.72970026  
    2.09149863802   3729.33547911  
    2.09986454834   5632.23838257  
    2.10826399303   6297.38974289  
    2.11669697217   6102.78180749  
    2.12516397475   5865.68417496  
    2.13366451009   7374.75089503  
    2.14219906852    8027.3772386  
    2.15076790095   8119.33386873  
    2.15937100899   8482.29845875  
    2.16800864708   7521.85226876  
    2.17668055826   7938.56456766  
    2.18538725457   7074.93791031  
    2.19412886786   8000.72006576  
     2.2029053986   10255.7766438  
    2.21171697719   10385.5274934  
    2.22056386918   12977.2924244  
    2.22944607449   11729.4668471  
     2.2383638626   10695.7058843  
    2.24731737067   11079.1850536  
    2.25630659816   10942.2621095  
    2.26533182065   12195.5944764  
    2.27439317825   13194.1621489  
    2.28349081208   14124.0481294  
    2.29262472114   16588.4158691  
    2.30179518955   12448.4282607  
    2.31100236161   15700.1534841  
    2.32024638274    13643.428407  
    2.32952739949   13282.0609402  
    2.33884555955   15129.3339083  
     2.3482008616   12762.6432864  
    2.35759375493   15350.2518021  
     2.3670240892   16794.4276501  
    2.37649216717   17699.5107255  
    2.38599814264   15294.1248434  
    2.39554217071   17700.2908987  
    2.40512425024   14265.0809582  
    2.41474485293   16023.3992652  
     2.4244038215     17180.54113  
    2.43410131268   12135.7354331  
    2.44383780997   14150.5377258  
    2.45361315272   13778.8733399  
    2.46342750192   12591.9069827  
    2.47328135334   17249.4033408  
    2.48317437503   15471.1723453  
    2.49310706713   16357.0418074  
     2.5030796008   11402.6103807  
    2.51309180473   14668.0521039  
    2.52314419199   10775.0206926  
    2.53323676388   15783.7830446  
    2.54336969409   15642.8180653  
      2.553543158   16500.3544508  
    2.56375733277   12345.8206298  
    2.57401239734   13402.9376636  
    2.58430853246   14717.9894886  
    2.59464573736   18885.3367165  
    2.60502437702   14867.3352702  
    2.61544445152    17126.414865  
    2.62590614476   13994.2227144  
    2.63640983195   18947.2049319  
    2.64695551462   13934.5258109  
    2.65754319028   16707.8732778  
    2.66817343412   18960.6842005  
    2.67884605387   17672.1613848  
    2.68956143808   18003.0640597  
    2.70031978513   21616.6399144  
    2.71112109538   21572.3169707  
     2.7219655669   21605.1981407  
    2.73285339999   22644.0650867  
    2.74378479725    17517.381352  
    2.75475996361   17714.2692199  
    2.76577889803   16425.3734967  
     2.7768420153   19300.3524796  
    2.78794952761   17356.2341508  
    2.79910122283    15267.853569  
    2.81029773829   15862.3348631  
    2.82153886012   16445.5834963  
    2.83282501905   19952.9261046  
    2.84415621465   17637.1202131  
    2.85553288641   18216.8415085  
     2.8669550358   19409.1658723  
    2.87842288562   17257.3177699  
    2.88993666146   17340.8944523  
    2.90149636242   17057.9484466  
    2.91310221432   15429.6424793  
    2.92475467888   13874.3563136  
    2.93645375843   13432.3521167  
    2.94819945083   12284.3901714  
    2.95999246544    13483.494364  
    2.97183232698   14660.1135779  
    2.98371975291   13407.3587746  
    2.99565450142    13622.137276  
    3.00763705757   11571.3213114  
    3.01966766914   13195.3213624  
    3.03174633682   7545.85709375  
     3.0438733091   12342.9165261  
    3.05604883781   9543.08656721  
    3.06827292179   9409.24546076  
    3.08054607218   8273.02908721  
    3.09286829073   7968.25062565  
    3.10523983715   8411.95055651  
       3.11766071   6760.24388177  
    3.13013143684   5413.47307172  
     3.1426520194   6063.71563602  
     3.1552224546   5689.57722488  
    3.16784328125   7326.87824367  
    3.18051477514   4548.96408086  
    3.19323693827   6872.36073724  
    3.20600976777   5141.12356008  
    3.21883382034   4489.02619414  
    3.23170909668   3916.48719827  
    3.24463587936   4046.01001728  
    3.25761445513   4272.48255953  
    3.27064511496   5932.98303162  
    3.28372756669   3875.98489462  
    3.29686239202   3658.53532518  
    3.31004988796   4226.43575493  
    3.32329005515   4805.48187509  
    3.33658319242   4105.00859699  
    3.34992960313   1689.19816933  
    3.36332928717   4171.92985139  
    3.37678254987   2820.64690817  
    3.39028970127   1991.48611222  
    3.40385105624    3260.0972358  
    3.41746629822   2834.36576315  
    3.43113637807   3000.82666951  
    3.44486065569   2217.40897894  
    3.45864009442   1948.00964719  
    3.47247469798   1110.40052466  
    3.48636479597   1622.12813022  
    3.50031005569   650.994318698  
    3.51431147419   232.988349695  
    3.52836871873   1626.58342508  
    3.54248212415   2091.50217068  
    3.55665203068   643.862087955  
    3.57087878411   1426.62331503  
    3.58516203559   2935.40085733  
    3.59950283138   895.369605566  
    3.61390082286   449.945888928  
    3.62835636186   2336.48229422  
    3.64286980603   1141.92446315  
    3.65744115459   2744.82357106  
     3.6720711358   1997.05608892  
    3.68675938494   1775.22707686  
    3.70150626634   828.467812204  
    3.71631252674   1815.16459837  
    3.73117779346   1777.62562736  
    3.74610244067   1050.20138974  
     3.7610868489   1686.56811212  
    3.77613101678   1551.75600345  
    3.79123572024   1985.59984399  
    3.80640057035   2485.70767956  
    3.82162635332   1103.52589768  
     3.8369126718   889.649435758  
    3.85226032249   2674.38212793  
    3.86766930695   1815.66644151  
    3.88314003164   709.017476185  
    3.89867249609   1398.60324438  
    3.91426752862   1636.50267464  
    3.92992429535   3089.42809275  
    3.94564404997   1201.73944627  
    3.96142679819    1429.3203786  
    3.97727253972   2178.67513516  
    3.99318170256   2436.17300164  
    4.00915428459   1471.89163906  
    4.02519071885   2474.08356298  
    4.04129144627   2067.04895715  
     4.0574569158   3597.06436443  
    4.07368668043   1992.77359232  
    4.08998118387   2339.20533732  
    4.10634133737   2587.33659224  
    4.12276668611   1533.60777431  
    4.13925768777   1330.69247379  
     4.1558148085   2944.60683294  
    4.17243804884    1295.4300483  
    4.18912788102   1637.85391029  
    4.20588430424   1612.12795873  
    4.22270779694   1111.00278178  
    4.23959884661   821.220322245  
    4.25655696277   2496.31211456  
    4.27358312521   1121.91814292  
    4.29067733583   883.278036718  
    4.30784009553   899.841598083  
    4.32507140516   566.074693087  
    4.34237177264   304.622294226  
    4.35974119784   853.473554174  
    4.37718045687   615.698022378  
    4.39468902883   819.544050445  
    4.41226796031   299.523169896  
    4.42991698849    790.00431411  
    4.44763664356   454.071662574  
    4.46542719446   842.192287723  
    4.48328891197             0.0  
    4.50122206872             0.0  
    4.51922693926   551.266727919  
    4.53730380009             0.0  
    4.55545292971             0.0  
    4.57367489354   543.818006987  
     4.5919694066             0.0  
    4.61033732575   312.889859176  
    4.62877865296   313.101905583  
     4.6472939715             0.0  
    4.66588298672             0.0  
    4.68454658297   214.932759867  
     4.7032847621             0.0  
     4.7220978225   306.884261469  
    4.74098637113   284.921088492  
    4.75995010145             0.0  
    4.77898993408             0.0  
    4.79810587133             0.0  
    4.81729854038   264.751213426  
    4.83656762537             0.0  
     4.8559137564             0.0  
    4.87533757653             0.0  
    4.89483876301   841.898584351  
    4.91441829106   439.605460254  
    4.93407583344             0.0  
     4.9538123818             0.0  
    4.97362760448             0.0  
    4.99352183074             0.0  
    5.01349607765   310.537222545  
    5.03355000696   557.842190167  
    5.05368430539             0.0  
    5.07389897276   280.210930874  
    5.09419470807             0.0  
    5.11457151245             0.0  
     5.1350297384             0.0  
    5.15556974197             0.0  
    5.17619188281   356.870867411  
    5.19689689217   334.343138457  
    5.21768440439             0.0  
    5.23855515541    616.06190362  
    5.25950952014             0.0  
    5.28054749769   260.146487427  
    5.30166946194   248.987385769  
    5.32287617669             0.0  
     5.3441676442   859.294688817  
    5.36554464285   588.801032854  
    5.38700678205   294.861776871  
    5.40855484569   583.099812532  
    5.43018883146   898.147953448  
     5.4519095384    1119.3426088  
    5.47371737491   597.428996666  
    5.49561234274             0.0  
    5.51759443527   308.801519276  
    5.53966489128   541.183858112  
    5.56182371703   309.556834467  
    5.58407091037   314.040921109  
    5.60640731682   646.201102337  
    5.62883293749   1190.10403975  
    5.65134819992   906.258882209  
    5.67395353681    1176.8420468  
    5.69664938618   1219.55895104  
    5.71943619141   1532.80380208  
    5.74231350316   2387.26267343  
     5.7652831125   2359.97700889  
    5.78834412131   3723.05321007  
    5.81149743365   3335.52473543  
    5.83474351021    9090.5457453  
    5.85808235018   10880.5321813  
    5.88151488606   6825.90898492  
    5.90504064664   7682.69441364  
    5.92866105146   5765.66056632  
    5.95237562645   10358.5648645  
    5.97618533246   10273.4984452  
    6.00008968111   9398.50513049  
    6.02409013633   9596.94389273  
     6.0481867053   9629.89822298  
    6.07237938609   11704.4459731  
     6.0966686737   12747.1786299  
    6.12105558018      12683.4822  
    6.14553959755   13415.3184524  
    6.17012174768   10310.5816575  
    6.19480255328    12926.387327  
    6.21958149061    12398.989641  
    6.24446013397   13007.6882369  
    6.26943795744   14376.4416066  
    6.29451548781   12596.7885924  
    6.31969380334   19869.2852945  
    6.34497236227   16819.5003666  
    6.37035225392   17960.0124343  
    6.39583347869   18127.6949594  
    6.42141715049   16543.6526984  
    6.44710271082   15711.7901891  
    6.47289128537   12885.4206465  
    6.49878287572   9174.06655592  
    6.52477805342   7682.74421533  
      6.550876814   13859.2485809  
    6.57708032125   13932.6131633  
    6.60338857865   15157.6495589  
    6.62980217829   8926.68721633  
     6.6563217212   10975.3469863  
    6.68294660092   10478.2187424  
    6.70967863407   6702.65358509  
    6.73651721316   11262.6737907  
    6.76346356996   10155.9148884  
    6.79051708144   12135.6472978  
    6.81767899338    10342.777415  
    6.84494994327    11795.243582  
    6.87232993526     8189.426176  
    6.89981896307    9369.1315086  
    6.92741831705   5950.27176864  
    6.95512800081   6923.04521651  
    6.98294867158   6623.10708698  
    7.01088032757   2739.11246211  
     7.0389236311   4773.82733471  
    7.06707925516   5581.52003079  
    7.09534788362   4643.24803112  
    7.12372952024   3322.92581696  
    7.15222415796   2835.90367482  
    7.18083318331   2384.78124002  
    7.20955660066   894.895961575  
    7.23839440342    3079.9915591  
    7.26734801256   2005.45348132  
     7.2964174335   2013.43906627  
    7.32560339154    1744.5989475  
     7.3549058873   1754.90185371  
    7.38432565288   2240.26455193  
    7.41386268406   1313.66891335  
    7.44351771988   1861.78907056  
    7.47329227265    1785.7399435  
    7.50318559143     1225.011643  
    7.53319843542   437.807714781  
    7.56333079768   437.067498056  
    7.59358423039   2191.60507541  
    7.62395874079   914.519407337  
    7.65445432458    477.11415906  
    7.68507177011    1845.4494382  
    7.71581269039   475.663519526  
    7.74667546895   972.924645939  
    7.77766254505   1882.70527022  
    7.80877310258   469.609494918  
    7.84000796151   1436.10832386  
    7.87136795637   502.964666579  
    7.90285393657   1008.60584864  
    7.93446505168   504.702859775  
    7.96620300486   1397.03952344  
    7.99806779953   1024.67993213  
    8.03006030517             0.0  
     8.0621805217             0.0  
    8.09442932911             0.0  
    8.12680672387             0.0  
    8.15931359673   541.910704169  
    8.19195085476   542.494878304  
    8.22471942171   978.852620196  
    8.25761745204             0.0  
    8.29064864545   2176.46801938  
    8.32381114603   2182.45657301  
    8.35710587897   462.439355706  
    8.39053474565             0.0  
    8.42409679606             0.0  
    8.45779298527   585.003988497  
    8.49162428634   585.857678352  
    8.52559070065   383.027553666  
    8.55969321454     585.4568695  
    8.59393182709    1090.3334886  
    8.62830753824             0.0  
    8.66282136702   504.498656227  
    8.69747229125   428.797429501  
    8.73226235834   1360.80406693  
    8.76719105115   1370.63492032  
    8.80225993308   1798.30971658  
    8.83746900884   884.790588703  
    8.87281880584   914.366651846  
    8.90830985498   868.736549552  
    8.94394323548    2257.4604001  
    8.97971894935   3296.26236033  
      9.015638092    2352.7302537  
    9.05170066437   1506.81145947  
    9.08790721605   4031.10370765  
    9.12425886751   2948.59830803  
    9.16075618987   3367.49418686  
     9.1973991825   5355.33517519  
    9.23418841136   8387.05933752  
    9.27112561745    10996.251985  
    9.30820963329   15013.5294732  
    9.34544280832   11627.7816879  
    9.38282455567   16256.5568045  
    9.42035546382   16438.3873308  
    9.45803734441   11337.6680695  
    9.49586959654    18220.513431  
    9.53385282337   18987.1009131  
    9.57198825704    19735.027755  
    9.61027589683   16677.1117472  
    9.64871699537   18070.8227793  
    9.68731219181   19742.4077155  
    9.72606148678   24188.7873143  
     9.7649655154   14499.8042533  
    9.80402557306   28659.4499616  
    9.84324166221   28861.6236272  
    9.88261443541   30807.1923597  
    9.92214522171   22607.7009319  
    9.96183335024   15182.5524991  
    10.0016808383   17113.2941147  
     10.041687693    26612.656927  
    10.0818545982   22843.6652767  
    10.1221815468   14151.9234074  
    10.1626706261   19812.2870171  
    10.2033211391   30681.9090723  
    10.2441344948   431691.150277  
