      wave_micron        flux_mjy  
  0.0151862453319             0.0  
  0.0152415497594             0.0  
  0.0153025154167             0.0  
  0.0153637250122             0.0  
   0.015425180221             0.0  
  0.0154868810502             0.0  
  0.0155488291952             0.0  
  0.0156110246563             0.0  
    0.01567346915             0.0  
  0.0157361626703             0.0  
  0.0157991069548             0.0  
   0.015862303773             0.0  
  0.0159257531313             0.0  
  0.0159894550112             0.0  
  0.0160534130204             0.0  
  0.0161176271782             0.0  
    0.01618209748             0.0  
  0.0162468257657             0.0  
  0.0163118139096             0.0  
  0.0163770600225             0.0  
  0.0164425678735             0.0  
  0.0165083393984             0.0  
  0.0165743726785             0.0  
  0.0166406696301             0.0  
  0.0167072322062             0.0  
  0.0167740623974             0.0  
  0.0168411572105             0.0  
   0.016908522642             0.0  
  0.0169761566919             0.0  
  0.0170440613842             0.0  
  0.0171122377454             0.0  
  0.0171806857636             0.0  
  0.0172494085612             0.0  
  0.0173184061489             0.0  
  0.0173876806522             0.0  
  0.0174572310007             0.0  
  0.0175270593267             0.0  
  0.0175971678042             0.0  
  0.0176675564402             0.0  
  0.0177382274428             0.0  
  0.0178091796948             0.0  
  0.0178804165444             0.0  
  0.0179519379969             0.0  
  0.0180237463309             0.0  
  0.0180958415518             0.0  
  0.0181682248063             0.0  
  0.0182408972502             0.0  
  0.0183138612366             0.0  
  0.0183871167722             0.0  
  0.0184606650422             0.0  
  0.0185345072419             0.0  
  0.0186086458034             0.0  
  0.0186830795002             0.0  
  0.0187578120217             0.0  
  0.0188328433799             0.0  
   0.018908174824             0.0  
  0.0189838076149             0.0  
  0.0190597430247             0.0  
  0.0191359823377             0.0  
  0.0192125255433             0.0  
  0.0192893765535             0.0  
  0.0193665340651             0.0  
  0.0194439993799             0.0  
  0.0195217751624             0.0  
  0.0195998627725             0.0  
  0.0196782622126             0.0  
  0.0197569748375             0.0  
  0.0198360034085             0.0  
  0.0199153465324             0.0  
  0.0199950084036             0.0  
  0.0200749890399             0.0  
  0.0201552884287             0.0  
  0.0202359094264             0.0  
  0.0203168534892             0.0  
  0.0203981206156             0.0  
   0.020479713743             0.0  
  0.0205616313812             0.0  
  0.0206438779969             0.0  
  0.0207264536059             0.0  
  0.0208093597257             0.0  
  0.0208925978913             0.0  
  0.0209761680966             0.0  
  0.0210600718742             0.0  
  0.0211443123573             0.0  
  0.0212288895558             0.0  
  0.0213138050564             0.0  
   0.021399060464             0.0  
  0.0214846574026             0.0  
  0.0215705958681             0.0  
   0.021656877484             0.0  
  0.0217435055676             0.0  
  0.0218304801344             0.0  
  0.0219178011671             0.0  
  0.0220054720439             0.0  
  0.0220934944899             0.0  
  0.0221818685095             0.0  
  0.0222705958296             0.0  
  0.0223596781988             0.0  
  0.0224491173879             0.0  
  0.0225389133917             0.0  
  0.0226290697965             0.0  
  0.0227195847868             0.0  
  0.0228104638233             0.0  
  0.0229017050792             0.0  
  0.0229933122501             0.0  
  0.0230852853412             0.0  
  0.0231776262249             0.0  
  0.0232703367986             0.0  
  0.0233634189851             0.0  
  0.0234568727853             0.0  
  0.0235507001277             0.0  
  0.0236449029677             0.0  
  0.0237394812916             0.0  
  0.0238344410841             0.0  
  0.0239297783475             0.0  
  0.0240254970945             0.0  
  0.0241215993701             0.0  
  0.0242180851719             0.0  
  0.0243149586469             0.0  
   0.024412217708             0.0  
  0.0245098665449             0.0  
  0.0246079051568             0.0  
   0.024706337828             0.0  
  0.0248051624068             0.0  
  0.0249043832227             0.0  
  0.0250040002793             0.0  
  0.0251040180052             0.0  
  0.0252044341848             0.0  
  0.0253052510271             0.0  
  0.0254064730603             0.0  
   0.025508098007             0.0  
  0.0256101304453             0.0  
  0.0257125703795             0.0  
  0.0258154201345             0.0  
  0.0259186820709             0.0  
  0.0260223585857             0.0  
  0.0261264472785             0.0  
  0.0262309529415             0.0  
  0.0263358755693             0.0  
  0.0264412200677             0.0  
  0.0265469839736             0.0  
  0.0266531722503             0.0  
   0.026759784909             0.0  
  0.0268668244763             0.0  
  0.0269742909428             0.0  
  0.0270821894517             0.0  
  0.0271905174168             0.0  
  0.0272992800437             0.0  
   0.027408477344             0.0  
  0.0275181119692             0.0  
  0.0276281839109             0.0  
  0.0277386958433             0.0  
  0.0278496504844             0.0  
  0.0279610505974             0.0  
    0.02807289341             0.0  
  0.0281851844569             0.0  
   0.028297926573             0.0  
  0.0284111169242             0.0  
  0.0285247611853             0.0  
  0.0286388622665             0.0  
  0.0287534172723             0.0  
   0.028868429072             0.0  
  0.0289839035587             0.0  
  0.0290998407737             0.0  
  0.0292162376922             0.0  
  0.0293331033349             0.0  
   0.029450437755             0.0  
  0.0295682378656             0.0  
  0.0296865097975             0.0  
  0.0298052566889             0.0  
  0.0299244785621             0.0  
  0.0300441753939             0.0  
  0.0301643535589             0.0  
  0.0302850098474             0.0  
  0.0304061507215             0.0  
  0.0305277762053             0.0  
  0.0306498862764             0.0  
  0.0307724842184             0.0  
  0.0308955767542             0.0  
  0.0310191571473             0.0  
  0.0311432355684             0.0  
   0.031267808621             0.0  
  0.0313928797303             0.0  
  0.0315184488667             0.0  
  0.0316445230436             0.0  
  0.0317711023035             0.0  
   0.031898186641             0.0  
  0.0320257796335             0.0  
  0.0321538812643             0.0  
  0.0322824988477             0.0  
  0.0324116287246             0.0  
  0.0325412745672             0.0  
  0.0326714401172             0.0  
  0.0328021253768             0.0  
  0.0329333341384             0.0  
  0.0330650663953             0.0  
  0.0331973259923             0.0  
  0.0333301168478             0.0  
  0.0334634350245             0.0  
  0.0335972923954             0.0  
  0.0337316790047             0.0  
  0.0338666068614             0.0  
  0.0340020739821             0.0  
  0.0341380803297             0.0  
  0.0342746341343             0.0  
  0.0344117312592             0.0  
  0.0345493800619             0.0  
  0.0346875763345             0.0  
  0.0348263264174             0.0  
  0.0349656324733             0.0  
   0.035105494499             0.0  
  0.0352459168363             0.0  
   0.035386899479             0.0  
  0.0355284490714             0.0  
  0.0356705611534             0.0  
  0.0358132446918             0.0  
  0.0359564974426             0.0  
  0.0361003239563             0.0  
  0.0362447242236             0.0  
  0.0363897028683             0.0  
  0.0365352622447             0.0  
  0.0366814023445             0.0  
  0.0368281279061             0.0  
  0.0369754413435             0.0  
   0.037123342652             0.0  
  0.0372718366889             0.0  
  0.0374209234529             0.0  
  0.0375706078835             0.0  
  0.0377208899839             0.0  
  0.0378717722387             0.0  
  0.0380232597152             0.0  
  0.0381753524251             0.0  
  0.0383280555238             0.0  
  0.0384813664089             0.0  
  0.0386352929064             0.0  
  0.0387898350439             0.0  
  0.0389449927899             0.0  
  0.0391007741739             0.0  
  0.0392571765096             0.0  
  0.0394142052156             0.0  
  0.0395718630527             0.0  
   0.039730150015             0.0  
   0.039889068853             0.0  
  0.0400486251849             0.0  
  0.0402088218867             0.0  
  0.0403696560937             0.0  
  0.0405311335129             0.0  
  0.0406932599743             0.0  
  0.0408560325667             0.0  
  0.0410194571599             0.0  
  0.0411835337443             0.0  
  0.0413482683014             0.0  
  0.0415136608397             0.0  
  0.0416797143802             0.0  
  0.0418464350782             0.0  
  0.0420138198473             0.0  
  0.0421818748882             0.0  
  0.0423506033619             0.0  
  0.0425200052653             0.0  
  0.0426900869832             0.0  
  0.0428608452837             0.0  
  0.0430322898797             0.0  
  0.0432044175118             0.0  
  0.0433772347439             0.0  
  0.0435507449271             0.0  
  0.0437249480686             0.0  
   0.043899847521             0.0  
  0.0440754466782             0.0  
   0.044251748976             0.0  
  0.0444287543985             0.0  
  0.0446064699073             0.0  
  0.0447848955181             0.0  
  0.0449640383375             0.0  
  0.0451438911989             0.0  
  0.0453244684591             0.0  
  0.0455057665374             0.0  
  0.0456877890588             0.0  
  0.0458705396955             0.0  
  0.0460540221685             0.0  
  0.0462382402479             0.0  
  0.0464231901229             0.0  
  0.0466088831745             0.0  
  0.0467953194487             0.0  
  0.0469825028285             0.0  
  0.0471704293711             0.0  
  0.0473591147907             0.0  
   0.047548551218             0.0  
  0.0477387425614             0.0  
  0.0479296968511             0.0  
   0.048121418203             0.0  
  0.0483139025256             0.0  
  0.0485071580195             0.0  
  0.0487011888768             0.0  
  0.0488959908834             0.0  
  0.0490915766829             0.0  
  0.0492879420471             0.0  
  0.0494850955426             0.0  
  0.0496830328255             0.0  
  0.0498817669577             0.0  
  0.0500812935832             0.0  
  0.0502816170811             0.0  
  0.0504827464078             0.0  
  0.0506846770853             0.0  
  0.0508874135835             0.0  
  0.0510909650607             0.0  
  0.0512953269164             0.0  
  0.0515005084112             0.0  
  0.0517065095584             0.0  
  0.0519133398359             0.0  
  0.0521209897077             0.0  
  0.0523294734927             0.0  
  0.0525387912309             0.0  
   0.052748947809             0.0  
  0.0529599432243             0.0  
  0.0531717823989             0.0  
  0.0533844703326             0.0  
  0.0535980070184             0.0  
  0.0538124026211             0.0  
  0.0540276520462             0.0  
  0.0542437603713             0.0  
  0.0544607380071             0.0  
  0.0546785797359             0.0  
  0.0548972960957             0.0  
  0.0551168817443             0.0  
  0.0553373527706             0.0  
  0.0555586983713             0.0  
  0.0557809348548             0.0  
  0.0560040567579             0.0  
  0.0562280751482             0.0  
  0.0564529844364             0.0  
  0.0566787958303             0.0  
  0.0569055150795             0.0  
  0.0571331364721             0.0  
  0.0573616656758             0.0  
  0.0575911143271             0.0  
  0.0578214765912             0.0  
  0.0580527642567             0.0  
  0.0582849773746             0.0  
  0.0585181159072             0.0  
  0.0587521858386             0.0  
  0.0589871994171             0.0  
  0.0592231443552             0.0  
  0.0594600391771             0.0  
  0.0596978776747             0.0  
  0.0599366724289             0.0  
  0.0601764171007             0.0  
  0.0604171244428             0.0  
  0.0606587944978             0.0  
  0.0609014272165             0.0  
   0.061145029075             0.0  
  0.0613896133384             0.0  
  0.0616351734263             0.0  
  0.0618817092309             0.0  
  0.0621292410506             0.0  
  0.0623777552976             0.0  
  0.0626272656272             0.0  
  0.0628777720403             0.0  
   0.063129288554             0.0  
  0.0633818010893             0.0  
  0.0636353308644             0.0  
   0.063889870777             0.0  
  0.0641454352523             0.0  
  0.0644020170518             0.0  
  0.0646596234095             0.0  
   0.064918261695             0.0  
  0.0651779318951             0.0  
   0.065438641478             0.0  
  0.0657003980535             0.0  
  0.0659632016714             0.0  
  0.0662270522815             0.0  
  0.0664919653869             0.0  
   0.066757933217             0.0  
  0.0670249635555             0.0  
  0.0672930643361             0.0  
  0.0675622355631             0.0  
   0.067832481211             0.0  
  0.0681038134915             0.0  
  0.0683762283497             0.0  
   0.068649734011             0.0  
  0.0689243304506             0.0  
  0.0692000302551             0.0  
  0.0694768292185             0.0  
  0.0697547358146             0.0  
  0.0700337543427             0.0  
  0.0703138891334             0.0  
  0.0705951445493             0.0  
  0.0708775249857             0.0  
  0.0711610348713             0.0  
  0.0714456786688             0.0  
  0.0717314654303             0.0  
  0.0720183906152             0.0  
   0.072306463311             0.0  
  0.0725956881234             0.0  
  0.0728860696955             0.0  
  0.0731776174494             0.0  
  0.0734703266627             0.0  
  0.0737642067987             0.0  
  0.0740592626587             0.0  
  0.0743554990853             0.0  
  0.0746529258973             0.0  
  0.0749515332222             0.0  
   0.075251340833             0.0  
  0.0755523488135             0.0  
  0.0758545571332             0.0  
  0.0761579759141             0.0  
  0.0764626051371             0.0  
  0.0767684551004             0.0  
  0.0770755310579             0.0  
  0.0773838330132             0.0  
   0.077693366195             0.0  
  0.0780041412693             0.0  
   0.078316158267             0.0  
   0.078629422573             0.0  
  0.0789439396258             0.0  
   0.079259714919             0.0  
  0.0795767540021             0.0  
  0.0798950624814             0.0  
  0.0802146403258             0.0  
  0.0805354988643             0.0  
  0.0808576438804             0.0  
  0.0811810753857             0.0  
  0.0815057991484             0.0  
  0.0818318209987             0.0  
  0.0821591468305             0.0  
  0.0824877826019             0.0  
   0.082817734337             0.0  
  0.0831490081274             0.0  
  0.0834816039632             0.0  
  0.0838155279262             0.0  
  0.0841507924355             0.0  
  0.0844873975438             0.0  
  0.0848253431751             0.0  
  0.0851646483849             0.0  
  0.0855053068237             0.0  
  0.0858473248539             0.0  
  0.0861907154896             0.0  
  0.0865354787741             0.0  
  0.0868816213016             0.0  
  0.0872291430099             0.0  
  0.0875780640725             0.0  
  0.0879283778012             0.0  
  0.0882800909551             0.0  
  0.0886332103769             0.0  
   0.088987742995             0.0  
  0.0893436887586             0.0  
  0.0897010688489             0.0  
  0.0900598690908             0.0  
  0.0904201109028             0.0  
  0.0907817943694             0.0  
  0.0911449194373             0.0  
  0.0915095007394             0.0  
  0.0918755382958             0.0  
  0.0922430395187             0.0  
  0.0926120119188             0.0  
  0.0929824554535             0.0  
  0.0933543853675             0.0  
  0.0937278094776             0.0  
  0.0941027200284             0.0  
  0.0944791246749             0.0  
  0.0948570471081             0.0  
  0.0952364714898             0.0  
  0.0956174217934             0.0  
  0.0959998899854             0.0  
  0.0963838840736             0.0  
  0.0967694204686             0.0  
  0.0971564992491             0.0  
  0.0975451287698             0.0  
  0.0979353090143             0.0  
  0.0983270483749             0.0  
  0.0987203553653             0.0  
  0.0991152386231             0.0  
  0.0995116981457             0.0  
  0.0999097426147             0.0  
    0.10030938084             0.0  
   0.100710621762             0.0  
   0.101113465403             0.0  
   0.101517920754             0.0  
   0.101923987748             0.0  
   0.102331684696             0.0  
   0.102741011658             0.0  
   0.103151977956             0.0  
   0.103564583561             0.0  
   0.103978847424             0.0  
   0.104394760008             0.0  
   0.104812340481             0.0  
   0.105231588867             0.0  
   0.105652514907             0.0  
   0.106075128499             0.0  
   0.106499419612             0.0  
   0.106925418218             0.0  
   0.107353124484             0.0  
   0.107782538416             0.0  
   0.108213670222             0.0  
   0.108646519823             0.0  
   0.109081108043             0.0  
   0.109517434971             0.0  
   0.109955500532             0.0  
   0.110395326059             0.0  
   0.110836900777             0.0  
   0.111280257246             0.0  
   0.111725373653             0.0  
   0.112172271863             0.0  
   0.112620963053             0.0  
   0.113071447266             0.0  
   0.113523735783             0.0  
   0.113977828572             0.0  
   0.114433737023             0.0  
   0.114891472716             0.0  
    0.11535103565             0.0  
   0.115812449396             0.0  
   0.116275690229             0.0  
   0.116740793807             0.0  
   0.117207760277             0.0  
   0.117676589609             0.0  
   0.118147293948             0.0  
   0.118619885655             0.0  
   0.119094364748             0.0  
   0.119570743719             0.0  
   0.120049022526             0.0  
    0.12052922666             0.0  
   0.121011343361             0.0  
   0.121495385402             0.0  
   0.121981365789             0.0  
   0.122469297759             0.0  
   0.122959168018             0.0  
   0.123451003131             0.0  
   0.123944816734             0.0  
   0.124440595291             0.0  
   0.124938352277             0.0  
   0.125438101413             0.0  
   0.125939856671             0.0  
   0.126443618128             0.0  
   0.126949385666             0.0  
   0.127457187735             0.0  
   0.127967024514             0.0  
   0.128478881376             0.0  
   0.128992801948             0.0  
   0.129508771677             0.0  
   0.130026805273             0.0  
   0.130546917724             0.0  
    0.13106910909             0.0  
   0.131593379236             0.0  
   0.132119758725             0.0  
   0.132648232174             0.0  
   0.133178830608             0.0  
   0.133711538364             0.0  
   0.134246386932             0.0  
   0.134783368412             0.0  
   0.135322506858             0.0  
   0.135863794217             0.0  
    0.13640724667             0.0  
   0.136952880717             0.0  
   0.137500688072             0.0  
   0.138050693715             0.0  
   0.138602897709             0.0  
   0.139157308481             0.0  
   0.139713934513             0.0  
   0.140272793062             0.0  
   0.140833884164             0.0  
   0.141397216493             0.0  
   0.141962807704             0.0  
   0.142530657824             0.0  
   0.143100784789             0.0  
    0.14367318862             0.0  
   0.144247878329             0.0  
   0.144824872283             0.0  
   0.145404170505             0.0  
   0.145985782226             0.0  
   0.146569726264             0.0  
   0.147156012234             0.0  
   0.147744630509             0.0  
   0.148335609884             0.0  
   0.148928950407             0.0  
   0.149524671689             0.0  
   0.150122763818             0.0  
   0.150723256556             0.0  
   0.151326149986             0.0  
   0.151931454179             0.0  
   0.152539179298             0.0  
   0.153149335602             0.0  
   0.153761933445             0.0  
    0.15437698328             0.0  
   0.154994495661             0.0  
   0.155614470527             0.0  
   0.156236929183             0.0  
   0.156861871606             0.0  
   0.157489319487             0.0  
   0.158119283907             0.0  
   0.158751753754             0.0  
   0.159386762292             0.0  
   0.160024309612             0.0  
   0.160664406987             0.0  
   0.161307065808             0.0  
   0.161952297587             0.0  
   0.162600102255             0.0  
   0.163250503087             0.0  
   0.163903500077             0.0  
   0.164559116943             0.0  
   0.165217353748             0.0  
   0.165878222483             0.0  
   0.166541735275             0.0  
   0.167207904386             0.0  
   0.167876742216             0.0  
   0.168548248734             0.0  
   0.169222436325             0.0  
   0.169899330296             0.0  
   0.170578917867             0.0  
   0.171261237522             0.0  
   0.171946289458             0.0  
   0.172634073617             0.0  
   0.173324602972             0.0  
   0.174017904054             0.0  
   0.174713976962             0.0  
   0.175412835149             0.0  
   0.176114478504             0.0  
   0.176818948161             0.0  
   0.177526216562             0.0  
   0.178236325294             0.0  
   0.178949274492             0.0  
   0.179665064019             0.0  
   0.180383722267             0.0  
    0.18110526375             0.0  
   0.181829673902             0.0  
   0.182556996418             0.0  
   0.183287231512             0.0  
   0.184020379125             0.0  
    0.18475645402             0.0  
   0.185495486389             0.0  
   0.186237461056             0.0  
   0.186982408495             0.0  
   0.187730344282             0.0  
   0.188481268478             0.0  
    0.18923519671             0.0  
    0.18999212884             0.0  
   0.190752096649             0.0  
   0.191515116419             0.0  
    0.19228117193             0.0  
   0.193050295632             0.0  
   0.193822487473             0.0  
   0.194597780629             0.0  
   0.195376175252             0.0  
   0.196157688231             0.0  
   0.196942319531             0.0  
    0.19773008612             0.0  
   0.198521005214             0.0  
   0.199315094279             0.0  
   0.200112353314             0.0  
    0.20091279988             0.0  
   0.201716451797             0.0  
   0.202523308997             0.0  
   0.203333407701             0.0  
   0.204146748093             0.0  
   0.204963330048             0.0  
   0.205783171868             0.0  
   0.206606311029             0.0  
   0.207432728761             0.0  
   0.208262462965             0.0  
   0.209095513742             0.0  
   0.209931900383             0.0  
   0.210771622814             0.0  
   0.211614720282             0.0  
   0.212461173033             0.0  
   0.213311020775             0.0  
   0.214164263564             0.0  
   0.215020921596             0.0  
   0.215880994763             0.0  
    0.21674452421             0.0  
   0.217611510156             0.0  
   0.218481952493             0.0  
   0.219355872072             0.0  
   0.220233311555             0.0  
   0.221114228075             0.0  
   0.221998686117             0.0  
   0.222886685943             0.0  
   0.223778227476             0.0  
   0.224673354985             0.0  
   0.225572046251             0.0  
   0.226474323402             0.0  
   0.227380231819             0.0  
   0.228289748794             0.0  
   0.229202897043             0.0  
   0.230119723105             0.0  
   0.231040203786             0.0  
   0.231964362419             0.0  
   0.232892222738             0.0  
   0.233823784687             0.0  
   0.234759072245             0.0  
   0.235698109808             0.0  
   0.236640897408             0.0  
   0.237587459704             0.0  
   0.238537821784             0.0  
   0.239491983793             0.0  
   0.240449945509             0.0  
   0.241411732136             0.0  
   0.242377395329             0.0  
   0.243346883189             0.0  
    0.24432027388             0.0  
   0.245297567815             0.0  
   0.246278765038             0.0  
    0.24726386522             0.0  
   0.248252922202             0.0  
   0.249245936192             0.0  
   0.250242934734             0.0  
   0.251243889998             0.0  
   0.252248857367             0.0  
   0.253257865238             0.0  
   0.254270885298             0.0  
   0.255287974471             0.0  
   0.256309132972             0.0  
   0.257334360629             0.0  
   0.258363715964             0.0  
   0.259397169641             0.0  
   0.260434751023             0.0  
   0.261476490028             0.0  
   0.262522386629             0.0  
   0.263572471153             0.0  
   0.264626774498             0.0  
   0.265685265663             0.0  
   0.266748006725             0.0  
   0.267814997867             0.0  
   0.268886270863             0.0  
   0.269961825843             0.0  
   0.271041662523             0.0  
   0.272125829369             0.0  
   0.273214342954             0.0  
   0.274307186659             0.0  
   0.275404426841             0.0  
   0.276506046976             0.0  
   0.277612063688             0.0  
   0.278722510916             0.0  
   0.279837405931             0.0  
   0.280956748664             0.0  
   0.282080573835             0.0  
     0.2832088991             0.0  
   0.284341742253             0.0  
   0.285479103186             0.0  
   0.286621017715             0.0  
    0.28776750405             0.0  
   0.288918580543             0.0  
   0.290074247075             0.0  
   0.291234540623             0.0  
   0.292399479992             0.0  
   0.293569084143             0.0  
   0.294743352973             0.0  
   0.295922324686             0.0  
   0.297106018732             0.0  
    0.29829443504             0.0  
    0.29948761278             0.0  
   0.300685571921             0.0  
   0.301888312441             0.0  
    0.30309587452             0.0  
   0.304308258181             0.0  
   0.305525483642             0.0  
   0.306747592131             0.0  
   0.307974583754             0.0  
   0.309206479307             0.0  
   0.310443299785             0.0  
   0.311685066389             0.0  
   0.312931822196             0.0  
   0.314183545656             0.0  
   0.315440280101             0.0  
   0.316702047589             0.0  
   0.317968848024             0.0  
   0.319240725932             0.0  
   0.320517681318             0.0  
    0.32179975953             0.0  
   0.323086960685             0.0  
   0.324379307693             0.0  
   0.325676823708             0.0  
   0.326979532134             0.0  
   0.328287432778             0.0  
   0.329600597068             0.0  
   0.330919001291             0.0  
   0.332242669315             0.0  
   0.333571649902             0.0  
   0.334905918403             0.0  
   0.336245548955             0.0  
   0.337590541904             0.0  
   0.338940897082             0.0  
   0.340296665061             0.0  
   0.341657845854             0.0  
   0.343024491036             0.0  
   0.344396574568             0.0  
   0.345774174887             0.0  
   0.347157265742             0.0  
   0.348545900161             0.0  
   0.349940078147             0.0  
   0.351339826487             0.0  
   0.352745199837             0.0  
   0.354156170793             0.0  
   0.355572794473             0.0  
   0.356995099023             0.0  
   0.358423056085             0.0  
   0.359856750479             0.0  
   0.361296182545             0.0  
   0.362741381197             0.0  
   0.364192346371             0.0  
   0.365649107033             0.0  
   0.367111692529             0.0  
   0.368580162657             0.0  
   0.370054457347             0.0  
   0.371534697329             0.0  
   0.373020821886             0.0  
   0.374512922982             0.0  
   0.376010969812             0.0  
   0.377514993083             0.0  
   0.379025055715             0.0  
   0.380541157981             0.0  
    0.38206333188             0.0  
   0.383591577294             0.0  
   0.385125959166             0.0  
   0.386666444678             0.0  
   0.388213132782             0.0  
   0.389765956915             0.0  
   0.391325051123             0.0  
   0.392890348197             0.0  
   0.394461915901             0.0  
   0.396039754161             0.0  
   0.397623897285             0.0  
   0.399214415358             0.0  
   0.400811273444             0.0  
   0.402414506544             0.0  
   0.404024150177             0.0  
   0.405640240394             0.0  
   0.407262813787             0.0  
   0.408891870496             0.0  
    0.41052744734             0.0  
   0.412169544098             0.0  
   0.413818235712             0.0  
   0.415473484303             0.0  
   0.417135404168             0.0  
   0.418803918566             0.0  
   0.420479143282             0.0  
    0.42216107887             0.0  
   0.423849725244             0.0  
    0.42554512175             0.0  
   0.427247308353             0.0  
   0.428956284932             0.0  
   0.430672091755             0.0  
   0.432394811114             0.0  
   0.434124360447             0.0  
   0.435860864087             0.0  
   0.437604322571             0.0  
   0.439354735776             0.0  
   0.441112145969             0.0  
    0.44287659611             0.0  
   0.444648086107             0.0  
   0.446426703405             0.0  
   0.448212404196             0.0  
   0.450005232208             0.0  
   0.451805277075             0.0  
    0.45361249401             0.0  
   0.455426927892             0.0  
    0.45724867063             0.0  
    0.45907762982             0.0  
    0.46091394446             0.0  
   0.462757615155             0.0  
   0.464608641808             0.0  
   0.466467071771             0.0  
   0.468332953209             0.0  
   0.470206286192             0.0  
   0.472087119393             0.0  
   0.473975452618             0.0  
   0.475871335061             0.0  
   0.477774816778             0.0  
    0.47968594871             0.0  
   0.481604680029             0.0  
   0.483531112768             0.0  
   0.485465247193             0.0  
   0.487407082836             0.0  
    0.48935672447   57.7336372465  
   0.491314119229             0.0  
   0.493279373346             0.0  
   0.495252541446             0.0  
   0.497233514987             0.0  
   0.499222456958             0.0  
   0.501219368051             0.0  
   0.503224248203             0.0  
   0.505237153073             0.0  
   0.507258082401    54.925777808  
   0.509287092547             0.0  
   0.511324240917             0.0  
   0.513369527656             0.0  
    0.51542301092             0.0  
   0.517484749951   60.4714056239  
   0.519554685619             0.0  
    0.52163287653             0.0  
   0.523719382401             0.0  
   0.525814264075             0.0  
   0.527917521869   126.003584332  
    0.53002921747             0.0  
   0.532149351069             0.0  
   0.534277922046   180.036051187  
   0.536415056314             0.0  
   0.538560690453             0.0  
   0.540714952292   123.984359174  
   0.542877809892             0.0  
   0.545049328073   239.070256098  
   0.547229506639   483.649438937  
    0.54941844476   120.141949262  
   0.551616109283   119.143023062  
   0.553822566959   66.0165568036  
   0.556037851638   125.899346741  
   0.558261997412   309.713618394  
   0.560495073378   68.4722136148  
   0.562737044876   189.172783703  
   0.564987981235    127.25148402  
   0.567247953161   259.329857331  
   0.569516925098   399.599915327  
   0.571795004185   554.169070679  
    0.57408219074   271.569254118  
   0.576378520968    405.60234912  
   0.578684031361    476.20121862  
   0.580998758706   68.1905842393  
    0.58332274009   343.888283413  
   0.585656050859   551.336462253  
   0.587998653113   625.689437561  
   0.590350661093     202.0785164  
   0.592712075199   637.920696471  
   0.595082894929   760.374004167  
   0.597463237368   630.368559854  
   0.599853103008   644.583495221  
   0.602252491434   717.802713646  
   0.604661522677   150.319444468  
   0.607080156581    151.66664257  
   0.609508474096   69.0060903975  
   0.611946516412   145.110798929  
   0.614394325111    146.25092839  
   0.616851900062   140.788186592  
   0.619319282636   387.323632081  
   0.621796557381    151.49954472  
   0.624283767493   312.524559499  
   0.626780869656    77.555153799  
   0.629287993483   158.733586046  
    0.63180518347   478.885229553  
   0.634332395511   83.3678647383  
   0.636869717762   470.615890567  
   0.639417195011   636.159686638  
   0.641974872512   79.8716073691  
   0.644542750024    337.07676092  
   0.647120918993   436.442675741  
   0.649709426118   570.580447461  
   0.652308271514   76.9804147231  
   0.654917501763   261.207541669  
   0.657537163955   499.297370013  
   0.660167305694   674.970855896  
    0.66280797511   799.860918632  
   0.665459220872   767.553769343  
   0.668121042799     628.1382948  
    0.67079353927   181.322817328  
   0.673476710427   713.671723085  
   0.676170605981   432.371504637  
   0.678875276214    544.57536066  
   0.681590771994   728.763867134  
   0.684317144785   855.793997926  
   0.687054446662   724.061518014  
    0.68980262501   279.974034301  
   0.692561836779   92.5788752011  
   0.695332082421   278.561528154  
   0.698113415263   441.801476092  
   0.700905889283   462.904342218  
   0.703709504325   543.318526246  
   0.706524369631   373.802358773  
   0.709350429842             0.0  
   0.712187851239   554.702339943  
   0.715036578075   91.2191322535  
   0.717896722797   278.359012151  
   0.720768342898   298.160152486  
   0.723651380715   95.2823431239  
   0.726546009278   87.9625902034  
    0.72945217056    364.68007741  
   0.732369981607   93.4254194553  
   0.735299502293   467.128004397  
   0.738240672671      317.797364  
   0.741193612111    180.47345255  
   0.744158442711   564.884637682  
   0.747135042275   278.010096491  
   0.750123594847   373.372002988  
   0.753124100979   188.416147349  
   0.756136560078   390.350189136  
   0.759161097933             0.0  
    0.76219777895    285.45750333  
   0.765246538827   384.158864805  
   0.768307571306   88.4690432307  
   0.771380745977    603.47550272  
   0.774466325285   294.189560218  
   0.777564177525   615.241093215  
    0.78067443531   778.947965548  
   0.783797098384   865.812972952  
   0.786932302339   465.294865383  
   0.790080047785   580.502947854  
   0.793240334132   509.829475603  
   0.796413299943   189.599174878  
   0.799598945532   288.677898815  
   0.802797341314    302.09988267  
   0.806008558748   784.463805611  
   0.809232597891     1100.893883  
    0.81246953061   588.335554147  
   0.815719429854   1263.86128447  
    0.81898229545   1094.16344943  
   0.822258200786   477.426377962  
   0.825547220369     960.2516302  
   0.828849429845   955.736199461  
   0.832164829396    1128.2561302  
   0.835493495177    1101.6160693  
   0.838835426658   1434.50241751  
   0.842190778997   1233.50202526  
    0.84555955283   1728.64820436  
   0.848941827263   1357.73133557  
   0.852337602258   530.872082569  
    0.85574695751   850.239298065  
   0.859169892294   1773.12065925  
   0.862606569239   659.824417886  
   0.866056988902   1761.07374141  
   0.869521234191   1213.26187747  
   0.872999305016   1105.12451973  
   0.876491284963   810.211146893  
   0.879997258979   1365.86004978  
   0.883517313402   1610.65216815  
   0.887051361841   1385.40187941  
    0.89059957708   1825.72812858  
   0.894161959174   930.143363321  
   0.897738595996    1387.5411852  
   0.901329576884   1264.60934175  
   0.904934902051   811.796488035  
    0.90855457033   844.817981229  
   0.912188855376   1303.75647721  
    0.91583757419   1693.33765561  
   0.919500910695   738.786021826  
    0.92317895905   943.294917139  
   0.926871624892   873.179185182  
   0.930579096884    967.55364283  
   0.934301471767   1015.01325477  
   0.938038653215   358.781036265  
   0.941790834809   434.535282901  
   0.945558017068   869.859982734  
   0.949340199073   1110.83545629  
   0.953137579495   141.064100833  
   0.956950159285    120.86501007  
   0.960777937946   640.091441568  
   0.964621016469   774.392397916  
   0.968479497641   657.850210565  
   0.972353486075   1754.66117046  
    0.97624287733   668.611630561  
   0.980147774721   1031.56892362  
   0.984068390582   1561.12762441  
   0.988004726545    266.15623929  
   0.991956673874    518.50468266  
   0.995924557853   385.495567679  
    0.99990827019   952.075190706  
     1.0039079206   683.638674731  
    1.00792350839             0.0  
    1.01195514463   551.699217198  
    1.01600305669   269.786174176  
    1.02006701708   669.602921683  
     1.0241472537             0.0  
    1.02824388327    273.18558644  
    1.03235690673   138.374001868  
    1.03648632346   387.348601711  
    1.04063225109   545.170764982  
    1.04479480945   262.451432429  
    1.04897399887   270.389317698  
     1.0531698181   702.873734641  
    1.05738251166   389.222033432  
    1.06161208096   653.550808928  
    1.06585852578   258.875490779  
    1.07012197099   439.810114875  
    1.07440241613   426.852256435  
    1.07870005221   254.939954982  
    1.08301481519   138.654235756  
    1.08734689895   396.478250535  
    1.09169630414   545.598083294  
    1.09606302978   683.825295879  
    1.10044734116   562.741208712  
    1.10484910523   275.639853979  
    1.10926852335   169.120293009  
     1.1137055958   597.391932499  
    1.11816039035   712.937210605  
    1.12263304497   444.669979688  
    1.12712355978   140.588355271  
    1.13163207491   725.997244319  
    1.13615859041   437.082277491  
    1.14070324858   171.851608131  
    1.14526604943   719.341036797  
    1.14984706437   585.990449636  
    1.15444651285   578.715670377  
    1.15906424797   579.007049231  
    1.16370056586   606.061285543  
    1.16835531727    427.74445404  
    1.17302872701   580.315417006  
    1.17772087188   1057.44997497  
    1.18243175198   142.445013242  
    1.18716144357   143.922054064  
    1.19191010218   909.977583021  
    1.19667772807   755.198823412  
     1.2014644794   445.870727099  
    1.20627035656   448.713530881  
    1.21109543928   1033.76719967  
      1.215939808   606.843858361  
    1.22080354391   1063.43926748  
    1.22568681206   933.132071281  
     1.2305895296   768.813612499  
    1.23551186248   948.921210817  
    1.24045389501   733.876367429  
     1.2454157123   1859.04239437  
     1.2503974003   1520.88787872  
    1.25539895864   795.394298702  
    1.26042056078   1129.10767304  
    1.26546229526   802.518098497  
    1.27052416224   1464.78942504  
    1.27560624992   1101.12990262  
    1.28070864744   628.389577573  
    1.28583144485   1292.78885298  
    1.29097482537   963.571186555  
    1.29613869727   962.886669699  
    1.30132324497   832.709070359  
    1.30652856241   1006.83736611  
    1.31175464935   1542.11729114  
    1.31700169547   1033.73723374  
     1.3222697011    703.88106715  
    1.32755876203   1028.37677476  
    1.33286897515   698.928708301  
    1.33820043842   1041.40597169  
    1.34355325091   366.199129606  
    1.34892751285   894.364319791  
    1.35432322412   362.723817902  
    1.35974048482    731.32819262  
    1.36517949934   1096.68550967  
    1.37064016475   552.781332764  
      1.376122687   558.383891258  
    1.38162727663   377.676682547  
    1.38715372296     696.1446512  
    1.39270234299   395.369021226  
    1.39827313727   338.894095669  
    1.40386621331   382.692933921  
    1.40948167992   383.498788975  
    1.41511964725   527.143862694  
    1.42078011516   554.469161409  
    1.42646319391   383.472517381  
    1.43216910863   814.933786816  
    1.43789774632    811.18810239  
    1.44364933409   755.674578186  
    1.44942398792   407.973673308  
    1.45522170815   548.063731601  
    1.46104249287   577.614261227  
     1.4668866951   405.212658799  
    1.47275431694   576.621976436  
    1.47864523734   175.022028366  
    1.48455981683   193.091714662  
    1.49049805659   361.711488301  
    1.49646007942   938.677488206  
    1.50244588491   520.071243738  
    1.50845572211   374.396070555  
    1.51448959202   178.725722327  
    1.52054749331   965.884145847  
     1.5266296802   1072.83005065  
    1.53273615283   390.193982191  
    1.53886717105   778.303370712  
    1.54502260448   594.134824609  
    1.55120271558   764.192518905  
    1.55740750452   959.711457185  
    1.56363710436   169.778828454  
    1.56989165006   572.524705628  
    1.57617127854   189.033472234  
    1.58247599015   382.954891486  
    1.58880592249   750.275011835  
    1.59516107439   403.194001718  
    1.60154172603   1023.43917195  
    1.60794787812   218.445627039  
    1.61437967308   605.459051794  
    1.62083725547   1234.37771493  
    1.62732047899   636.553720695  
    1.63382978091   1900.00793387  
     1.6403651635   608.225919676  
    1.64692662655   816.176097848  
    1.65351431859   1294.51577785  
    1.66012839044   1371.97187522  
    1.66676884154   825.707210254  
    1.67343597864   1441.39791307  
    1.68012964726   1037.94205276  
     1.6868501577   597.616749738  
    1.69359766897   834.566862545  
    1.70037202268   3328.40661231  
    1.70717353647    1415.4464279  
    1.71400221054   3179.03543419  
    1.72085820633   2319.59086007  
    1.72774168785   2213.68432264  
    1.73465265526   2323.59423537  
    1.74159127391   2140.86477079  
    1.74855754262   1946.59944467  
    1.75555179861   3451.28624615  
    1.76257404347   2050.66888022  
    1.76962427614   1368.52176805  
    1.77670284213    2927.0052561  
    1.78380956722   4242.73665146  
    1.79094480125   3107.00822999  
    1.79810872371   4137.13661526  
    1.80530115645   4788.59609399  
    1.81252227635   3237.88009728  
    1.81977244648   3955.25242158  
    1.82705148476   3552.78582167  
    1.83435957276   3130.25405681  
    1.84169708283   3754.34785354  
    1.84906382895   2833.30872121  
    1.85646018835   2169.57433223  
     1.8638859709   3879.55315211  
    1.87134155879   3116.15035823  
    1.87882695303   1988.25769327  
    1.88634215182   2483.67237383  
    1.89388754731    2766.6554411  
    1.90146314133   3262.84327767  
    1.90906893284   1749.65438027  
    1.91670532438   3963.97332075  
    1.92437211384   2017.05959352  
    1.93206950273   2577.82630115  
    1.93979790433   1821.69716018  
    1.94755711267   1991.68945021  
    1.95534733522   2537.86376882  
    1.96316856994   1311.21058615  
    1.97102124165   1876.42744155  
    1.97890535251   2933.22589119  
    1.98682112011   2537.11580185  
    1.99476832565    4631.6959779  
    2.00274740602   2866.11659198  
    2.01075836178   1531.07675309  
    2.01880141589   2801.96565108  
    2.02687656812   3396.39160172  
    2.03498404427   837.287133822  
    2.04312407431    1964.4641696  
    2.05129665965   5188.98806997  
     2.0595017986   2500.44086488  
    2.06773972286   4585.42577717  
    2.07601066845   4513.02164393  
    2.08431463547   4453.27496451  
    2.09265210542   5604.30915012  
    2.10102259513   10029.3562694  
    2.10942658742   12580.5355764  
    2.11786432936   12523.2885923  
    2.12633582256   17374.7469114  
    2.13484131755    12995.820871  
     2.1433805613   15079.0876915  
    2.15195405802     11522.49228  
    2.16056193754   15308.4867065  
    2.16920420033   19329.4139852  
    2.17788097479   22269.9203142  
     2.1865925224   21051.0147546  
    2.19533884309   22234.5136408  
    2.20412020221   33404.9551282  
    2.21293673483   26576.4609172  
    2.22178844042   39899.1697972  
    2.23067559034   36457.2044341  
    2.23959832256   37615.4723061  
    2.24855677603   38973.9990713  
    2.25755094977   35195.3521437  
    2.26658112356    38156.812202  
    2.27564743949   34219.1150026  
    2.28475004076   37204.1075859  
    2.29388907166   48846.0386558  
    2.30306467764   45039.6960417  
    2.31227685738   43353.7482955  
    2.32152605332   45959.1119519  
    2.33081211742   44752.1272213  
    2.34013534778   45958.9043049  
    2.34949589586   47287.4449193  
     2.3588939144   38463.2658215  
    2.36832940228   38222.7250991  
    2.37780282395   43594.6447205  
    2.38731402457   50621.5501535  
    2.39686315846   52486.4981156  
    2.40645070173   51754.4363209  
    2.41607649617   51151.8587184  
    2.42574070034   44277.4469759  
    2.43544380238   45324.5895845  
    2.44518547545   42490.8080759  
    2.45496621204   47728.3230862  
    2.46478618067   40772.8741457  
    2.47464521268   42897.9095177  
    2.48454381326   32611.4242202  
    2.49448198371   36390.3376373  
    2.50445989506   37147.7506556  
       2.51447772   32347.6295551  
    2.52453563299   39668.2170057  
    2.53463381022   31509.0087398  
    2.54477242968   30515.5210254  
    2.55495149062   33296.2183194  
    2.56517135243   28207.4489452  
    2.57543201517   29851.7763791  
    2.58573365996   27397.5082496  
    2.59607665626   27089.3359418  
    2.60646100556   27684.2233558  
    2.61688670542   26838.7005828  
    2.62735432224   26768.8198055  
    2.63786366667   23369.2041864  
    2.64841512134    24006.723088  
    2.65900888157   23221.2384516  
    2.66964494773   26536.7557675  
    2.68032351485   22720.4907695  
    2.69104478018   22669.7004097  
    2.70180894321   16751.1882861  
    2.71261620574   18474.3762598  
    2.72346656674   11472.2212173  
    2.73436043466   20725.8952754  
    2.74529801844   16405.7500498  
     2.7562791092   14147.4122353  
    2.76730433452   17592.3211224  
    2.77837348379   14797.7741944  
    2.78948698116   16807.3156067  
    2.80064482621   14183.6483923  
     2.8118474517   16755.0725969  
    2.82309485907   15761.1382037  
    2.83438726773   18368.9396707  
    2.84572489981   15429.7672103  
    2.85710775442   13536.2541625  
    2.86853605393   14594.3517846  
      2.880010253   17380.1620306  
    2.89153035391   11882.4884935  
    2.90309635457   17730.5308478  
    2.91470895348   18096.0914117  
    2.92636768263    17177.439695  
    2.93807324851    16985.787508  
    2.94982541299   14582.7699785  
    2.96162465374   17462.0360968  
    2.97347121472   16375.9952301  
    2.98536509663   10004.9770391  
    2.99730654414   11672.3649697  
    3.00929580525    13639.023304  
    3.02133287881   12650.1495486  
    3.03341826813   12195.6210965  
    3.04555197494    7577.5403571  
    3.05773425498   12929.4671906  
    3.06996510682   7784.68464794  
    3.08224504996   4909.16788232  
    3.09457408611   10120.8306953  
    3.10695221222    5763.5960512  
    3.11937995887    8695.5863256  
    3.13185759762    8815.4864944  
    3.14438513044   6624.06272946  
    3.15696255453   6088.05742721  
    3.16959041803   10710.0723124  
    3.18226872167   8651.16504176  
    3.19499774367   7861.76173553  
     3.2077777664   6450.25044326  
    3.22060907639   7799.20898333  
    3.23349138593    4033.2662998  
    3.24642526784   6058.78992652  
    3.25941101458   6211.64437623  
    3.27244862677   9940.15485278  
    3.28553839867   7243.61638811  
    3.29868062902    7148.8825117  
    3.31187531768   7572.35298453  
    3.32512276534   6991.75972882  
    3.33842327728    5447.0450145  
    3.35177716355   2465.96284075  
    3.36518411244   6158.98371126  
    3.37864506026    5056.6243261  
    3.39215937671   3868.20348532  
    3.40572801038   1857.44754498  
    3.41935096495   3618.62560143  
    3.43302856495   2933.10108093  
     3.4467604828   4201.72931146  
    3.46054770028   5711.29422749  
    3.47438988975   5288.43720856  
    3.48828738091   4184.60591381  
    3.50224050881   5572.13949979  
    3.51624961393    2803.8889952  
    3.53031435276   2660.52532156  
    3.54443575556   3465.01366084  
    3.55861347905   4628.40009688  
    3.57284786965   4170.19453797  
    3.58713927957   4565.11457192  
    3.60148770802   3065.16886426  
    3.61589387213   3942.81015464  
    3.63035741275   6946.24973272  
    3.64487868866   6651.82438801  
    3.65945843514   1478.90278325  
    3.67409628525   3523.93071637  
     3.6887926074   6296.62042164  
    3.70354777632   3548.91975424  
    3.71836179065   3348.15689611  
    3.73323541447   3975.49297843  
    3.74816826477   7624.88193086  
    3.76316111576   2673.11328206  
    3.77821357615   4066.83072693  
    3.79332643045   4958.28592548  
    3.80849968022   3847.60306032  
    3.82373372567    5811.4084388  
    3.83902856636   6105.45314326  
    3.85438501793   5551.63637934  
    3.86980225926   4148.20361955  
    3.88528152486   7020.62492542  
    3.90082282035   5489.43536499  
    3.91642614544   8635.54151451  
     3.9320919216   4698.83164105  
    3.94782014671   5366.61599133  
    3.96361124722   5864.08718851  
     3.9794656573    9460.1273134  
    3.99538381902   5463.48286448  
    4.01136529223   9816.72963827  
    4.02741051384   3403.63814851  
    4.04352038115   4901.20798907  
    4.05969444633   4002.25776183  
    4.07593316003   5828.96786786  
    4.09223698126   9357.80755343  
    4.10860591058   4332.18396764  
    4.12504041299   5282.45034662  
    4.14154048768    5109.8371024  
    4.15810660581   3887.47019865  
    4.17473924737    9459.2257032  
     4.1914379294   4503.23776932  
    4.20820361671   7371.09001231  
    4.22503631116   5581.48099335  
    4.24193650599   9046.83379525  
    4.25890420203   4109.18728398  
    4.27593989945   6799.48489479  
    4.29304359811   6219.29223328  
    4.31021606223   10758.4206938  
    4.32745677891   4749.06530112  
    4.34476677871   5912.49079521  
    4.36214580283    6268.2612233  
    4.37959437336   6437.22965575  
    4.39711275511   4737.54342916  
    4.41470121473   6351.86893751  
    4.43236002067   5284.88170233  
    4.45008944329   5311.42071719  
    4.46788975486   5374.83448485  
     4.4857612296   5978.73964424  
     4.5037044243   5917.58776922  
    4.52171905834   7945.72027333  
    4.53980597546   8687.31332829  
    4.55796517761   5876.33796493  
    4.57619723913   5446.46250452  
    4.59450186987   5696.07907786  
    4.61287994068   10579.5927758  
    4.63133145335   4987.87185361  
    4.64985670171   6139.89438472  
    4.66845628346   10335.7811834  
    4.68712989672   10447.7165697  
    4.70587844804   5999.83355763  
    4.72470193969   6939.67092588  
    4.74360098925   5020.35200595  
    4.76257528571   7282.52485099  
    4.78162544951   7905.21410629  
    4.80075211388   9025.58018132  
    4.81995496102   10436.6114068  
    4.83923495122   5570.06749038  
    4.85859176224   11232.8707722  
    4.87802637057   6831.39286418  
    4.89753844961   6447.97104245  
     4.9171283236   8042.57548948  
    4.93679699404   8638.25070742  
    4.95654412786   7307.29071173  
    4.97637040127   9798.03471761  
    4.99627581409   5860.04071707  
    5.01626105463   5217.56699462  
    5.03632612401   10033.8274247  
    5.05647136933    10685.204958  
    5.07669714118   7299.67564314  
    5.09700379373   9585.17520819  
    5.11739204703   6597.66188762  
    5.13786154103    9086.6665261  
    5.15841300039   4940.77219877  
    5.17904679429   8876.61137128  
    5.19976292187    9251.0332031  
    5.22056175127   15077.1047167  
    5.24144403461   7276.67657374  
    5.26240977412   9146.40440533  
    5.28345973627   7982.82437989  
    5.30459353645   9330.89411923  
    5.32581194655    6213.5486969  
    5.34711496429   9677.94927325  
     5.3685033765   11758.9444293  
    5.38997758533   11285.0099541  
     5.4115375925    6864.6355949  
    5.43318339149    9001.1421743  
    5.45491620212   7011.32013653  
    5.47673603057   11134.0400236  
    5.49864287472   9748.17978487  
    5.52063756715   7933.65415674  
    5.54272010896   14238.3596815  
    5.56489092113   6059.02329356  
    5.58715042976   10234.7845652  
    5.60949906616   10604.7418275  
    5.63193726694   13995.8603749  
    5.65446458961   10053.9510889  
    5.67708279786   11954.6084516  
    5.69979100731   13312.5258539  
    5.72259010817   7515.13466701  
    5.74548055411   11997.1600283  
    5.76846234429   10652.5614083  
      5.791536397   15064.5500798  
    5.81470224819   13694.6802397  
    5.83796129572   11703.3866431  
    5.86131307274    10313.983177  
    5.88475852542    10762.575175  
    5.90829717285   17975.7134044  
    5.93193045656   18131.9033847  
    5.95565838363    17149.845113  
    5.97948095214   15881.3837206  
    6.00339864953   19054.3607839  
    6.02741247236   17059.0971906  
    6.05152192044   19417.6910715  
    6.07572799998   17485.8294084  
    6.10003122573   20183.8111892  
    6.12443108191    27328.860033  
    6.14892911878   22962.0017547  
    6.17352481846   16727.7760834  
    6.19821869966   22728.5226699  
    6.22301182415   34403.0591156  
    6.24790365848   26222.7913175  
    6.27289527528    30025.634387  
    6.29798667496   33698.8974056  
    6.32317895437   28054.1574955  
    6.34847156357   31339.0972909  
    6.37386561103   27253.7425216  
    6.39936109829   23670.1170502  
    6.42495858819   30530.7982761  
    6.45065807628   22110.3244488  
    6.47646070858   20891.9715374  
    6.50236648851    32457.020049  
    6.52837599909   14831.1013914  
    6.55448983217   31033.4157378  
    6.58070739056   21461.4926623  
     6.6070304631   16934.9035803  
    6.63345845158   20420.7410665  
    6.65999256893   18688.6673024  
    6.68663220164   19228.5416428  
    6.71337857646   23472.7985886  
     6.7402323211   20167.2879393  
    6.76719343966   19135.9716006  
    6.79426192596   17529.1920221  
    6.82143905059   26674.2030526  
    6.84872481713   21602.7521806  
    6.87611987273   17484.1594863  
    6.90362421565   17338.9506934  
    6.93123849806   21021.7703187  
    6.95896338267   24196.3080044  
    6.98679954287   20760.2857421  
    7.01474698239   18986.3144212  
    7.04280569424   13969.2904562  
    7.07097704376   17418.3017198  
    7.09926103526   25237.0883995  
    7.12765766225   20460.6938727  
    7.15616832394   13924.6351472  
    7.18479302568   11643.1969424  
    7.21353248167   15356.6392079  
    7.24238669254   12446.3465496  
    7.27135637916   8948.99957759  
    7.30044153741    14349.163254  
    7.32964289499   16622.8911217  
    7.35896194108   12435.5975243  
    7.38839793625   9601.55515418  
    7.41795162807   11740.0666129  
     7.4476230097   25951.6211537  
    7.47741360958   15156.9339383  
    7.50732343484   14739.4694578  
    7.53735248125   13895.0220586  
    7.56750152509   11861.9660326  
     7.5977721547   13275.7414407  
    7.62816277835   15090.8199935  
    7.65867579796   19234.0730693  
    7.68931040992   19339.0339814  
    7.72006742165   18392.5258719  
    7.75094765492   10203.9369627  
    7.78195194613   15028.3059773  
    7.81307945788   16867.1352824  
    7.84433186727   11640.8580412  
    7.87570917764   11094.8178376  
    7.90721224521   21356.0950264  
    7.93884106988   14248.2174975  
    7.97059651818   20377.8772321  
    8.00247858663   12979.4280589  
    8.03448815236   17949.5724522  
    8.06662610855   15432.2686282  
    8.09889336484   20303.8892026  
     8.1312881039   11972.3822448  
    8.16381396885   13759.3139357  
    8.19646913217   16507.7517918  
    8.22925450488   20907.6388212  
    8.26217195928   7927.03281844  
     8.2952205599   20052.2066854  
    8.32840124719   10719.6321516  
    8.36171497933   12915.9973585  
    8.39516175769   22992.3776117  
    8.42874255349    15833.835471  
    8.46245736585   10082.6978194  
     8.4963071794   7226.00260454  
    8.53029299759   13947.1609656  
    8.56441381387   23803.1868073  
    8.59867164433   16568.5940007  
    8.63306597974    17103.918053  
    8.66759835958   11270.9559622  
    8.70226878849   18272.0580655  
    8.73707778582    16402.448331  
    8.77202587434   21207.8984831  
    8.80711411676   27504.5116794  
    8.84234251506    23587.148792  
    8.87771214789   18404.7473056  
    8.91322301618   9458.58531183  
    8.94887566111   12048.5412071  
    8.98467118599   15047.4883605  
    9.02061015324   11937.7334193  
    9.05669256222   18201.3127852  
    9.09291897023   22647.0450193  
    9.12929109163   17154.9857145  
    9.16580777681   16228.3635827  
    9.20247133927   12004.2658667  
     9.2392812011   16680.7125652  
    9.27623794181   15776.2397346  
    9.31334334528   13751.0683413  
    9.35059681985    21224.636871  
    9.38799895942   21392.3297486  
    9.42555097729   17031.4642828  
    9.46325287276    17348.296342  
    9.50110587927   24382.2965617  
    9.53911062623    8024.1718135  
    9.57726711423   11865.6393423  
    9.61557596868   13982.8429869  
    9.65403846516   16840.8111123  
    9.69265460608   17782.7426633  
    9.73142503402   20303.0020581  
    9.77035105768   14567.8006036  
    9.80943201648   17424.6713446  
    9.84866989689   30112.3986253  
    9.88806470579    25353.779111  
    9.92761711669    21314.073211  
    9.96732712253   21863.0588603  
    10.0071967787   19135.8989581  
    10.0472253989   25857.0095447  
    10.0874143706   310630.648139  
