      wave_micron            flux_mjy  
  0.0154221819325                 0.0  
  0.0154783455809                 0.0  
   0.015540258413                 0.0  
  0.0156024189732                 0.0  
  0.0156648289627                 0.0  
  0.0157274883885                 0.0  
  0.0157903989725                 0.0  
   0.015853560715                 0.0  
  0.0159169753591                 0.0  
  0.0159806428986                 0.0  
  0.0160445650983                 0.0  
  0.0161087437552                 0.0  
  0.0161731788756                 0.0  
   0.016237870441                 0.0  
  0.0163028221147                 0.0  
  0.0163680339168                 0.0  
  0.0164335058424                 0.0  
  0.0164992397599                 0.0  
  0.0165652375728                 0.0  
  0.0166314973626                 0.0  
   0.016698022957                 0.0  
  0.0167648163217                 0.0  
  0.0168318755082                 0.0  
  0.0168992024628                 0.0  
  0.0169667991687                 0.0  
  0.0170346676472                 0.0  
  0.0171028048591                 0.0  
  0.0171712168936                 0.0  
  0.0172399017199                 0.0  
  0.0173088613934                 0.0  
  0.0173780969564                 0.0  
  0.0174476083969                 0.0  
  0.0175173988859                 0.0  
  0.0175874684342                 0.0  
  0.0176578192002                 0.0  
  0.0177284500972                 0.0  
  0.0177993632902                 0.0  
  0.0178705609874                 0.0  
  0.0179420431955                 0.0  
  0.0180138121572                 0.0  
  0.0180858667379                 0.0  
  0.0181582103376                 0.0  
   0.018230842962                 0.0  
  0.0183037669249                 0.0  
  0.0183769822319                 0.0  
  0.0184504900473                 0.0  
  0.0185242915451                 0.0  
  0.0185983891149                 0.0  
  0.0186727827634                 0.0  
  0.0187474736943                 0.0  
  0.0188224631215                 0.0  
  0.0188977535148                 0.0  
  0.0189733436286                 0.0  
  0.0190492372098                 0.0  
  0.0191254342705                 0.0  
  0.0192019360793                 0.0  
  0.0192787439165                 0.0  
  0.0193558590743                 0.0  
  0.0194332828569                 0.0  
  0.0195110152532                 0.0  
  0.0195890602365                 0.0  
  0.0196674164828                 0.0  
  0.0197460853146                 0.0  
  0.0198250694374                 0.0  
  0.0199043702325                 0.0  
  0.0199839877024                 0.0  
  0.0200639232226                 0.0  
  0.0201441795976                 0.0  
  0.0202247554125                 0.0  
  0.0203056549267                 0.0  
  0.0203868781584                 0.0  
  0.0204684250949                 0.0  
  0.0205502986369                 0.0  
  0.0206325002631                 0.0  
  0.0207150299721                 0.0  
  0.0207978907469                 0.0  
  0.0208810810743                 0.0  
  0.0209646054901                 0.0  
  0.0210484640106                 0.0  
  0.0211326581768                 0.0  
  0.0212171895475                 0.0  
  0.0213020581165                 0.0  
  0.0213872654403                 0.0  
  0.0214728147007                 0.0  
  0.0215587059078                 0.0  
  0.0216449406729                 0.0  
  0.0217315206258                 0.0  
  0.0218184474159                 0.0  
  0.0219057210389                 0.0  
  0.0219933431436                 0.0  
  0.0220813170987                 0.0  
  0.0221696429202                 0.0  
  0.0222583205902                 0.0  
  0.0223473535396                 0.0  
  0.0224367435202                 0.0  
  0.0225264905366                 0.0  
  0.0226165963424                 0.0  
  0.0227070627134                 0.0  
   0.022797891448                 0.0  
  0.0228890825408                 0.0  
  0.0229806396339                 0.0  
  0.0230725608835                 0.0  
  0.0231648518352                 0.0  
  0.0232575106339                 0.0  
  0.0233505410324                 0.0  
  0.0234439430362                 0.0  
  0.0235377185467                 0.0  
  0.0236318694907                 0.0  
  0.0237263978211                 0.0  
  0.0238213035385                 0.0  
  0.0239165886016                 0.0  
  0.0240122549961                 0.0  
  0.0241083027081                 0.0  
  0.0242047378153                 0.0  
  0.0243015562579                 0.0  
  0.0243987621108                 0.0  
   0.024496357451                 0.0  
  0.0245943422758                 0.0  
  0.0246927207968                 0.0  
  0.0247914908945                 0.0  
  0.0248906568236                 0.0  
  0.0249902185834                 0.0  
  0.0250901805246                 0.0  
  0.0251905404622                 0.0  
  0.0252913027928                 0.0  
  0.0253924675203                 0.0  
   0.025494039142                 0.0  
  0.0255960154078                 0.0  
  0.0256983985612                 0.0  
  0.0258011932004                 0.0  
  0.0259043970131                 0.0  
  0.0260080146481                 0.0  
    0.02611204611                 0.0  
  0.0262164937597                 0.0  
  0.0263213599946                 0.0  
  0.0264266472488                 0.0  
  0.0265323530848                 0.0  
   0.026638482369                 0.0  
  0.0267450350961                 0.0  
  0.0268520162481                 0.0  
  0.0269594233237                 0.0  
   0.027067261363                 0.0  
  0.0271755303777                 0.0  
  0.0272842329335                 0.0  
  0.0273933690209                 0.0  
   0.027502943863                 0.0  
  0.0276129548334                 0.0  
  0.0277234072187                 0.0  
  0.0278343010305                 0.0  
  0.0279456389615                 0.0  
  0.0280574210034                 0.0  
  0.0281696498716                 0.0  
  0.0282823283267                 0.0  
  0.0283954591745                 0.0  
  0.0285090395999                 0.0  
  0.0286230752233                 0.0  
  0.0287375689239                 0.0  
  0.0288525178234                 0.0  
  0.0289679276849                 0.0  
  0.0290838014637                 0.0  
  0.0292001362195                 0.0  
  0.0293169348659                 0.0  
  0.0294342033877                 0.0  
  0.0295519418269                 0.0  
  0.0296701471117                 0.0  
  0.0297888284028                 0.0  
  0.0299079857543                 0.0  
  0.0300276160314                 0.0  
  0.0301477254602                 0.0  
  0.0302683172275                 0.0  
  0.0303893913559                 0.0  
  0.0305109478221                 0.0  
  0.0306329930995                 0.0  
  0.0307555239287                 0.0  
  0.0308785468721                 0.0  
  0.0310020619542                 0.0  
  0.0311260691522                 0.0  
  0.0312505718008                 0.0  
  0.0313755767274                 0.0  
  0.0315010770906                 0.0  
  0.0316270832193                 0.0  
  0.0317535916642                 0.0  
  0.0318806059038                 0.0  
  0.0320081259079                 0.0  
  0.0321361587989                 0.0  
  0.0322647046199                 0.0  
  0.0323937633655                 0.0  
  0.0325233386688                 0.0  
  0.0326534305126                 0.0  
   0.032784046325                 0.0  
  0.0329151823899                 0.0  
  0.0330468424368                 0.0  
  0.0331790302653                 0.0  
  0.0333117458776                 0.0  
  0.0334449931253                 0.0  
  0.0335787720014                 0.0  
  0.0337130864104                 0.0  
  0.0338479403317                 0.0  
  0.0339833297668                 0.0  
   0.034119266773                 0.0  
    0.03425574124                 0.0  
  0.0343927653635                 0.0  
  0.0345303371289                 0.0  
  0.0346684564989                 0.0  
  0.0348071318312                 0.0  
  0.0349463589249                 0.0  
  0.0350861462674                 0.0  
  0.0352264895855                 0.0  
  0.0353673953179                 0.0  
  0.0355088656611                 0.0  
  0.0356509006117                 0.0  
   0.035793504579                 0.0  
  0.0359366775568                 0.0  
  0.0360804262925                 0.0  
  0.0362247462568                 0.0  
  0.0363696465556                 0.0  
  0.0365151249103                 0.0  
  0.0366611859421                 0.0  
  0.0368078296413                 0.0  
  0.0369550607037                 0.0  
  0.0371028815203                 0.0  
  0.0372512920825                 0.0  
  0.0374002972022                 0.0  
  0.0375498993313                 0.0  
  0.0377000984646                 0.0  
  0.0378508995351                 0.0  
  0.0380023025414                 0.0  
  0.0381543124999                 0.0  
  0.0383069294135                 0.0  
  0.0384601558058                 0.0  
  0.0386139968225                 0.0  
  0.0387684524758                 0.0  
   0.038923528001                 0.0  
  0.0390792207552                 0.0  
  0.0392355386861                 0.0  
  0.0393924818217                 0.0  
  0.0395500501301                 0.0  
  0.0397082517653                 0.0  
  0.0398670839996                 0.0  
  0.0400265523356                 0.0  
   0.040186659577                 0.0  
  0.0403474057178                 0.0  
  0.0405087935511                 0.0  
  0.0406708287828                 0.0  
  0.0408335143331                 0.0  
  0.0409968472931                 0.0  
  0.0411608334584                 0.0  
  0.0413254787495                 0.0  
  0.0414907802101                 0.0  
   0.041656743801                 0.0  
  0.0418233695127                 0.0  
  0.0419906634194                 0.0  
  0.0421586255298                 0.0  
   0.042327258912                 0.0  
  0.0424965698167                 0.0  
  0.0426665551097                 0.0  
  0.0428372210879                 0.0  
  0.0430085709616                 0.0  
  0.0431806047274                 0.0  
  0.0433533288696                 0.0  
  0.0435267401058                 0.0  
  0.0437008482999                 0.0  
   0.043875650142                 0.0  
  0.0440511522978                 0.0  
  0.0442273581705                 0.0  
  0.0444042677676                 0.0  
  0.0445818844935                 0.0  
  0.0447602117949                 0.0  
  0.0449392531611                 0.0  
  0.0451190085759                 0.0  
  0.0452994851091                 0.0  
  0.0454806827765                 0.0  
  0.0456626087953                 0.0  
  0.0458452558873                 0.0  
  0.0460286386326                 0.0  
  0.0462127533948                 0.0  
  0.0463976038551                 0.0  
   0.046583193743                 0.0  
   0.046769526837                 0.0  
   0.046956606966                 0.0  
  0.0471444302599                 0.0  
  0.0473330082767                 0.0  
  0.0475223410627                 0.0  
  0.0477124325616                 0.0  
  0.0479032787694                 0.0  
  0.0480948956441                 0.0  
  0.0482872751942                 0.0  
  0.0484804213891                 0.0  
  0.0486743423835                 0.0  
  0.0488690423574                 0.0  
  0.0490645171557                 0.0  
  0.0492607751063                 0.0  
  0.0494578204664                 0.0  
  0.0496556489567                 0.0  
   0.049854273417                 0.0  
  0.0500536895535                 0.0  
  0.0502539060659                 0.0  
  0.0504549185427                 0.0  
  0.0506567402489                 0.0  
  0.0508593667607                 0.0  
  0.0510628025253                 0.0  
  0.0512670566381                 0.0  
  0.0514721245518                 0.0  
  0.0516780108055                 0.0  
  0.0518847246999                 0.0  
   0.052092261563                 0.0  
  0.0523006307993                 0.0  
  0.0525098324223                 0.0  
  0.0527198760571                 0.0  
  0.0529307520196                 0.0  
  0.0531424748511                 0.0  
  0.0533550445924                 0.0  
  0.0535684662058                 0.0  
  0.0537827396889                 0.0  
  0.0539978700401                 0.0  
  0.0542138623369                 0.0  
  0.0544307165721                 0.0  
  0.0546484430685                 0.0  
  0.0548670366526                 0.0  
  0.0550865024807                 0.0  
  0.0553068511252                 0.0  
  0.0555280772875                 0.0  
  0.0557501916691                 0.0  
  0.0559731888451                 0.0  
  0.0561970851542                 0.0  
  0.0564218696252                 0.0  
    0.05664755882                 0.0  
  0.0568741471904                 0.0  
   0.057101645976                 0.0  
  0.0573300495008                 0.0  
  0.0575593691465                 0.0  
  0.0577896107521                 0.0  
   0.058020768517                 0.0  
   0.058252848197                 0.0  
  0.0584858616093                 0.0  
  0.0587198028284                 0.0  
  0.0589546838262                 0.0  
  0.0591905046543                 0.0  
  0.0594272652747                 0.0  
  0.0596649717642                 0.0  
  0.0599036365615                 0.0  
  0.0601432471883                 0.0  
  0.0603838224564                 0.0  
  0.0606253560613                 0.0  
  0.0608678607795                 0.0  
  0.0611113301733                 0.0  
  0.0613557771937                 0.0  
  0.0616012018839                 0.0  
  0.0618476041939                 0.0  
  0.0620949907005                 0.0  
  0.0623433748748                 0.0  
  0.0625927500343                 0.0  
  0.0628431160694                 0.0  
  0.0630944935939                 0.0  
  0.0633468688088                 0.0  
  0.0636002555816                 0.0  
  0.0638546539134                 0.0  
   0.064110078039                 0.0  
  0.0643665136604                 0.0  
  0.0646239823258                 0.0  
  0.0648824768223                 0.0  
  0.0651420117993                 0.0  
  0.0654025799059                 0.0  
  0.0656641884884                 0.0  
  0.0659268450311                 0.0  
  0.0661905495202                 0.0  
  0.0664553095403                 0.0  
  0.0667211328193                 0.0  
  0.0669880194077                 0.0  
  0.0672559692546                 0.0  
   0.067524998104                 0.0  
  0.0677950980645                 0.0  
  0.0680662770408                 0.0  
  0.0683385430896                 0.0  
  0.0686118962156                 0.0  
   0.068886340455                 0.0  
   0.069161888209                 0.0  
  0.0694385353599                 0.0  
   0.069716290261                 0.0  
  0.0699951528868                 0.0  
  0.0702751360196                 0.0  
   0.070556235388                 0.0  
  0.0708384595976                 0.0  
  0.0711218130144                 0.0  
  0.0714063000362                 0.0  
  0.0716919250936                 0.0  
    0.07197869265                 0.0  
  0.0722666072029                 0.0  
  0.0725556732844                 0.0  
  0.0728459000873                 0.0  
  0.0731372830003                 0.0  
  0.0734298312522                 0.0  
  0.0737235495201                 0.0  
  0.0740184425194                 0.0  
  0.0743145198186                 0.0  
  0.0746117766219                 0.0  
  0.0749102225396                 0.0  
  0.0752098624475                 0.0  
  0.0755107012636                 0.0  
  0.0758127489591                 0.0  
  0.0761159955082                 0.0  
  0.0764204609911                 0.0  
  0.0767261454929                 0.0  
  0.0770330489826                 0.0  
  0.0773411817395                 0.0  
  0.0776505437441                 0.0  
  0.0779611454547                 0.0  
  0.0782729922069                 0.0  
  0.0785860840041                 0.0  
  0.0789004261565                 0.0  
  0.0792160294956                 0.0  
   0.079532894053                 0.0  
   0.079851025297                 0.0  
  0.0801704287509                 0.0  
  0.0804911099934                 0.0  
  0.0808130746602                 0.0  
  0.0811363284449                 0.0  
  0.0814608713158                 0.0  
  0.0817867147778                 0.0  
  0.0821138647046                 0.0  
  0.0824423211076                 0.0  
  0.0827720898447                 0.0  
   0.083103176837                 0.0  
  0.0834355880695                 0.0  
  0.0837693295932                 0.0  
  0.0841044075257                 0.0  
  0.0844408280531                 0.0  
  0.0847785911656                 0.0  
  0.0851177030393                 0.0  
  0.0854581762863                 0.0  
  0.0858000109601                 0.0  
  0.0861432069836                 0.0  
  0.0864877837083                 0.0  
   0.086833734686                 0.0  
   0.087181066378                 0.0  
  0.0875297920005                 0.0  
  0.0878799115976                 0.0  
  0.0882314318658                 0.0  
  0.0885843527423                 0.0  
  0.0889386947135                 0.0  
  0.0892944509877                 0.0  
  0.0896516284288                 0.0  
  0.0900102339858                 0.0  
  0.0903702746949                 0.0  
  0.0907317505044                 0.0  
  0.0910946829245                 0.0  
  0.0914590575601                 0.0  
  0.0918248961623                 0.0  
  0.0921921988168                 0.0  
  0.0925609654697                 0.0  
  0.0929312109813                 0.0  
  0.0933029353717                 0.0  
  0.0936761461684                 0.0  
  0.0940508509988                 0.0  
  0.0944270498198                 0.0  
  0.0948047581127                 0.0  
  0.0951839838158                 0.0  
  0.0955647190532                 0.0  
  0.0959469715991                 0.0  
  0.0963307655121                 0.0  
  0.0967160847083                 0.0  
  0.0971029535334                 0.0  
  0.0974913638291                 0.0  
  0.0978813237277                 0.0  
  0.0982728498947                 0.0  
    0.09866594241                 0.0  
   0.099060609758                 0.0  
  0.0994568519222                 0.0  
  0.0998546774253                 0.0  
   0.100254094913                 0.0  
   0.100655113158                 0.0  
   0.101057732156                 0.0  
   0.101461960725                 0.0  
   0.101867807811                 0.0  
   0.102275282494                 0.0  
   0.102684384796                 0.0  
   0.103095123848                 0.0  
   0.103507499581                 0.0  
   0.103921530592                 0.0  
   0.104337216941                 0.0  
   0.104754568095                 0.0  
   0.105173584024                 0.0  
   0.105594283976                 0.0  
   0.106016658262                 0.0  
   0.106440726351                 0.0  
   0.106866488265                 0.0  
   0.107293953898                 0.0  
     0.1077231333                 0.0  
   0.108154016287                 0.0  
   0.108586633294                 0.0  
   0.109020984491                 0.0  
   0.109457069886                 0.0  
   0.109894899843                 0.0  
   0.110334474284                 0.0  
   0.110775814355                 0.0  
   0.111218920147                 0.0  
   0.111663791584                 0.0  
   0.112110450329                 0.0  
   0.112558885443                 0.0  
   0.113009129988                 0.0  
   0.113461161814                 0.0  
   0.113915003126                 0.0  
   0.114370665274                 0.0  
   0.114828148301                 0.0  
   0.115287463664                 0.0  
   0.115748611332                 0.0  
   0.116211602869                 0.0  
   0.116676450037                 0.0  
   0.117143152835                 0.0  
   0.117611735198                 0.0  
   0.118082173035                 0.0  
   0.118554502557                 0.0  
   0.119028723913                 0.0  
   0.119504837073                 0.0  
   0.119982854371                 0.0  
   0.120462788359                 0.0  
   0.120944639055                 0.0  
   0.121428419148                 0.0  
   0.121914128591                 0.0  
   0.122401793275                 0.0  
   0.122891400238                 0.0  
   0.123382962455                 0.0  
   0.123876493133                 0.0  
   0.124372005713                 0.0  
   0.124869486696                 0.0  
    0.12536896306                 0.0  
   0.125870448651                 0.0  
   0.126373929725                 0.0  
   0.126879419965                 0.0  
   0.127386933305                 0.0  
   0.127896483936                 0.0  
   0.128408071933                 0.0  
   0.128921697178                 0.0  
   0.129437388564                 0.0  
   0.129955146271                 0.0  
   0.130474955445                 0.0  
   0.130996860392                 0.0  
   0.131520846332                 0.0  
   0.132046928203                 0.0  
   0.132575121227                 0.0  
   0.133105425465                 0.0  
   0.133637840778                 0.0  
   0.134172398206                 0.0  
   0.134709082127                 0.0  
   0.135247924046                 0.0  
   0.135788908058                 0.0  
   0.136332066143                 0.0  
   0.136877390275                 0.0  
   0.137424904887                 0.0  
   0.137974601796                 0.0  
   0.138526497437                 0.0  
   0.139080608566                 0.0  
   0.139636926768                 0.0  
    0.14019547741                 0.0  
   0.140756260558                 0.0  
   0.141319284768                 0.0  
   0.141884558656                 0.0  
   0.142452099745                 0.0  
   0.143021908073                 0.0  
   0.143593992447                 0.0  
   0.144168370799                 0.0  
   0.144745043155                 0.0  
   0.145324027728                 0.0  
   0.145905324541                 0.0  
   0.146488942746                 0.0  
   0.147074900997                 0.0  
   0.147663199313                 0.0  
   0.148253847072                 0.0  
   0.148846863384                 0.0  
   0.149442258012                 0.0  
    0.15004002118                 0.0  
   0.150640182132                 0.0  
   0.151242740914                 0.0  
   0.151847717443                 0.0  
   0.152455101654                 0.0  
   0.153064923769                 0.0  
   0.153677183874                 0.0  
   0.154291892196                 0.0  
   0.154909059057                 0.0  
   0.155528694873                 0.0  
    0.15615081016                 0.0  
   0.156775415535                 0.0  
   0.157402521715                 0.0  
   0.158032128636                 0.0  
   0.158664257937                 0.0  
   0.159298909593                 0.0  
   0.159936105631                 0.0  
   0.160575857307                 0.0  
   0.161218153334                 0.0  
   0.161863027494                 0.0  
    0.16251047988                 0.0  
   0.163160521938                 0.0  
   0.163813165237                 0.0  
   0.164468421468                 0.0  
   0.165126290561                 0.0  
   0.165786796153                 0.0  
   0.166449938238                 0.0  
     0.1671157409                 0.0  
   0.167784204206                 0.0  
   0.168455340333                 0.0  
   0.169129161595                 0.0  
   0.169805680445                 0.0  
   0.170484909475                 0.0  
   0.171166848655                 0.0  
   0.171851510563                 0.0  
   0.172538920896                 0.0  
   0.173229066678                 0.0  
    0.17392198699                 0.0  
   0.174617682033                 0.0  
   0.175316151747                 0.0  
   0.176017409306                 0.0  
   0.176721481655                 0.0  
   0.177428368893                 0.0  
   0.178138084683                 0.0  
   0.178850628912                 0.0  
   0.179566043354                 0.0  
   0.180284300021                 0.0  
   0.181005441147                 0.0  
   0.181729466868                 0.0  
   0.182456377047                 0.0  
   0.183186200516                 0.0  
   0.183918952014                 0.0  
    0.18465461675                 0.0  
   0.185393239096                 0.0  
   0.186134819272                 0.0  
   0.186879357215                 0.0  
    0.18762686792                 0.0  
   0.188377382046                 0.0  
   0.189130884183                 0.0  
   0.189887405278                 0.0  
   0.190646961147                 0.0  
   0.191409551855                 0.0  
   0.192175193269                 0.0  
    0.19294388525                 0.0  
   0.193715660074                 0.0  
   0.194490534275                 0.0  
    0.19526849138                 0.0  
   0.196049564345                 0.0  
   0.196833753116                 0.0  
   0.197621091384                 0.0  
   0.198411579304                 0.0  
   0.199205234028                 0.0  
    0.20000205552                 0.0  
   0.200802061011                 0.0  
   0.201605267985                 0.0  
   0.202411694179                 0.0  
   0.203221339593                 0.0  
    0.20403422206                 0.0  
   0.204850359677                 0.0  
   0.205669752375                 0.0  
   0.206492436937                 0.0  
   0.207318413552                 0.0  
    0.20814768209                 0.0  
   0.208980261139                 0.0  
   0.209816188758                 0.0  
   0.210655445884                 0.0  
   0.211498071008                 0.0  
   0.212344064232                 0.0  
   0.213193445145                 0.0  
   0.214046213675                 0.0  
   0.214902409677                 0.0  
   0.215762013091                 0.0  
    0.21662506424                 0.0  
   0.217491563183                 0.0  
   0.218361530429                 0.0  
   0.219234965867                 0.0  
   0.220111911284                 0.0  
     0.2209923669                 0.0  
   0.221876332607                 0.0  
   0.222763829578                 0.0  
    0.22365490114                 0.0  
   0.224549503758                 0.0  
   0.225447702921                 0.0  
   0.226349498892                 0.0  
   0.227254891597                 0.0  
   0.228163925989                 0.0  
   0.229076579506                 0.0  
   0.229992874618                 0.0  
   0.230912857412                 0.0  
   0.231836504828                 0.0  
   0.232763839934                 0.0  
   0.233694909994                 0.0  
    0.23462969145                 0.0  
   0.235568207999                 0.0  
   0.236510483745                 0.0  
   0.237456518631                 0.0  
   0.238406337007                 0.0  
   0.239359963648                 0.0  
   0.240317398589                 0.0  
   0.241278666869                 0.0  
   0.242243793968                 0.0  
   0.243212780032                 0.0  
   0.244185624836                 0.0  
   0.245162353976                 0.0  
    0.24614301991                 0.0  
   0.247127569931                 0.0  
   0.248116083417                 0.0  
    0.24910856079                 0.0  
   0.250105002093                 0.0  
   0.251105406992                 0.0  
   0.252109830165                 0.0  
   0.253118271822                 0.0  
   0.254130759937                 0.0  
   0.255147266246                 0.0  
   0.256167846992                 0.0  
   0.257192531015                 0.0  
   0.258221289561                 0.0  
   0.259254180438                 0.0  
   0.260291203866                 0.0  
   0.261332359668                 0.0  
   0.262377707278                 0.0  
   0.263427216902                 0.0  
    0.26448091836                 0.0  
   0.265538842033                 0.0  
   0.266600987898                 0.0  
   0.267667386749                 0.0  
   0.268738069965                 0.0  
   0.269813006064                 0.0  
   0.270892258088                 0.0  
   0.271975826221                 0.0  
   0.273063742733                 0.0  
   0.274156007754                 0.0  
   0.275252620997                 0.0  
    0.27635363168                 0.0  
   0.277459056633                 0.0  
    0.27856887898                 0.0  
    0.27968316611                 0.0  
   0.280801901239                 0.0  
   0.281925101253                 0.0  
   0.283052800615                 0.0  
   0.284185016866                 0.0  
   0.285321749936                 0.0  
   0.286463035083                 0.0  
    0.28760889024                 0.0  
   0.288759333475                 0.0  
   0.289914364678                 0.0  
   0.291074020225                 0.0  
   0.292238318604                 0.0  
   0.293407278456                 0.0  
   0.294580899659                 0.0  
   0.295759219764                 0.0  
   0.296942257868                 0.0  
   0.298130033227                 0.0  
   0.299322545737                 0.0  
   0.300519834195                 0.0  
   0.301721918353                 0.0  
   0.302928798139                 0.0  
   0.304140513331                 0.0  
   0.305357084209                 0.0  
    0.30657851075                 0.0  
    0.30780483376                 0.0  
   0.309036053261                 0.0  
   0.310272189784                 0.0  
   0.311513285199                 0.0  
   0.312759339614                 0.0  
   0.314010374147                 0.0  
   0.315266410121                 0.0  
   0.316527469063                 0.0  
   0.317793594723                 0.0  
   0.319064765213                 0.0  
   0.320341024541                 0.0  
   0.321622395105                 0.0  
    0.32290887681                 0.0  
   0.324200514872                 0.0  
   0.325497309296                 0.0  
   0.326799306137                 0.0  
   0.328106505512                 0.0  
   0.329418930686                 0.0  
   0.330736605174                 0.0  
   0.332059552743                 0.0  
   0.333387773198                 0.0  
   0.334721339076                 0.0  
   0.336060226296                 0.0  
   0.337404459096                 0.0  
   0.338754086995                 0.0  
   0.340109084964                 0.0  
   0.341469528289                 0.0  
   0.342835417322                 0.0  
   0.344206751893                 0.0  
    0.34558358336                 0.0  
   0.346965911735                 0.0  
   0.348353789395                 0.0  
   0.349747189896                 0.0  
   0.351146192895                 0.0  
   0.352550771731                 0.0  
   0.353960980257                 0.0  
   0.355376818476                 0.0  
   0.356798313591                 0.0  
   0.358225521107                 0.0  
   0.359658413196                 0.0  
    0.36109704583                 0.0  
   0.362541447593                 0.0  
   0.363991589687                 0.0  
   0.365447558249                 0.0  
   0.366909353625                 0.0  
   0.368377005178                 0.0  
   0.369850512842                 0.0  
   0.371329906034                 0.0  
   0.372815214556                 0.0  
   0.374306499135                 0.0  
   0.375803698768                 0.0  
   0.377306936059                 0.0  
    0.37881614935                 0.0  
   0.380331432033                 0.0  
   0.381852752824                 0.0  
   0.383380142906                 0.0  
    0.38491366618                 0.0  
   0.386453322919                 0.0  
   0.387999145622                 0.0  
   0.389551134167                 0.0  
   0.391109354508                 0.0  
   0.392673773317                 0.0  
   0.394244491082                 0.0  
   0.395821440208                 0.0  
   0.397404756821                 0.0  
   0.398994372669                 0.0  
   0.400590356569                 0.0  
   0.402192708445                 0.0  
    0.40380146314                 0.0  
   0.405416691825                 0.0  
   0.407038359024                 0.0  
    0.40866650028                 0.0  
   0.410301151665                 0.0  
   0.411942349788                 0.0  
   0.413590131812                 0.0  
   0.415244497878                 0.0  
   0.416905485377                 0.0  
   0.418573094084                 0.0  
   0.420247400108                 0.0  
   0.421928364977                 0.0  
   0.423616104768                 0.0  
   0.425310541546                 0.0  
   0.427011792894                 0.0  
   0.428719859375                 0.0  
   0.430434740904                 0.0  
   0.432156477435                 0.0  
   0.433885109556                 0.0  
   0.435620637143                 0.0  
    0.43736310109                 0.0  
   0.439112584969                 0.0  
   0.440869004932                 0.0  
   0.442632487246                 0.0  
   0.444403032456                 0.0  
   0.446180640438                 0.0  
   0.447965354113                 0.0  
   0.449757217111                 0.0  
   0.451556229337                 0.0  
   0.453362479596                 0.0  
   0.455175923398                 0.0  
   0.456996605151                 0.0  
   0.458824615881                 0.0  
   0.460659910107                 0.0  
   0.462502533404                 0.0  
   0.464352579108                 0.0  
    0.46620995338                 0.0  
   0.468074797379                 0.0  
   0.469947111716                 0.0  
   0.471826896298                 0.0  
   0.473714199207                 0.0  
   0.475609069359                 0.0  
   0.477511506824                 0.0  
   0.479421561033                 0.0  
   0.481339231788                 0.0  
   0.483264569046                 0.0  
   0.485197623643                 0.0  
    0.48713844731                 0.0  
    0.48908698843                 0.0  
    0.49104335062                 0.0  
   0.493007534152   8.58643018037e-08  
   0.494979538549                 0.0  
   0.496959470212                 0.0  
   0.498947275454                 0.0  
    0.50094306216                 0.0  
   0.502946885801                 0.0  
   0.504958636151                 0.0  
   0.506978478729                 0.0  
    0.50900641424                 0.0  
   0.511042442618                 0.0  
   0.513086620388                 0.0  
   0.515138947285                 0.0  
   0.517199480546                 0.0  
   0.519268278468                 0.0  
   0.521345341199   8.76914164333e-08  
   0.523430727797   9.72078538249e-08  
   0.525524498426                 0.0  
   0.527626593036                 0.0  
   0.529737071145                 0.0  
   0.531855993396   8.94430822918e-08  
   0.533983421578                 0.0  
   0.536119356013                 0.0  
   0.538263859347                 0.0  
   0.540416931774                 0.0  
   0.542578572662                 0.0  
   0.544748909884   9.78976187043e-08  
   0.546927879032   9.77136983447e-08  
   0.549115609922                 0.0  
   0.551312070118   9.27394543452e-08  
   0.553517325448                 0.0  
   0.555731375711                 0.0  
   0.557954321622                 0.0  
   0.560186129508                 0.0  
    0.56242686716   1.99514857596e-07  
   0.564676568953   9.59724093596e-08  
   0.566935269508                 0.0  
   0.569203038998   9.67387941246e-08  
   0.571479842222   9.61859342188e-08  
   0.573765749586    1.9464842816e-07  
   0.576060832897   1.94568421696e-07  
   0.578365056043   2.07867412907e-07  
   0.580678527832                 0.0  
   0.583001248583   3.08078715442e-07  
   0.585333255065   1.99643464961e-07  
   0.587674584337   4.03918594309e-07  
   0.590025273757   7.04975295629e-07  
   0.592385360989   3.00695759554e-07  
    0.59475492255   2.07415701734e-07  
    0.59713391995   2.02469230805e-07  
   0.599522469205   4.07267656205e-07  
   0.601920570721   2.14859068478e-07  
   0.604328223989   2.15049423568e-07  
   0.606745547913   2.12941999549e-07  
   0.609172542992   4.31924634274e-07  
   0.611609208806   5.26549851532e-07  
   0.614055667248   4.28717247865e-07  
   0.616511877542   2.06858719524e-07  
   0.618977921892   3.28672962279e-07  
    0.62145384213   2.24190925116e-07  
   0.623939680483   5.52438223746e-07  
    0.62643543682   4.53592270298e-07  
   0.628941153152   4.38678555153e-07  
   0.631456915341   2.25873822231e-07  
   0.633982767257   6.80974978114e-07  
   0.636518664907   1.16023203862e-06  
   0.639064739921   9.48728530447e-07  
   0.641621037484   5.92158142226e-07  
   0.644187512807   6.83664009719e-07  
   0.646764255413   4.74461213818e-07  
   0.649351310787    7.1064328616e-07  
   0.651948724887   1.58416324853e-06  
   0.654556497467   1.69122441925e-06  
   0.657174721394   8.58697212645e-07  
   0.659803444093   1.09863730256e-06  
    0.66244266568   1.58788287491e-06  
   0.665092433462   6.09295663059e-07  
   0.667752795259   8.42705544444e-07  
   0.670423799416   8.65311558804e-07  
    0.67310549481   5.18858358807e-07  
   0.675797930866   1.21210790924e-07  
   0.678501107401   3.82841176348e-07  
   0.681215124321   7.89125961777e-07  
   0.683939981772                 0.0  
   0.686675730236   2.56457273461e-07  
   0.689422420776   2.49021783368e-07  
   0.692180105052   5.17668327021e-07  
   0.694948835326   3.67207394863e-07  
   0.697728664482    3.7955489034e-07  
   0.700519539089   1.24739895293e-07  
   0.703321618534   2.60255402251e-07  
   0.706134903276   2.75652933088e-07  
   0.708959447472   5.44769666393e-07  
   0.711795305937   2.73242014725e-07  
   0.714642478514   6.96946733552e-07  
   0.717501076141   1.39187358015e-07  
   0.720371042598   5.80400344026e-07  
   0.723252546752   2.77543025482e-07  
   0.726145531988   4.11616196687e-07  
   0.729050112501    1.5578762107e-07  
   0.731966346677   5.79431160879e-07  
   0.734894175957   2.95476037765e-07  
   0.737833776058    4.0102045624e-07  
   0.740785088054   4.48939698108e-07  
   0.743748230808    3.0033372513e-07  
   0.746723265124    7.3483757646e-07  
   0.749710130124   5.62118335476e-07  
   0.752708947032    5.5721617139e-07  
   0.755719839845   2.80264909636e-07  
   0.758742684465   1.32195663051e-07  
   0.761777667799   2.82799442208e-07  
   0.764824790406   4.59736315799e-07  
   0.767884051683   5.68062446852e-07  
   0.770955579374   5.67635224099e-07  
   0.774039438886   8.94818476662e-07  
   0.777135564917   4.52702467925e-07  
    0.78024415422   5.63533270515e-07  
   0.783365074359   4.50995763006e-07  
   0.786498591855   4.73597542705e-07  
   0.789644572959   5.73895738493e-07  
   0.792803152342   3.12435734195e-07  
   0.795974329745   2.85883736733e-07  
   0.799158242868   4.05802711717e-07  
   0.802354892328   5.88560348106e-07  
   0.805564277528   1.34789256141e-07  
   0.808786539182   7.40095269772e-07  
    0.81202167761   3.11505452141e-07  
    0.81526976432   5.90328587679e-07  
   0.818530871882    4.9035911631e-07  
   0.821805000353   2.84267625657e-07  
   0.825092222719   6.00372677646e-07  
   0.828392613059    2.9420287471e-07  
   0.831706171199   5.63122625744e-07  
   0.835032971668    1.5175070298e-06  
   0.838373090129   5.89176426781e-07  
   0.841726603405   9.36548274445e-07  
   0.845093511678   2.96172176089e-07  
   0.848473892288   6.29845779979e-07  
   0.851867744698   1.24352645067e-06  
   0.855275226474    6.4118016528e-07  
   0.858696338263    1.3756350522e-06  
     0.8621311604   7.72774255491e-07  
   0.865579692848   2.05769265786e-06  
   0.869042016538   1.90677094434e-06  
   0.872518130734   1.13230408032e-06  
   0.876008200591   1.90350768113e-06  
   0.879512226677   1.60991518365e-06  
   0.883030293186   1.48722568464e-06  
   0.886562400028   4.93783099727e-07  
   0.890108632087   1.52000135949e-06  
   0.893669075629   8.58659414744e-07  
   0.897243818335   1.88008076817e-06  
   0.900832772471   2.57013636079e-06  
   0.904436113504   1.38698742306e-06  
   0.908053841492   2.59415579732e-06  
   0.911686045672   1.95901245034e-06  
    0.91533281677   1.07548411723e-06  
   0.918994155003   1.42485641876e-06  
   0.922670059186   6.84812382444e-07  
   0.926360807225   9.11068573858e-07  
   0.930066213277   2.62286143218e-06  
   0.933786464124   2.51630196041e-06  
   0.937521655387    1.6767641951e-06  
   0.941271691238   1.81575711865e-06  
    0.94503676327   3.62518626781e-06  
   0.948816969728   1.60863706544e-06  
   0.952612212787   1.43380273536e-06  
   0.956422689039    5.5829298465e-07  
    0.96024839901   1.07608871058e-06  
   0.964089341764   1.78090757061e-07  
   0.967945719061   3.78589874994e-07  
   0.971817531867   2.00142844732e-07  
   0.975704779678   1.10148198756e-06  
   0.979607565052   3.90792502933e-07  
   0.983525992373   7.62965202462e-07  
    0.98746016788   5.50296760326e-07  
    0.99140998551   4.01240931031e-07  
   0.995375550182   2.01658967033e-07  
   0.999357077529   5.68481166085e-07  
    1.00335456921   1.81493614478e-07  
     1.0073679148    6.0632793255e-07  
    1.01139744463   5.72512249284e-07  
    1.01544304873    6.1909207519e-07  
    1.01950483853                 0.0  
    1.02358281331   1.77138469913e-07  
    1.02767708587                 0.0  
    1.03178788711   6.06797218476e-07  
    1.03591498602   7.76211140959e-07  
    1.04005861403   3.98028993574e-07  
    1.04421888967   1.91824319318e-07  
     1.0483958139   7.88819705192e-07  
    1.05258938609   2.13212377449e-07  
    1.05679972569   4.10369824177e-07  
    1.06102695441   2.12508569603e-07  
    1.06527107257                 0.0  
     1.0695320789   7.95082893552e-07  
    1.07381022173   6.11922154016e-07  
    1.07810550248   1.98382779598e-07  
    1.08241792093   6.36200464989e-07  
    1.08674760389   4.22032240317e-07  
    1.09109455089   2.23087845815e-07  
    1.09545895593   5.98284558656e-07  
    1.09984075394   2.30099577717e-07  
    1.10424014184   4.03679771769e-07  
    1.10865712028   3.94606233156e-07  
    1.11309168825   2.02687245725e-07  
    1.11754411518   4.79051310191e-07  
    1.12201426596                 0.0  
    1.12650234506   2.20725724607e-07  
    1.13100835277   2.02685452083e-07  
    1.13553235792   2.00118899507e-07  
    1.14007450061    2.0845820007e-07  
    1.14463478098   8.76412187685e-07  
    1.14921334131     2.047830862e-07  
    1.15381018168   2.31391197846e-07  
    1.15842544658   8.74211062189e-07  
    1.16305913603   2.27917624592e-07  
    1.16771132256   6.48066701121e-07  
    1.17238222901   6.93755660324e-07  
     1.1770717062   2.09953495035e-07  
    1.18178005487   2.28033135995e-07  
    1.18650712344   2.32506378501e-07  
    1.19125314023   1.13948670221e-06  
    1.19601818322   7.06492018054e-07  
    1.20080225251                 0.0  
    1.20560542555   8.81283884504e-07  
     1.2104278603   8.92088740988e-07  
    1.21526955699   8.43969733037e-07  
    1.22013067626   4.89861609076e-07  
    1.22501121851   1.11976984925e-06  
    1.22991126469   7.14260098771e-07  
    1.23483089651   6.93633449995e-07  
    1.23977019641   9.09004656856e-07  
    1.24472933202   1.84930932592e-06  
    1.24970821917   4.42767036902e-07  
    1.25470702642   1.77089992148e-06  
    1.25972583937   1.56767076679e-06  
    1.26476474446   6.89792580008e-07  
    1.26982382899    1.1658163773e-06  
    1.27490309256   1.18371805165e-06  
    1.28000271133   8.86684277437e-07  
    1.28512277523   4.66477691209e-07  
     1.2902632844   4.62535435339e-07  
    1.29542432843   1.23633835679e-06  
    1.30060599784   9.95929443551e-07  
    1.30580838408    1.9132085605e-06  
     1.3110316732   1.18248019041e-06  
    1.31627577206   1.43966748918e-06  
    1.32154086795    5.6863358595e-07  
    1.32682705626   1.50116646486e-06  
    1.33213433675   7.66701090914e-07  
    1.33746290205   8.07168814052e-07  
    1.34281275249   4.97480421702e-07  
    1.34818398535   2.75571532587e-06  
    1.35357669902   7.32791072681e-07  
    1.35899099299   1.31732798067e-06  
    1.36442696787   1.89414394411e-06  
    1.36988472544   5.37393540609e-07  
    1.37536426557   1.31237280849e-06  
    1.38086568994   1.11929020308e-06  
     1.3863892061   2.78411861995e-06  
    1.39193470951   7.99808688425e-07  
    1.39750240935   8.27095354269e-07  
    1.40309251941                 0.0  
    1.40870482573   1.11098393075e-06  
    1.41433965025   1.12991083136e-06  
    1.41999699353    1.0672228577e-06  
    1.42567696474   8.21219438922e-07  
    1.43137967438   8.48176226231e-07  
    1.43710523432   2.28429247757e-06  
    1.44285364441   5.27821601121e-07  
    1.44862501663   1.40749706043e-06  
     1.4544195796                 0.0  
    1.46023721857   5.54149607909e-07  
    1.46607816418   5.38068022696e-07  
    1.47194253421   1.12467749222e-06  
      1.477830329   3.12837961671e-07  
    1.48374154662   9.24343066987e-07  
    1.48967654556   2.96872571881e-07  
    1.49563532798   2.75229412919e-07  
    1.50161777091   5.79359650374e-07  
    1.50762424051   8.62449756548e-07  
    1.51365473797                 0.0  
    1.51970938801   2.99851407744e-07  
    1.52578819019   5.43844721003e-07  
    1.53189139745                 0.0  
    1.53801901079                 0.0  
    1.54417102887   5.67204797876e-07  
    1.55034770985   2.69050130766e-07  
    1.55654905389   1.20387380579e-06  
    1.56277532485   2.93149107187e-07  
    1.56902639034   9.12859207446e-07  
    1.57530251691    5.6477961754e-07  
    1.58160370472   2.85645072299e-07  
    1.58793008889                 0.0  
    1.59428180649   8.50398372215e-07  
    1.60065899655   2.90285090141e-07  
    1.60706165945   5.60565642197e-07  
    1.61348993491   2.90017486726e-07  
    1.61994382173   5.92456119315e-07  
    1.62642360449   1.92853611144e-06  
    1.63292928386   5.82344568359e-07  
    1.63946100449                 0.0  
     1.6460189132     3.353307562e-07  
     1.6526028614   5.91500431624e-07  
    1.65921329316   9.15632937133e-07  
    1.66585021079                 0.0  
    1.67251361406   1.53315331498e-06  
    1.67920365382   1.86190804955e-06  
    1.68592048325   2.18600805839e-06  
    1.69266410175   2.91630552372e-07  
    1.69943482084    6.0800557918e-07  
    1.70623248366   9.62269110113e-07  
    1.71305740532   6.66061112913e-07  
     1.7199097473   1.94136320832e-06  
    1.72678934875   1.83614724089e-06  
    1.73369653225   1.56771000901e-06  
    1.74063129799    1.2919340085e-06  
    1.74759380992   2.82103905844e-06  
    1.75458423461   9.45174820158e-07  
    1.76160257222   9.39496534694e-07  
    1.76864899066   3.13358359441e-07  
    1.77572348875    1.9444264947e-06  
    1.78282640892   1.63986840163e-06  
     1.7899577528   2.02275976877e-06  
    1.79711751932    2.8676026246e-06  
    1.80430605936   2.30345108072e-06  
    1.81152319598   2.26561984064e-06  
    1.81876928446   3.31888190696e-06  
    1.82604450707   1.99130778323e-06  
    1.83334868291   2.99665442077e-06  
     1.8406819916   1.64739123481e-06  
    1.84804480185   3.06072499333e-06  
    1.85543692875   2.37447236687e-06  
     1.8628585567   2.40073073854e-06  
    1.87031006382   5.60537236489e-06  
    1.87779126121   3.86191861531e-06  
    1.88530253195   3.18913771934e-06  
    1.89284368298   1.04451887926e-06  
    1.90041510239   2.13399331216e-06  
    1.90801679125   2.52700963658e-06  
    1.91564874769   2.51825268548e-06  
    1.92331136998   3.69440372621e-06  
    1.93100465998    4.0730731919e-06  
    1.93872861661    3.3975473161e-06  
    1.94648364868   2.66221763624e-06  
    1.95426955095   2.99607422681e-06  
    1.96208652804   4.30915501185e-06  
    1.96993499966   3.79166285767e-06  
    1.97781475664   3.91643847255e-07  
    1.98572600968   1.54518175753e-06  
    1.99366875669   2.61407955727e-06  
    2.00164342911   2.73791408684e-06  
    2.00965002913   2.74820567264e-06  
     2.0176887777   1.52806694707e-06  
    2.02575945264   3.75570495369e-06  
    2.03386249764   2.81210098879e-06  
    2.04199791323   1.52275397989e-06  
    2.05016592587   8.26376912046e-07  
    2.05836653531   1.49214253894e-06  
    2.06659997086   2.34086595045e-06  
    2.07486646606   3.14830944377e-06  
    2.08316602235   4.20796384107e-06  
    2.09149863802   2.56319227463e-06  
    2.09986454834   2.61524938533e-06  
    2.10826399303   2.29658825428e-06  
    2.11669697217   2.57721595918e-06  
    2.12516397475   3.78478394214e-06  
    2.13366451009   3.69794670963e-06  
    2.14219906852   3.06262802314e-06  
    2.15076790095   4.59749625775e-06  
    2.15937100899   4.91106842847e-06  
    2.16800864708   6.52022014396e-06  
    2.17668055826   3.89134019122e-06  
    2.18538725457   7.75294076114e-06  
    2.19412886786   8.67105087019e-06  
     2.2029053986   1.46124342666e-05  
    2.21171697719   1.05824810327e-05  
    2.22056386918   1.09886587732e-05  
    2.22944607449   1.20624055904e-05  
     2.2383638626   1.52600606691e-05  
    2.24731737067   1.74344667219e-05  
    2.25630659816   2.58513300648e-05  
    2.26533182065   1.82874758149e-05  
    2.27439317825   2.10243531386e-05  
    2.28349081208   2.41139277714e-05  
    2.29262472114   3.80132584149e-05  
    2.30179518955   4.02722692194e-05  
    2.31100236161   3.90455870997e-05  
    2.32024638274   5.12630764605e-05  
    2.32952739949   3.68159500874e-05  
    2.33884555955   4.90799789522e-05  
     2.3482008616   4.85084194675e-05  
    2.35759375493    5.8873004558e-05  
     2.3670240892   6.34646394498e-05  
    2.37649216717   7.59713125783e-05  
    2.38599814264   6.92348876703e-05  
    2.39554217071   7.23231473546e-05  
    2.40512425024    6.7932931132e-05  
    2.41474485293   5.35866824282e-05  
     2.4244038215   3.07309863051e-05  
    2.43410131268   4.11508763805e-05  
    2.44383780997   5.01926731956e-05  
    2.45361315272   4.18211839162e-05  
    2.46342750192   4.68590529728e-05  
    2.47328135334   5.46406794675e-05  
    2.48317437503   5.67302078232e-05  
    2.49310706713   4.73558814677e-05  
     2.5030796008   3.50649325836e-05  
    2.51309180473   3.74235916848e-05  
    2.52314419199   3.83994067105e-05  
    2.53323676388   2.63439822099e-05  
    2.54336969409   2.88041805226e-05  
      2.553543158   2.86087752035e-05  
    2.56375733277   2.88857247337e-05  
    2.57401239734   3.14500303861e-05  
    2.58430853246   2.47155210185e-05  
    2.59464573736   2.23051732393e-05  
    2.60502437702   3.09801426585e-05  
    2.61544445152   2.23976856081e-05  
    2.62590614476   2.30936787133e-05  
    2.63640983195   2.62581886716e-05  
    2.64695551462   1.95624083377e-05  
    2.65754319028   1.54705377581e-05  
    2.66817343412   1.89759480947e-05  
    2.67884605387   2.04779089839e-05  
    2.68956143808   2.19634310223e-05  
    2.70031978513   2.35297413465e-05  
    2.71112109538   2.04604907994e-05  
     2.7219655669   2.17782755346e-05  
    2.73285339999   1.56066455952e-05  
    2.74378479725   1.72414286682e-05  
    2.75475996361   1.25587303792e-05  
    2.76577889803   1.66578257538e-05  
     2.7768420153    1.7354026033e-05  
    2.78794952761   1.83939929274e-05  
    2.79910122283   2.63330656713e-05  
    2.81029773829   2.08829414418e-05  
    2.82153886012   1.35029102542e-05  
    2.83282501905   1.63677818375e-05  
    2.84415621465   1.98144881031e-05  
    2.85553288641   1.72637347491e-05  
     2.8669550358   1.27551358586e-05  
    2.87842288562   2.02869684225e-05  
    2.88993666146   2.10499653008e-05  
    2.90149636242   1.71261054991e-05  
    2.91310221432   2.24686638183e-05  
    2.92475467888   1.55303246481e-05  
    2.93645375843   1.96800804764e-05  
    2.94819945083   1.92032324231e-05  
    2.95999246544   1.77412089499e-05  
    2.97183232698   1.94393491447e-05  
    2.98371975291   1.77513688894e-05  
    2.99565450142   1.68334647661e-05  
    3.00763705757   7.96761626641e-06  
    3.01966766914   1.15211031844e-05  
    3.03174633682   1.68101117579e-05  
     3.0438733091   1.72108279091e-05  
    3.05604883781    1.6833121251e-05  
    3.06827292179     1.170933823e-05  
    3.08054607218   8.64611609178e-06  
    3.09286829073   7.77161816315e-06  
    3.10523983715   8.53326865532e-06  
       3.11766071   8.80329370788e-06  
    3.13013143684   6.46208811925e-06  
     3.1426520194   2.01443334797e-05  
     3.1552224546   6.78381924709e-06  
    3.16784328125   7.70407515097e-06  
    3.18051477514   1.33432470853e-05  
    3.19323693827   9.46944763186e-06  
    3.20600976777   1.33353461478e-05  
    3.21883382034   5.59724251997e-06  
    3.23170909668   1.13641604958e-05  
    3.24463587936   1.13104419892e-05  
    3.25761445513   1.36208093845e-05  
    3.27064511496   5.88655260935e-06  
    3.28372756669   8.93041030393e-06  
    3.29686239202   6.34965012276e-06  
    3.31004988796   1.27019169066e-05  
    3.32329005515   8.32764995797e-06  
    3.33658319242   8.50384960856e-06  
    3.34992960313   5.82767032458e-06  
    3.36332928717   7.08250558342e-06  
    3.37678254987   7.31440030872e-06  
    3.39028970127   6.65583510755e-06  
    3.40385105624   1.59727437352e-05  
    3.41746629822   4.41395373208e-06  
    3.43113637807   8.62980422546e-06  
    3.44486065569    8.6314810397e-06  
    3.45864009442   1.22833936746e-05  
    3.47247469798   7.44197907033e-06  
    3.48636479597   1.04981250227e-05  
    3.50031005569    8.0277122255e-06  
    3.51431147419   8.91388975678e-06  
    3.52836871873   6.77298856967e-06  
    3.54248212415   6.22738670406e-06  
    3.55665203068   8.75877915119e-06  
    3.57087878411   8.63838029907e-06  
    3.58516203559   7.41718743729e-06  
    3.59950283138    8.5684253215e-06  
    3.61390082286   9.11006848054e-06  
    3.62835636186   8.99519180425e-06  
    3.64286980603   3.23667048526e-06  
    3.65744115459   5.65238799273e-06  
     3.6720711358   9.53167377903e-06  
    3.68675938494   4.91589808829e-06  
    3.70150626634   8.47568647291e-06  
    3.71631252674     1.005330524e-05  
    3.73117779346   9.04753157897e-06  
    3.74610244067   1.23066208418e-05  
     3.7610868489   5.82007484689e-06  
    3.77613101678   7.79336624048e-06  
    3.79123572024   1.16156197815e-05  
    3.80640057035   9.47706804838e-06  
    3.82162635332   1.65040625144e-05  
     3.8369126718   8.02004749419e-06  
    3.85226032249    1.1729700257e-05  
    3.86766930695   9.53287008206e-06  
    3.88314003164   1.61698649249e-05  
    3.89867249609   1.16552314948e-05  
    3.91426752862    8.9778000344e-06  
    3.92992429535   1.18104816302e-05  
    3.94564404997   1.27249223832e-05  
    3.96142679819   1.58530568317e-05  
    3.97727253972   1.17885142202e-05  
    3.99318170256   1.93512745776e-05  
    4.00915428459   9.28420894693e-06  
    4.02519071885   9.19834501933e-06  
    4.04129144627   1.43683171577e-05  
     4.0574569158   1.31220672041e-05  
    4.07368668043   1.84193303843e-05  
    4.08998118387   1.44002448118e-05  
    4.10634133737   1.65948819844e-05  
    4.12276668611   1.41537937399e-05  
    4.13925768777   1.09169913582e-05  
     4.1558148085   1.44589576038e-05  
    4.17243804884   8.64452243802e-06  
    4.18912788102   1.52349047321e-05  
    4.20588430424   1.89982673778e-05  
    4.22270779694   1.80727173797e-05  
    4.23959884661    1.1874838866e-05  
    4.25655696277   1.77723557169e-05  
    4.27358312521   1.41707991944e-05  
    4.29067733583   1.20876489839e-05  
    4.30784009553   2.21312472382e-05  
    4.32507140516   1.62064202342e-05  
    4.34237177264   2.45860143421e-05  
    4.35974119784   2.06411749545e-05  
    4.37718045687   1.49670666876e-05  
    4.39468902883   1.55097346347e-05  
    4.41226796031   1.85809601706e-05  
    4.42991698849   1.68679657671e-05  
    4.44763664356   1.58326142838e-05  
    4.46542719446   1.46942985052e-05  
    4.48328891197   1.49672959205e-05  
    4.50122206872   2.42586557389e-05  
    4.51922693926   1.65817178779e-05  
    4.53730380009    1.8485479376e-05  
    4.55545292971    1.7468425363e-05  
    4.57367489354    1.9944202512e-05  
     4.5919694066   1.76503699683e-05  
    4.61033732575   2.34328128372e-05  
    4.62877865296   1.98082324597e-05  
     4.6472939715   1.94973574989e-05  
    4.66588298672   1.81135849097e-05  
    4.68454658297    1.3860191514e-05  
     4.7032847621   2.13063126704e-05  
     4.7220978225   1.92797419852e-05  
    4.74098637113   2.62238591988e-05  
    4.75995010145   2.21325345382e-05  
    4.77898993408   2.66510216101e-05  
    4.79810587133   1.51252686608e-05  
    4.81729854038   2.43247504806e-05  
    4.83656762537   3.12521546304e-05  
     4.8559137564   1.73108787686e-05  
    4.87533757653   2.02507380879e-05  
    4.89483876301   2.63016012638e-05  
    4.91441829106   1.23039073027e-05  
    4.93407583344   1.84630633411e-05  
     4.9538123818   2.73478867765e-05  
    4.97362760448   3.31315173574e-05  
    4.99352183074   3.36994509307e-05  
    5.01349607765   3.61555296041e-05  
    5.03355000696   1.81039927274e-05  
    5.05368430539   1.96294616415e-05  
    5.07389897276   2.40015147038e-05  
    5.09419470807   3.00344620684e-05  
    5.11457151245   1.48214046899e-05  
     5.1350297384   1.95452713332e-05  
    5.15556974197   2.49070316422e-05  
    5.17619188281   2.52318480934e-05  
    5.19689689217   2.67139927874e-05  
    5.21768440439   2.10610026368e-05  
    5.23855515541   2.28578285207e-05  
    5.25950952014   2.98383785098e-05  
    5.28054749769   2.49053658312e-05  
    5.30166946194   1.85377703013e-05  
    5.32287617669   3.74437964307e-05  
     5.3441676442   2.82733270246e-05  
    5.36554464285   3.05900948702e-05  
    5.38700678205    3.5473317212e-05  
    5.40855484569   2.49004684766e-05  
    5.43018883146   3.78411725936e-05  
     5.4519095384   2.95429077227e-05  
    5.47371737491   3.07528820632e-05  
    5.49561234274   2.55654277012e-05  
    5.51759443527   2.87475370972e-05  
    5.53966489128   2.45808284611e-05  
    5.56182371703   2.80482572173e-05  
    5.58407091037   3.38082983616e-05  
    5.60640731682   2.95284675872e-05  
    5.62883293749   2.15691823268e-05  
    5.65134819992   2.13386583421e-05  
    5.67395353681      3.13269989e-05  
    5.69664938618   4.47565290466e-05  
    5.71943619141   3.07804677081e-05  
    5.74231350316   2.60797721765e-05  
     5.7652831125   3.30058895297e-05  
    5.78834412131   2.04358867338e-05  
    5.81149743365   2.89012747407e-05  
    5.83474351021   3.71169233994e-05  
    5.85808235018   2.92415902008e-05  
    5.88151488606   1.84608834827e-05  
    5.90504064664   3.00521262804e-05  
    5.92866105146    3.6916280544e-05  
    5.95237562645     4.844698645e-05  
    5.97618533246   3.58251223701e-05  
    6.00008968111   3.89295350442e-05  
    6.02409013633   3.45366272224e-05  
     6.0481867053   2.91777519958e-05  
    6.07237938609   3.76904728381e-05  
     6.0966686737    4.7105153522e-05  
    6.12105558018   3.85655507518e-05  
    6.14553959755   5.29090860092e-05  
    6.17012174768   2.89260645765e-05  
    6.19480255328   3.65635465643e-05  
    6.21958149061   3.59251377802e-05  
    6.24446013397   5.83283065012e-05  
    6.26943795744   4.06487121762e-05  
    6.29451548781   6.32421016852e-05  
    6.31969380334   6.32753319171e-05  
    6.34497236227   4.32485011132e-05  
    6.37035225392    4.5581692748e-05  
    6.39583347869   4.76439969339e-05  
    6.42141715049   4.41285057685e-05  
    6.44710271082   4.75319392905e-05  
    6.47289128537   3.86255427087e-05  
    6.49878287572   4.52139647381e-05  
    6.52477805342    5.7617359692e-05  
      6.550876814   6.17565936705e-05  
    6.57708032125   6.68166969851e-05  
    6.60338857865   5.62142082481e-05  
    6.62980217829   4.99903028243e-05  
     6.6563217212    6.4568921262e-05  
    6.68294660092   5.75706238716e-05  
    6.70967863407   5.55818927464e-05  
    6.73651721316   4.80950758472e-05  
    6.76346356996   4.48911852213e-05  
    6.79051708144   4.60720102903e-05  
    6.81767899338   5.27537021029e-05  
    6.84494994327     5.648712729e-05  
    6.87232993526   5.85352347076e-05  
    6.89981896307   4.73738004488e-05  
    6.92741831705   4.12934171931e-05  
    6.95512800081    3.8030212296e-05  
    6.98294867158   6.10178582305e-05  
    7.01088032757   3.71854372872e-05  
     7.0389236311   4.50443580164e-05  
    7.06707925516   4.84233202311e-05  
    7.09534788362   4.11968785791e-05  
    7.12372952024   4.29083888593e-05  
    7.15222415796   4.08620192082e-05  
    7.18083318331   3.70609140243e-05  
    7.20955660066   5.31843211624e-05  
    7.23839440342   3.05677856582e-05  
    7.26734801256   4.39517345316e-05  
     7.2964174335   5.13532922226e-05  
    7.32560339154   5.87880720531e-05  
     7.3549058873   5.65215449953e-05  
    7.38432565288   4.78414433888e-05  
    7.41386268406   5.08462969706e-05  
    7.44351771988   5.28514761024e-05  
    7.47329227265   3.96860746591e-05  
    7.50318559143   3.57771226852e-05  
    7.53319843542   5.88566589661e-05  
    7.56333079768   3.95128759913e-05  
    7.59358423039   3.89446033934e-05  
    7.62395874079   3.65174604067e-05  
    7.65445432458   3.85306948351e-05  
    7.68507177011   4.03658763187e-05  
    7.71581269039   5.64685220204e-05  
    7.74667546895    5.7154524426e-05  
    7.77766254505   5.66049478983e-05  
    7.80877310258   2.96577345171e-05  
    7.84000796151   5.26964764681e-05  
    7.87136795637   3.95531300567e-05  
    7.90285393657   3.63806511688e-05  
    7.93446505168   3.62813853633e-05  
    7.96620300486   4.72307352067e-05  
    7.99806779953   5.32592466296e-05  
    8.03006030517   6.38305298074e-05  
     8.0621805217   4.40799586198e-05  
    8.09442932911   3.92160071476e-05  
    8.12680672387   5.84700938384e-05  
    8.15931359673   5.95014826153e-05  
    8.19195085476    5.6655555318e-05  
    8.22471942171   7.15761638143e-05  
    8.25761745204   5.11333939477e-05  
    8.29064864545   5.27044651746e-05  
    8.32381114603   4.97871526283e-05  
    8.35710587897   5.48956167641e-05  
    8.39053474565   6.02010273881e-05  
    8.42409679606   5.64508961861e-05  
    8.45779298527   5.31462622248e-05  
    8.49162428634   5.70054862031e-05  
    8.52559070065   5.34653989611e-05  
    8.55969321454   5.24852431455e-05  
    8.59393182709   5.29851442106e-05  
    8.62830753824   7.06684742262e-05  
    8.66282136702    5.5090996991e-05  
    8.69747229125   5.34375476887e-05  
    8.73226235834   4.00749945658e-05  
    8.76719105115   4.34062330062e-05  
    8.80225993308   5.98582274332e-05  
    8.83746900884   4.54493985419e-05  
    8.87281880584   5.21333638075e-05  
    8.90830985498   5.80234773074e-05  
    8.94394323548   4.44489637453e-05  
    8.97971894935   4.97716904049e-05  
      9.015638092   4.18749670558e-05  
    9.05170066437   3.99219684473e-05  
    9.08790721605   4.59777155474e-05  
    9.12425886751   5.50734252365e-05  
    9.16075618987   4.99013762585e-05  
     9.1973991825    3.8686602232e-05  
    9.23418841136   4.34542769981e-05  
    9.27112561745   3.89559870197e-05  
    9.30820963329   3.97731627225e-05  
    9.34544280832   4.00413364695e-05  
    9.38282455567   5.05339745166e-05  
    9.42035546382   5.39940897442e-05  
    9.45803734441   3.29997992586e-05  
    9.49586959654   4.81797048492e-05  
    9.53385282337   4.78973178606e-05  
    9.57198825704   3.47075300192e-05  
    9.61027589683   3.99340314705e-05  
    9.64871699537    3.4789228183e-05  
    9.68731219181   4.01661876913e-05  
    9.72606148678   6.22483806838e-05  
     9.7649655154   3.71539442877e-05  
    9.80402557306    4.4482957336e-05  
    9.84324166221   4.42543410112e-05  
    9.88261443541     4.262473776e-05  
    9.92214522171    3.8322679849e-05  
    9.96183335024   3.67852322519e-05  
    10.0016808383   3.61185804597e-05  
     10.041687693   4.70285677646e-05  
    10.0818545982   6.25700990534e-05  
    10.1221815468   6.16447524376e-05  
    10.1626706261   4.07484670676e-05  
    10.2033211391   7.32019898127e-05  
    10.2441344948   0.000605010396991  
