      wave_micron            flux_mjy  
  0.0151862453319                 0.0  
  0.0152415497594                 0.0  
  0.0153025154167                 0.0  
  0.0153637250122                 0.0  
   0.015425180221                 0.0  
  0.0154868810502                 0.0  
  0.0155488291952                 0.0  
  0.0156110246563                 0.0  
    0.01567346915                 0.0  
  0.0157361626703                 0.0  
  0.0157991069548                 0.0  
   0.015862303773                 0.0  
  0.0159257531313                 0.0  
  0.0159894550112                 0.0  
  0.0160534130204                 0.0  
  0.0161176271782                 0.0  
    0.01618209748                 0.0  
  0.0162468257657                 0.0  
  0.0163118139096                 0.0  
  0.0163770600225                 0.0  
  0.0164425678735                 0.0  
  0.0165083393984                 0.0  
  0.0165743726785                 0.0  
  0.0166406696301                 0.0  
  0.0167072322062                 0.0  
  0.0167740623974                 0.0  
  0.0168411572105                 0.0  
   0.016908522642                 0.0  
  0.0169761566919                 0.0  
  0.0170440613842                 0.0  
  0.0171122377454                 0.0  
  0.0171806857636                 0.0  
  0.0172494085612                 0.0  
  0.0173184061489                 0.0  
  0.0173876806522                 0.0  
  0.0174572310007                 0.0  
  0.0175270593267                 0.0  
  0.0175971678042                 0.0  
  0.0176675564402                 0.0  
  0.0177382274428                 0.0  
  0.0178091796948                 0.0  
  0.0178804165444                 0.0  
  0.0179519379969                 0.0  
  0.0180237463309                 0.0  
  0.0180958415518                 0.0  
  0.0181682248063                 0.0  
  0.0182408972502                 0.0  
  0.0183138612366                 0.0  
  0.0183871167722                 0.0  
  0.0184606650422                 0.0  
  0.0185345072419                 0.0  
  0.0186086458034                 0.0  
  0.0186830795002                 0.0  
  0.0187578120217                 0.0  
  0.0188328433799                 0.0  
   0.018908174824                 0.0  
  0.0189838076149                 0.0  
  0.0190597430247                 0.0  
  0.0191359823377                 0.0  
  0.0192125255433                 0.0  
  0.0192893765535                 0.0  
  0.0193665340651                 0.0  
  0.0194439993799                 0.0  
  0.0195217751624                 0.0  
  0.0195998627725                 0.0  
  0.0196782622126                 0.0  
  0.0197569748375                 0.0  
  0.0198360034085                 0.0  
  0.0199153465324                 0.0  
  0.0199950084036                 0.0  
  0.0200749890399                 0.0  
  0.0201552884287                 0.0  
  0.0202359094264                 0.0  
  0.0203168534892                 0.0  
  0.0203981206156                 0.0  
   0.020479713743                 0.0  
  0.0205616313812                 0.0  
  0.0206438779969                 0.0  
  0.0207264536059                 0.0  
  0.0208093597257                 0.0  
  0.0208925978913                 0.0  
  0.0209761680966                 0.0  
  0.0210600718742                 0.0  
  0.0211443123573                 0.0  
  0.0212288895558                 0.0  
  0.0213138050564                 0.0  
   0.021399060464                 0.0  
  0.0214846574026                 0.0  
  0.0215705958681                 0.0  
   0.021656877484                 0.0  
  0.0217435055676                 0.0  
  0.0218304801344                 0.0  
  0.0219178011671                 0.0  
  0.0220054720439                 0.0  
  0.0220934944899                 0.0  
  0.0221818685095                 0.0  
  0.0222705958296                 0.0  
  0.0223596781988                 0.0  
  0.0224491173879                 0.0  
  0.0225389133917                 0.0  
  0.0226290697965                 0.0  
  0.0227195847868                 0.0  
  0.0228104638233                 0.0  
  0.0229017050792                 0.0  
  0.0229933122501                 0.0  
  0.0230852853412                 0.0  
  0.0231776262249                 0.0  
  0.0232703367986                 0.0  
  0.0233634189851                 0.0  
  0.0234568727853                 0.0  
  0.0235507001277                 0.0  
  0.0236449029677                 0.0  
  0.0237394812916                 0.0  
  0.0238344410841                 0.0  
  0.0239297783475                 0.0  
  0.0240254970945                 0.0  
  0.0241215993701                 0.0  
  0.0242180851719                 0.0  
  0.0243149586469                 0.0  
   0.024412217708                 0.0  
  0.0245098665449                 0.0  
  0.0246079051568                 0.0  
   0.024706337828                 0.0  
  0.0248051624068                 0.0  
  0.0249043832227                 0.0  
  0.0250040002793                 0.0  
  0.0251040180052                 0.0  
  0.0252044341848                 0.0  
  0.0253052510271                 0.0  
  0.0254064730603                 0.0  
   0.025508098007                 0.0  
  0.0256101304453                 0.0  
  0.0257125703795                 0.0  
  0.0258154201345                 0.0  
  0.0259186820709                 0.0  
  0.0260223585857                 0.0  
  0.0261264472785                 0.0  
  0.0262309529415                 0.0  
  0.0263358755693                 0.0  
  0.0264412200677                 0.0  
  0.0265469839736                 0.0  
  0.0266531722503                 0.0  
   0.026759784909                 0.0  
  0.0268668244763                 0.0  
  0.0269742909428                 0.0  
  0.0270821894517                 0.0  
  0.0271905174168                 0.0  
  0.0272992800437                 0.0  
   0.027408477344                 0.0  
  0.0275181119692                 0.0  
  0.0276281839109                 0.0  
  0.0277386958433                 0.0  
  0.0278496504844                 0.0  
  0.0279610505974                 0.0  
    0.02807289341                 0.0  
  0.0281851844569                 0.0  
   0.028297926573                 0.0  
  0.0284111169242                 0.0  
  0.0285247611853                 0.0  
  0.0286388622665                 0.0  
  0.0287534172723                 0.0  
   0.028868429072                 0.0  
  0.0289839035587                 0.0  
  0.0290998407737                 0.0  
  0.0292162376922                 0.0  
  0.0293331033349                 0.0  
   0.029450437755                 0.0  
  0.0295682378656                 0.0  
  0.0296865097975                 0.0  
  0.0298052566889                 0.0  
  0.0299244785621                 0.0  
  0.0300441753939                 0.0  
  0.0301643535589                 0.0  
  0.0302850098474                 0.0  
  0.0304061507215                 0.0  
  0.0305277762053                 0.0  
  0.0306498862764                 0.0  
  0.0307724842184                 0.0  
  0.0308955767542                 0.0  
  0.0310191571473                 0.0  
  0.0311432355684                 0.0  
   0.031267808621                 0.0  
  0.0313928797303                 0.0  
  0.0315184488667                 0.0  
  0.0316445230436                 0.0  
  0.0317711023035                 0.0  
   0.031898186641                 0.0  
  0.0320257796335                 0.0  
  0.0321538812643                 0.0  
  0.0322824988477                 0.0  
  0.0324116287246                 0.0  
  0.0325412745672                 0.0  
  0.0326714401172                 0.0  
  0.0328021253768                 0.0  
  0.0329333341384                 0.0  
  0.0330650663953                 0.0  
  0.0331973259923                 0.0  
  0.0333301168478                 0.0  
  0.0334634350245                 0.0  
  0.0335972923954                 0.0  
  0.0337316790047                 0.0  
  0.0338666068614                 0.0  
  0.0340020739821                 0.0  
  0.0341380803297                 0.0  
  0.0342746341343                 0.0  
  0.0344117312592                 0.0  
  0.0345493800619                 0.0  
  0.0346875763345                 0.0  
  0.0348263264174                 0.0  
  0.0349656324733                 0.0  
   0.035105494499                 0.0  
  0.0352459168363                 0.0  
   0.035386899479                 0.0  
  0.0355284490714                 0.0  
  0.0356705611534                 0.0  
  0.0358132446918                 0.0  
  0.0359564974426                 0.0  
  0.0361003239563                 0.0  
  0.0362447242236                 0.0  
  0.0363897028683                 0.0  
  0.0365352622447                 0.0  
  0.0366814023445                 0.0  
  0.0368281279061                 0.0  
  0.0369754413435                 0.0  
   0.037123342652                 0.0  
  0.0372718366889                 0.0  
  0.0374209234529                 0.0  
  0.0375706078835                 0.0  
  0.0377208899839                 0.0  
  0.0378717722387                 0.0  
  0.0380232597152                 0.0  
  0.0381753524251                 0.0  
  0.0383280555238                 0.0  
  0.0384813664089                 0.0  
  0.0386352929064                 0.0  
  0.0387898350439                 0.0  
  0.0389449927899                 0.0  
  0.0391007741739                 0.0  
  0.0392571765096                 0.0  
  0.0394142052156                 0.0  
  0.0395718630527                 0.0  
   0.039730150015                 0.0  
   0.039889068853                 0.0  
  0.0400486251849                 0.0  
  0.0402088218867                 0.0  
  0.0403696560937                 0.0  
  0.0405311335129                 0.0  
  0.0406932599743                 0.0  
  0.0408560325667                 0.0  
  0.0410194571599                 0.0  
  0.0411835337443                 0.0  
  0.0413482683014                 0.0  
  0.0415136608397                 0.0  
  0.0416797143802                 0.0  
  0.0418464350782                 0.0  
  0.0420138198473                 0.0  
  0.0421818748882                 0.0  
  0.0423506033619                 0.0  
  0.0425200052653                 0.0  
  0.0426900869832                 0.0  
  0.0428608452837                 0.0  
  0.0430322898797                 0.0  
  0.0432044175118                 0.0  
  0.0433772347439                 0.0  
  0.0435507449271                 0.0  
  0.0437249480686                 0.0  
   0.043899847521                 0.0  
  0.0440754466782                 0.0  
   0.044251748976                 0.0  
  0.0444287543985                 0.0  
  0.0446064699073                 0.0  
  0.0447848955181                 0.0  
  0.0449640383375                 0.0  
  0.0451438911989                 0.0  
  0.0453244684591                 0.0  
  0.0455057665374                 0.0  
  0.0456877890588                 0.0  
  0.0458705396955                 0.0  
  0.0460540221685                 0.0  
  0.0462382402479                 0.0  
  0.0464231901229                 0.0  
  0.0466088831745                 0.0  
  0.0467953194487                 0.0  
  0.0469825028285                 0.0  
  0.0471704293711                 0.0  
  0.0473591147907                 0.0  
   0.047548551218                 0.0  
  0.0477387425614                 0.0  
  0.0479296968511                 0.0  
   0.048121418203                 0.0  
  0.0483139025256                 0.0  
  0.0485071580195                 0.0  
  0.0487011888768                 0.0  
  0.0488959908834                 0.0  
  0.0490915766829                 0.0  
  0.0492879420471                 0.0  
  0.0494850955426                 0.0  
  0.0496830328255                 0.0  
  0.0498817669577                 0.0  
  0.0500812935832                 0.0  
  0.0502816170811                 0.0  
  0.0504827464078                 0.0  
  0.0506846770853                 0.0  
  0.0508874135835                 0.0  
  0.0510909650607                 0.0  
  0.0512953269164                 0.0  
  0.0515005084112                 0.0  
  0.0517065095584                 0.0  
  0.0519133398359                 0.0  
  0.0521209897077                 0.0  
  0.0523294734927                 0.0  
  0.0525387912309                 0.0  
   0.052748947809                 0.0  
  0.0529599432243                 0.0  
  0.0531717823989                 0.0  
  0.0533844703326                 0.0  
  0.0535980070184                 0.0  
  0.0538124026211                 0.0  
  0.0540276520462                 0.0  
  0.0542437603713                 0.0  
  0.0544607380071                 0.0  
  0.0546785797359                 0.0  
  0.0548972960957                 0.0  
  0.0551168817443                 0.0  
  0.0553373527706                 0.0  
  0.0555586983713                 0.0  
  0.0557809348548                 0.0  
  0.0560040567579                 0.0  
  0.0562280751482                 0.0  
  0.0564529844364                 0.0  
  0.0566787958303                 0.0  
  0.0569055150795                 0.0  
  0.0571331364721                 0.0  
  0.0573616656758                 0.0  
  0.0575911143271                 0.0  
  0.0578214765912                 0.0  
  0.0580527642567                 0.0  
  0.0582849773746                 0.0  
  0.0585181159072                 0.0  
  0.0587521858386                 0.0  
  0.0589871994171                 0.0  
  0.0592231443552                 0.0  
  0.0594600391771                 0.0  
  0.0596978776747                 0.0  
  0.0599366724289                 0.0  
  0.0601764171007                 0.0  
  0.0604171244428                 0.0  
  0.0606587944978                 0.0  
  0.0609014272165                 0.0  
   0.061145029075                 0.0  
  0.0613896133384                 0.0  
  0.0616351734263                 0.0  
  0.0618817092309                 0.0  
  0.0621292410506                 0.0  
  0.0623777552976                 0.0  
  0.0626272656272                 0.0  
  0.0628777720403                 0.0  
   0.063129288554                 0.0  
  0.0633818010893                 0.0  
  0.0636353308644                 0.0  
   0.063889870777                 0.0  
  0.0641454352523                 0.0  
  0.0644020170518                 0.0  
  0.0646596234095                 0.0  
   0.064918261695                 0.0  
  0.0651779318951                 0.0  
   0.065438641478                 0.0  
  0.0657003980535                 0.0  
  0.0659632016714                 0.0  
  0.0662270522815                 0.0  
  0.0664919653869                 0.0  
   0.066757933217                 0.0  
  0.0670249635555                 0.0  
  0.0672930643361                 0.0  
  0.0675622355631                 0.0  
   0.067832481211                 0.0  
  0.0681038134915                 0.0  
  0.0683762283497                 0.0  
   0.068649734011                 0.0  
  0.0689243304506                 0.0  
  0.0692000302551                 0.0  
  0.0694768292185                 0.0  
  0.0697547358146                 0.0  
  0.0700337543427                 0.0  
  0.0703138891334                 0.0  
  0.0705951445493                 0.0  
  0.0708775249857                 0.0  
  0.0711610348713                 0.0  
  0.0714456786688                 0.0  
  0.0717314654303                 0.0  
  0.0720183906152                 0.0  
   0.072306463311                 0.0  
  0.0725956881234                 0.0  
  0.0728860696955                 0.0  
  0.0731776174494                 0.0  
  0.0734703266627                 0.0  
  0.0737642067987                 0.0  
  0.0740592626587                 0.0  
  0.0743554990853                 0.0  
  0.0746529258973                 0.0  
  0.0749515332222                 0.0  
   0.075251340833                 0.0  
  0.0755523488135                 0.0  
  0.0758545571332                 0.0  
  0.0761579759141                 0.0  
  0.0764626051371                 0.0  
  0.0767684551004                 0.0  
  0.0770755310579                 0.0  
  0.0773838330132                 0.0  
   0.077693366195                 0.0  
  0.0780041412693                 0.0  
   0.078316158267                 0.0  
   0.078629422573                 0.0  
  0.0789439396258                 0.0  
   0.079259714919                 0.0  
  0.0795767540021                 0.0  
  0.0798950624814                 0.0  
  0.0802146403258                 0.0  
  0.0805354988643                 0.0  
  0.0808576438804                 0.0  
  0.0811810753857                 0.0  
  0.0815057991484                 0.0  
  0.0818318209987                 0.0  
  0.0821591468305                 0.0  
  0.0824877826019                 0.0  
   0.082817734337                 0.0  
  0.0831490081274                 0.0  
  0.0834816039632                 0.0  
  0.0838155279262                 0.0  
  0.0841507924355                 0.0  
  0.0844873975438                 0.0  
  0.0848253431751                 0.0  
  0.0851646483849                 0.0  
  0.0855053068237                 0.0  
  0.0858473248539                 0.0  
  0.0861907154896                 0.0  
  0.0865354787741                 0.0  
  0.0868816213016                 0.0  
  0.0872291430099                 0.0  
  0.0875780640725                 0.0  
  0.0879283778012                 0.0  
  0.0882800909551                 0.0  
  0.0886332103769                 0.0  
   0.088987742995                 0.0  
  0.0893436887586                 0.0  
  0.0897010688489                 0.0  
  0.0900598690908                 0.0  
  0.0904201109028                 0.0  
  0.0907817943694                 0.0  
  0.0911449194373                 0.0  
  0.0915095007394                 0.0  
  0.0918755382958                 0.0  
  0.0922430395187                 0.0  
  0.0926120119188                 0.0  
  0.0929824554535                 0.0  
  0.0933543853675                 0.0  
  0.0937278094776                 0.0  
  0.0941027200284                 0.0  
  0.0944791246749                 0.0  
  0.0948570471081                 0.0  
  0.0952364714898                 0.0  
  0.0956174217934                 0.0  
  0.0959998899854                 0.0  
  0.0963838840736                 0.0  
  0.0967694204686                 0.0  
  0.0971564992491                 0.0  
  0.0975451287698                 0.0  
  0.0979353090143                 0.0  
  0.0983270483749                 0.0  
  0.0987203553653                 0.0  
  0.0991152386231                 0.0  
  0.0995116981457                 0.0  
  0.0999097426147                 0.0  
    0.10030938084                 0.0  
   0.100710621762                 0.0  
   0.101113465403                 0.0  
   0.101517920754                 0.0  
   0.101923987748                 0.0  
   0.102331684696                 0.0  
   0.102741011658                 0.0  
   0.103151977956                 0.0  
   0.103564583561                 0.0  
   0.103978847424                 0.0  
   0.104394760008                 0.0  
   0.104812340481                 0.0  
   0.105231588867                 0.0  
   0.105652514907                 0.0  
   0.106075128499                 0.0  
   0.106499419612                 0.0  
   0.106925418218                 0.0  
   0.107353124484                 0.0  
   0.107782538416                 0.0  
   0.108213670222                 0.0  
   0.108646519823                 0.0  
   0.109081108043                 0.0  
   0.109517434971                 0.0  
   0.109955500532                 0.0  
   0.110395326059                 0.0  
   0.110836900777                 0.0  
   0.111280257246                 0.0  
   0.111725373653                 0.0  
   0.112172271863                 0.0  
   0.112620963053                 0.0  
   0.113071447266                 0.0  
   0.113523735783                 0.0  
   0.113977828572                 0.0  
   0.114433737023                 0.0  
   0.114891472716                 0.0  
    0.11535103565                 0.0  
   0.115812449396                 0.0  
   0.116275690229                 0.0  
   0.116740793807                 0.0  
   0.117207760277                 0.0  
   0.117676589609                 0.0  
   0.118147293948                 0.0  
   0.118619885655                 0.0  
   0.119094364748                 0.0  
   0.119570743719                 0.0  
   0.120049022526                 0.0  
    0.12052922666                 0.0  
   0.121011343361                 0.0  
   0.121495385402                 0.0  
   0.121981365789                 0.0  
   0.122469297759                 0.0  
   0.122959168018                 0.0  
   0.123451003131                 0.0  
   0.123944816734                 0.0  
   0.124440595291                 0.0  
   0.124938352277                 0.0  
   0.125438101413                 0.0  
   0.125939856671                 0.0  
   0.126443618128                 0.0  
   0.126949385666                 0.0  
   0.127457187735                 0.0  
   0.127967024514                 0.0  
   0.128478881376                 0.0  
   0.128992801948                 0.0  
   0.129508771677                 0.0  
   0.130026805273                 0.0  
   0.130546917724                 0.0  
    0.13106910909                 0.0  
   0.131593379236                 0.0  
   0.132119758725                 0.0  
   0.132648232174                 0.0  
   0.133178830608                 0.0  
   0.133711538364                 0.0  
   0.134246386932                 0.0  
   0.134783368412                 0.0  
   0.135322506858                 0.0  
   0.135863794217                 0.0  
    0.13640724667                 0.0  
   0.136952880717                 0.0  
   0.137500688072                 0.0  
   0.138050693715                 0.0  
   0.138602897709                 0.0  
   0.139157308481                 0.0  
   0.139713934513                 0.0  
   0.140272793062                 0.0  
   0.140833884164                 0.0  
   0.141397216493                 0.0  
   0.141962807704                 0.0  
   0.142530657824                 0.0  
   0.143100784789                 0.0  
    0.14367318862                 0.0  
   0.144247878329                 0.0  
   0.144824872283                 0.0  
   0.145404170505                 0.0  
   0.145985782226                 0.0  
   0.146569726264                 0.0  
   0.147156012234                 0.0  
   0.147744630509                 0.0  
   0.148335609884                 0.0  
   0.148928950407                 0.0  
   0.149524671689                 0.0  
   0.150122763818                 0.0  
   0.150723256556                 0.0  
   0.151326149986                 0.0  
   0.151931454179                 0.0  
   0.152539179298                 0.0  
   0.153149335602                 0.0  
   0.153761933445                 0.0  
    0.15437698328                 0.0  
   0.154994495661                 0.0  
   0.155614470527                 0.0  
   0.156236929183                 0.0  
   0.156861871606                 0.0  
   0.157489319487                 0.0  
   0.158119283907                 0.0  
   0.158751753754                 0.0  
   0.159386762292                 0.0  
   0.160024309612                 0.0  
   0.160664406987                 0.0  
   0.161307065808                 0.0  
   0.161952297587                 0.0  
   0.162600102255                 0.0  
   0.163250503087                 0.0  
   0.163903500077                 0.0  
   0.164559116943                 0.0  
   0.165217353748                 0.0  
   0.165878222483                 0.0  
   0.166541735275                 0.0  
   0.167207904386                 0.0  
   0.167876742216                 0.0  
   0.168548248734                 0.0  
   0.169222436325                 0.0  
   0.169899330296                 0.0  
   0.170578917867                 0.0  
   0.171261237522                 0.0  
   0.171946289458                 0.0  
   0.172634073617                 0.0  
   0.173324602972                 0.0  
   0.174017904054                 0.0  
   0.174713976962                 0.0  
   0.175412835149                 0.0  
   0.176114478504                 0.0  
   0.176818948161                 0.0  
   0.177526216562                 0.0  
   0.178236325294                 0.0  
   0.178949274492                 0.0  
   0.179665064019                 0.0  
   0.180383722267                 0.0  
    0.18110526375                 0.0  
   0.181829673902                 0.0  
   0.182556996418                 0.0  
   0.183287231512                 0.0  
   0.184020379125                 0.0  
    0.18475645402                 0.0  
   0.185495486389                 0.0  
   0.186237461056                 0.0  
   0.186982408495                 0.0  
   0.187730344282                 0.0  
   0.188481268478                 0.0  
    0.18923519671                 0.0  
    0.18999212884                 0.0  
   0.190752096649                 0.0  
   0.191515116419                 0.0  
    0.19228117193                 0.0  
   0.193050295632                 0.0  
   0.193822487473                 0.0  
   0.194597780629                 0.0  
   0.195376175252                 0.0  
   0.196157688231                 0.0  
   0.196942319531                 0.0  
    0.19773008612                 0.0  
   0.198521005214                 0.0  
   0.199315094279                 0.0  
   0.200112353314                 0.0  
    0.20091279988                 0.0  
   0.201716451797                 0.0  
   0.202523308997                 0.0  
   0.203333407701                 0.0  
   0.204146748093                 0.0  
   0.204963330048                 0.0  
   0.205783171868                 0.0  
   0.206606311029                 0.0  
   0.207432728761                 0.0  
   0.208262462965                 0.0  
   0.209095513742                 0.0  
   0.209931900383                 0.0  
   0.210771622814                 0.0  
   0.211614720282                 0.0  
   0.212461173033                 0.0  
   0.213311020775                 0.0  
   0.214164263564                 0.0  
   0.215020921596                 0.0  
   0.215880994763                 0.0  
    0.21674452421                 0.0  
   0.217611510156                 0.0  
   0.218481952493                 0.0  
   0.219355872072                 0.0  
   0.220233311555                 0.0  
   0.221114228075                 0.0  
   0.221998686117                 0.0  
   0.222886685943                 0.0  
   0.223778227476                 0.0  
   0.224673354985                 0.0  
   0.225572046251                 0.0  
   0.226474323402                 0.0  
   0.227380231819                 0.0  
   0.228289748794                 0.0  
   0.229202897043                 0.0  
   0.230119723105                 0.0  
   0.231040203786                 0.0  
   0.231964362419                 0.0  
   0.232892222738                 0.0  
   0.233823784687                 0.0  
   0.234759072245                 0.0  
   0.235698109808                 0.0  
   0.236640897408                 0.0  
   0.237587459704                 0.0  
   0.238537821784                 0.0  
   0.239491983793                 0.0  
   0.240449945509                 0.0  
   0.241411732136                 0.0  
   0.242377395329                 0.0  
   0.243346883189                 0.0  
    0.24432027388                 0.0  
   0.245297567815                 0.0  
   0.246278765038                 0.0  
    0.24726386522                 0.0  
   0.248252922202                 0.0  
   0.249245936192                 0.0  
   0.250242934734                 0.0  
   0.251243889998                 0.0  
   0.252248857367                 0.0  
   0.253257865238                 0.0  
   0.254270885298                 0.0  
   0.255287974471                 0.0  
   0.256309132972                 0.0  
   0.257334360629                 0.0  
   0.258363715964                 0.0  
   0.259397169641                 0.0  
   0.260434751023                 0.0  
   0.261476490028                 0.0  
   0.262522386629                 0.0  
   0.263572471153                 0.0  
   0.264626774498                 0.0  
   0.265685265663                 0.0  
   0.266748006725                 0.0  
   0.267814997867                 0.0  
   0.268886270863                 0.0  
   0.269961825843                 0.0  
   0.271041662523                 0.0  
   0.272125829369                 0.0  
   0.273214342954                 0.0  
   0.274307186659                 0.0  
   0.275404426841                 0.0  
   0.276506046976                 0.0  
   0.277612063688                 0.0  
   0.278722510916                 0.0  
   0.279837405931                 0.0  
   0.280956748664                 0.0  
   0.282080573835                 0.0  
     0.2832088991                 0.0  
   0.284341742253                 0.0  
   0.285479103186                 0.0  
   0.286621017715                 0.0  
    0.28776750405                 0.0  
   0.288918580543                 0.0  
   0.290074247075                 0.0  
   0.291234540623                 0.0  
   0.292399479992                 0.0  
   0.293569084143                 0.0  
   0.294743352973                 0.0  
   0.295922324686                 0.0  
   0.297106018732                 0.0  
    0.29829443504                 0.0  
    0.29948761278                 0.0  
   0.300685571921                 0.0  
   0.301888312441                 0.0  
    0.30309587452                 0.0  
   0.304308258181                 0.0  
   0.305525483642                 0.0  
   0.306747592131                 0.0  
   0.307974583754                 0.0  
   0.309206479307                 0.0  
   0.310443299785                 0.0  
   0.311685066389                 0.0  
   0.312931822196                 0.0  
   0.314183545656                 0.0  
   0.315440280101                 0.0  
   0.316702047589                 0.0  
   0.317968848024                 0.0  
   0.319240725932                 0.0  
   0.320517681318                 0.0  
    0.32179975953                 0.0  
   0.323086960685                 0.0  
   0.324379307693                 0.0  
   0.325676823708                 0.0  
   0.326979532134                 0.0  
   0.328287432778                 0.0  
   0.329600597068                 0.0  
   0.330919001291                 0.0  
   0.332242669315                 0.0  
   0.333571649902                 0.0  
   0.334905918403                 0.0  
   0.336245548955                 0.0  
   0.337590541904                 0.0  
   0.338940897082                 0.0  
   0.340296665061                 0.0  
   0.341657845854                 0.0  
   0.343024491036                 0.0  
   0.344396574568                 0.0  
   0.345774174887                 0.0  
   0.347157265742                 0.0  
   0.348545900161                 0.0  
   0.349940078147                 0.0  
   0.351339826487                 0.0  
   0.352745199837                 0.0  
   0.354156170793                 0.0  
   0.355572794473                 0.0  
   0.356995099023                 0.0  
   0.358423056085                 0.0  
   0.359856750479                 0.0  
   0.361296182545                 0.0  
   0.362741381197                 0.0  
   0.364192346371                 0.0  
   0.365649107033                 0.0  
   0.367111692529                 0.0  
   0.368580162657                 0.0  
   0.370054457347                 0.0  
   0.371534697329                 0.0  
   0.373020821886                 0.0  
   0.374512922982                 0.0  
   0.376010969812                 0.0  
   0.377514993083                 0.0  
   0.379025055715                 0.0  
   0.380541157981                 0.0  
    0.38206333188                 0.0  
   0.383591577294                 0.0  
   0.385125959166                 0.0  
   0.386666444678                 0.0  
   0.388213132782                 0.0  
   0.389765956915                 0.0  
   0.391325051123                 0.0  
   0.392890348197                 0.0  
   0.394461915901                 0.0  
   0.396039754161                 0.0  
   0.397623897285                 0.0  
   0.399214415358                 0.0  
   0.400811273444                 0.0  
   0.402414506544                 0.0  
   0.404024150177                 0.0  
   0.405640240394                 0.0  
   0.407262813787                 0.0  
   0.408891870496                 0.0  
    0.41052744734                 0.0  
   0.412169544098                 0.0  
   0.413818235712                 0.0  
   0.415473484303                 0.0  
   0.417135404168                 0.0  
   0.418803918566                 0.0  
   0.420479143282                 0.0  
    0.42216107887                 0.0  
   0.423849725244                 0.0  
    0.42554512175                 0.0  
   0.427247308353                 0.0  
   0.428956284932                 0.0  
   0.430672091755                 0.0  
   0.432394811114                 0.0  
   0.434124360447                 0.0  
   0.435860864087                 0.0  
   0.437604322571                 0.0  
   0.439354735776                 0.0  
   0.441112145969                 0.0  
    0.44287659611                 0.0  
   0.444648086107                 0.0  
   0.446426703405                 0.0  
   0.448212404196                 0.0  
   0.450005232208                 0.0  
   0.451805277075                 0.0  
    0.45361249401                 0.0  
   0.455426927892                 0.0  
    0.45724867063                 0.0  
    0.45907762982                 0.0  
    0.46091394446                 0.0  
   0.462757615155                 0.0  
   0.464608641808                 0.0  
   0.466467071771                 0.0  
   0.468332953209                 0.0  
   0.470206286192                 0.0  
   0.472087119393                 0.0  
   0.473975452618                 0.0  
   0.475871335061                 0.0  
   0.477774816778                 0.0  
    0.47968594871                 0.0  
   0.481604680029                 0.0  
   0.483531112768                 0.0  
   0.485465247193   2.29337985936e-10  
   0.487407082836                 0.0  
    0.48935672447                 0.0  
   0.491314119229                 0.0  
   0.493279373346                 0.0  
   0.495252541446   2.60598193233e-10  
   0.497233514987                 0.0  
   0.499222456958                 0.0  
   0.501219368051                 0.0  
   0.503224248203                 0.0  
   0.505237153073                 0.0  
   0.507258082401   2.40717081165e-10  
   0.509287092547                 0.0  
   0.511324240917                 0.0  
   0.513369527656                 0.0  
    0.51542301092   2.48642668271e-10  
   0.517484749951                 0.0  
   0.519554685619                 0.0  
    0.52163287653                 0.0  
   0.523719382401                 0.0  
   0.525814264075                 0.0  
   0.527917521869                 0.0  
    0.53002921747   2.52817233495e-10  
   0.532149351069                 0.0  
   0.534277922046   3.00527902988e-10  
   0.536415056314                 0.0  
   0.538560690453   2.68264199182e-10  
   0.540714952292   2.84574491129e-10  
   0.542877809892                 0.0  
   0.545049328073    2.8002723127e-10  
   0.547229506639   1.19451989346e-09  
    0.54941844476   5.74566188609e-10  
   0.551616109283   5.48778379468e-10  
   0.553822566959                 0.0  
   0.556037851638                 0.0  
   0.558261997412   3.05040022898e-10  
   0.560495073378   2.86929747393e-10  
   0.562737044876   3.06468603198e-10  
   0.564987981235                 0.0  
   0.567247953161   3.34046993009e-10  
   0.569516925098    9.3541927925e-10  
   0.571795004185   3.54341210638e-10  
    0.57408219074   2.87613206062e-10  
   0.576378520968                 0.0  
   0.578684031361   3.28803977663e-10  
   0.580998758706   6.63496298114e-10  
    0.58332274009   3.36957193052e-10  
   0.585656050859   3.49983516445e-10  
   0.587998653113   7.04784866621e-10  
   0.590350661093                 0.0  
   0.592712075199   3.23843676046e-10  
   0.595082894929   7.03866608386e-10  
   0.597463237368   1.40123459914e-09  
   0.599853103008                 0.0  
   0.602252491434   3.77808192238e-10  
   0.604661522677   3.43071766962e-10  
   0.607080156581   8.05763389396e-10  
   0.609508474096   1.48251267014e-09  
   0.611946516412                 0.0  
   0.614394325111   3.66904282779e-10  
   0.616851900062   7.03813007254e-10  
   0.619319282636                 0.0  
   0.621796557381   1.43234548119e-09  
   0.624283767493                 0.0  
   0.626780869656   1.09357469021e-09  
   0.629287993483   1.86440690555e-09  
    0.63180518347   1.12173210196e-09  
   0.634332395511   1.16218879653e-09  
   0.636869717762   1.21884828877e-09  
   0.639417195011    4.2235579801e-10  
   0.641974872512   1.14936730519e-09  
   0.644542750024    7.9660209897e-10  
   0.647120918993   3.67952738381e-10  
   0.649709426118   1.19502477948e-09  
   0.652308271514   1.10495926516e-09  
   0.654917501763   1.19516017922e-09  
   0.657537163955   8.27968311903e-10  
   0.660167305694   3.99964467297e-10  
    0.66280797511   1.56865573795e-09  
   0.665459220872   1.31726284292e-09  
   0.668121042799   8.31676325724e-10  
    0.67079353927   3.88841584129e-10  
   0.673476710427   4.00795600166e-10  
   0.676170605981   1.78167608841e-09  
   0.678875276214   4.18020261692e-10  
   0.681590771994                 0.0  
   0.684317144785   3.64723357212e-10  
   0.687054446662   8.01524464346e-10  
    0.68980262501   9.42162234755e-10  
   0.692561836779   4.42383184525e-10  
   0.695332082421   1.61749641669e-09  
   0.698113415263   1.77077864849e-09  
   0.700905889283   4.34784898307e-10  
   0.703709504325   9.48060656142e-10  
   0.706524369631   4.69190576573e-10  
   0.709350429842   1.21436016466e-09  
   0.712187851239   4.04387931744e-10  
   0.715036578075   8.82759469576e-10  
   0.717896722797     8.854847622e-10  
   0.720768342898   1.26602960505e-09  
   0.723651380715   2.11500406497e-09  
   0.726546009278   1.29017247472e-09  
    0.72945217056   2.07284513772e-09  
   0.732369981607   2.52187974387e-09  
   0.735299502293   1.82930833471e-09  
   0.738240672671   2.71301891202e-09  
   0.741193612111   1.63542665972e-09  
   0.744158442711   2.24277875673e-09  
   0.747135042275   1.35671403537e-09  
   0.750123594847     4.607196251e-10  
   0.753124100979   2.77991589055e-09  
   0.756136560078   2.89455973463e-09  
   0.759161097933     1.347135719e-09  
    0.76219777895   3.79758886692e-10  
   0.765246538827   3.67095614759e-09  
   0.768307571306   1.48807854918e-09  
   0.771380745977   2.22904005123e-09  
   0.774466325285   2.87657166234e-09  
   0.777564177525   4.88316130068e-09  
    0.78067443531   5.45589915267e-09  
   0.783797098384   4.00584138245e-09  
   0.786932302339   4.24041844479e-09  
   0.790080047785   3.84358551261e-09  
   0.793240334132    1.9958093086e-09  
   0.796413299943   9.11517531011e-10  
   0.799598945532    5.0564683945e-09  
   0.802797341314   3.77126350393e-09  
   0.806008558748   3.89089897303e-09  
   0.809232597891   5.96955753133e-09  
    0.81246953061   2.93698795257e-09  
   0.815719429854   4.51380736254e-09  
    0.81898229545   6.72714235149e-09  
   0.822258200786    2.9323461556e-09  
   0.825547220369   6.81972890294e-09  
   0.828849429845   2.53580720944e-09  
   0.832164829396   5.18363178324e-09  
   0.835493495177   7.78139435604e-09  
   0.838835426658    8.7430431141e-09  
   0.842190778997   3.10205716033e-09  
    0.84555955283     6.260268949e-09  
   0.848941827263   4.26534650025e-09  
   0.852337602258   4.20774538331e-09  
    0.85574695751   5.69048000965e-09  
   0.859169892294   7.12693873452e-09  
   0.862606569239   5.87934160901e-09  
   0.866056988902   6.63700653422e-09  
   0.869521234191   5.35106656327e-09  
   0.872999305016   5.46216785627e-09  
   0.876491284963   6.17330531935e-09  
   0.879997258979   4.35612369028e-09  
   0.883517313402   8.30369017754e-09  
   0.887051361841   3.87955775187e-09  
    0.89059957708    4.4998812324e-09  
   0.894161959174   5.50420127408e-09  
   0.897738595996   7.49812077884e-09  
   0.901329576884   1.08331719574e-08  
   0.904934902051   4.51911867294e-09  
    0.90855457033   6.91299718357e-09  
   0.912188855376   4.16048903581e-09  
    0.91583757419   6.96241913336e-09  
   0.919500910695   2.31918102658e-09  
    0.92317895905     4.992151606e-09  
   0.926871624892   4.84459805274e-09  
   0.930579096884   2.50054662548e-09  
   0.934301471767   7.93754777949e-09  
   0.938038653215   6.62356189766e-09  
   0.941790834809   6.19811619521e-09  
   0.945558017068    5.6588440696e-09  
   0.949340199073   6.06333173377e-09  
   0.953137579495   5.65475201473e-09  
   0.956950159285   7.41609094168e-09  
   0.960777937946   5.00755515775e-09  
   0.964621016469   1.95205375148e-09  
   0.968479497641   3.64621678503e-09  
   0.972353486075   3.74180176757e-09  
    0.97624287733   5.11676336563e-09  
   0.980147774721   6.06268306404e-09  
   0.984068390582   6.90733492554e-09  
   0.988004726545   1.94635443573e-09  
   0.991956673874   6.36315651718e-10  
   0.995924557853   4.59531385225e-09  
    0.99990827019   2.59160516812e-09  
     1.0039079206   3.08685275956e-09  
    1.00792350839   4.33627186772e-09  
    1.01195514463   1.91487503591e-09  
    1.01600305669   3.28714586957e-09  
    1.02006701708   3.40278696025e-09  
     1.0241472537   5.14792546444e-09  
    1.02824388327   3.19145942993e-09  
    1.03235690673   2.56759526152e-09  
    1.03648632346   6.21599181893e-10  
    1.04063225109   3.36500932358e-09  
    1.04479480945   2.80909214532e-09  
    1.04897399887   2.10953801289e-09  
     1.0531698181    3.2052188868e-09  
    1.05738251166   1.22447448834e-09  
    1.06161208096   3.55387065749e-09  
    1.06585852578   4.81011262331e-09  
    1.07012197099   3.35330429402e-09  
    1.07440241613   3.94488256314e-09  
    1.07870005221   1.33298105422e-09  
    1.08301481519   2.67433901961e-09  
    1.08734689895   2.63913291071e-09  
    1.09169630414   2.18919008598e-09  
    1.09606302978   6.41783521175e-09  
    1.10044734116   2.14028879552e-09  
    1.10484910523   7.05841800193e-10  
    1.10926852335   1.31371068862e-09  
     1.1137055958   3.59809660919e-09  
    1.11816039035   4.96948200207e-09  
    1.12263304497   4.66801547683e-09  
    1.12712355978   4.72091605151e-09  
    1.13163207491   2.74966393735e-09  
    1.13615859041   2.49729315149e-09  
    1.14070324858   5.62683102264e-09  
    1.14526604943   2.54123454455e-09  
    1.14984706437   5.76211458198e-09  
    1.15444651285   5.05922642345e-09  
    1.15906424797   7.26939133124e-09  
    1.16370056586    7.0581703626e-09  
    1.16835531727   4.13493088994e-09  
    1.17302872701   9.95787250403e-09  
    1.17772087188   7.06938780505e-09  
    1.18243175198   7.29183447204e-09  
    1.18716144357    8.0923880738e-09  
    1.19191010218   6.16834066083e-09  
    1.19667772807   4.49451931792e-09  
     1.2014644794   6.55776960583e-09  
    1.20627035656   7.29486592582e-09  
    1.21109543928   5.99937427173e-09  
      1.215939808   1.23293732594e-08  
    1.22080354391   4.49218095356e-09  
    1.22568681206   7.51347329033e-09  
     1.2305895296   8.49700173968e-09  
    1.23551186248   1.20784648701e-08  
    1.24045389501   1.75111321534e-08  
     1.2454157123   1.23624264332e-08  
     1.2503974003   1.68086361278e-08  
    1.25539895864   8.57440008533e-09  
    1.26042056078   1.05245019928e-08  
    1.26546229526   1.19836226868e-08  
    1.27052416224   1.19331668744e-08  
    1.27560624992   1.36476088509e-08  
    1.28070864744    1.2280321731e-08  
    1.28583144485   1.32334186545e-08  
    1.29097482537   7.97355225511e-09  
    1.29613869727   9.23296318005e-09  
    1.30132324497   9.46436088921e-09  
    1.30652856241   9.67732059083e-09  
    1.31175464935   1.08677246263e-08  
    1.31700169547   9.71040125685e-09  
     1.3222697011   1.42375973062e-08  
    1.32755876203   1.28002850232e-08  
    1.33286897515   1.04424505332e-08  
    1.33820043842   6.26253703462e-09  
    1.34355325091   1.04115824044e-08  
    1.34892751285   7.06128153978e-09  
    1.35432322412   9.68095668246e-09  
    1.35974048482   7.20086302886e-09  
    1.36517949934   7.93213495371e-09  
    1.37064016475   9.01170304241e-09  
      1.376122687   9.50542642923e-09  
    1.38162727663   1.13487432648e-08  
    1.38715372296   7.58687295865e-09  
    1.39270234299   1.45749627486e-08  
    1.39827313727   1.10991831659e-08  
    1.40386621331   5.47439965928e-09  
    1.40948167992    7.0230581045e-09  
    1.41511964725   1.02709117645e-08  
    1.42078011516   6.57367957247e-09  
    1.42646319391   3.79075628596e-09  
    1.43216910863   5.89612373222e-09  
    1.43789774632   3.51999132049e-09  
    1.44364933409    2.5659129982e-09  
    1.44942398792   3.61980355475e-09  
    1.45522170815    7.6925075932e-09  
    1.46104249287   6.79059446924e-09  
     1.4668866951   5.23724585846e-09  
    1.47275431694   6.42575871564e-09  
    1.47864523734   3.73658310226e-09  
    1.48455981683   2.54488273971e-09  
    1.49049805659   2.60472802393e-09  
    1.49646007942   4.91909195908e-09  
    1.50244588491   8.67380800074e-10  
    1.50845572211   3.56001938207e-09  
    1.51448959202   2.51653294455e-09  
    1.52054749331   3.84867417453e-09  
     1.5266296802    2.6487500376e-09  
    1.53273615283   5.64673554023e-09  
    1.53886717105   4.44342263519e-09  
    1.54502260448   4.48055107593e-09  
    1.55120271558   9.00887075685e-09  
    1.55740750452   9.29652975613e-09  
    1.56363710436   7.03870521079e-09  
    1.56989165006   2.90128367762e-09  
    1.57617127854   1.24388922938e-08  
    1.58247599015   1.36799807142e-08  
    1.58880592249   1.14607486404e-08  
    1.59516107439   4.98416161056e-09  
    1.60154172603   8.55308653868e-09  
    1.60794787812   9.70994701927e-09  
    1.61437967308   1.23996413749e-08  
    1.62083725547   1.11289555329e-08  
    1.62732047899   9.12917613498e-09  
    1.63382978091   1.31161080608e-08  
     1.6403651635   1.32512955189e-08  
    1.64692662655   1.62537075985e-08  
    1.65351431859   8.65455479682e-09  
    1.66012839044   1.75585651477e-08  
    1.66676884154   9.13764258179e-09  
    1.67343597864   2.26313472571e-08  
    1.68012964726   1.96965634316e-08  
     1.6868501577   1.36720479889e-08  
    1.69359766897   1.84329701174e-08  
    1.70037202268   1.96805570795e-08  
    1.70717353647   2.65125957757e-08  
    1.71400221054    1.4325845305e-08  
    1.72085820633   1.35381242253e-08  
    1.72774168785   2.43378734596e-08  
    1.73465265526   2.45207981788e-08  
    1.74159127391   1.55452639927e-08  
    1.74855754262   2.63623479448e-08  
    1.75555179861   1.97097268963e-08  
    1.76257404347    2.2016200076e-08  
    1.76962427614   1.89672654486e-08  
    1.77670284213   2.36519067473e-08  
    1.78380956722   2.18115095778e-08  
    1.79094480125   2.78623526193e-08  
    1.79810872371   3.80557764363e-08  
    1.80530115645   2.82545922575e-08  
    1.81252227635   3.09071939944e-08  
    1.81977244648   3.56312106943e-08  
    1.82705148476   3.08286509965e-08  
    1.83435957276   3.61317458626e-08  
    1.84169708283   3.75439028862e-08  
    1.84906382895   2.53647869039e-08  
    1.85646018835   2.96603356765e-08  
     1.8638859709   2.77928847255e-08  
    1.87134155879   1.91389529075e-08  
    1.87882695303   2.75661476242e-08  
    1.88634215182   2.77323999435e-08  
    1.89388754731   3.05075733339e-08  
    1.90146314133   3.06062760462e-08  
    1.90906893284   2.96187666224e-08  
    1.91670532438   3.62325265772e-08  
    1.92437211384    2.7539748732e-08  
    1.93206950273   2.84036968418e-08  
    1.93979790433   3.20360123171e-08  
    1.94755711267   2.08801915162e-08  
    1.95534733522   2.03763323579e-08  
    1.96316856994   2.76960554623e-08  
    1.97102124165   2.16731013053e-08  
    1.97890535251   1.90274742334e-08  
    1.98682112011   1.30911018602e-08  
    1.99476832565   2.76591020887e-08  
    2.00274740602   2.99630357315e-08  
    2.01075836178   2.89048414271e-08  
    2.01880141589   2.45924194923e-08  
    2.02687656812   3.90704517654e-08  
    2.03498404427   2.73289247455e-08  
    2.04312407431   4.07564368018e-08  
    2.05129665965   4.22685607336e-08  
     2.0595017986   3.44511930297e-08  
    2.06773972286   4.50540381825e-08  
    2.07601066845   4.31048400906e-08  
    2.08431463547   5.82726070375e-08  
    2.09265210542   5.40911523951e-08  
    2.10102259513   6.31762103718e-08  
    2.10942658742   7.81934475859e-08  
    2.11786432936   6.96941140691e-08  
    2.12633582256    7.9572846046e-08  
    2.13484131755   8.60893047211e-08  
     2.1433805613   7.08987645641e-08  
    2.15195405802   7.38141504739e-08  
    2.16056193754    8.2479077643e-08  
    2.16920420033   9.26573733542e-08  
    2.17788097479   9.10795607969e-08  
     2.1865925224   1.01769782907e-07  
    2.19533884309   1.17336925785e-07  
    2.20412020221    1.0870912028e-07  
    2.21293673483   1.29211562628e-07  
    2.22178844042   1.26799180717e-07  
    2.23067559034   1.24735974965e-07  
    2.23959832256   1.62426154258e-07  
    2.24855677603   1.40483184397e-07  
    2.25755094977   1.71952446448e-07  
    2.26658112356   1.56227256519e-07  
    2.27564743949   1.36733869672e-07  
    2.28475004076   1.71468194823e-07  
    2.29388907166   1.43480015955e-07  
    2.30306467764     1.540705558e-07  
    2.31227685738   1.52154267128e-07  
    2.32152605332   1.64768447646e-07  
    2.33081211742   1.85496661732e-07  
    2.34013534778   1.92153203381e-07  
    2.34949589586   1.66908195353e-07  
     2.3588939144   1.16384311616e-07  
    2.36832940228   1.95127787336e-07  
    2.37780282395    1.7864811188e-07  
    2.38731402457   2.04105814727e-07  
    2.39686315846   1.78919782384e-07  
    2.40645070173   1.70688288215e-07  
    2.41607649617    1.6283002369e-07  
    2.42574070034   1.71055854842e-07  
    2.43544380238   1.38020360368e-07  
    2.44518547545   1.70696045501e-07  
    2.45496621204   1.63996819083e-07  
    2.46478618067   1.57575869257e-07  
    2.47464521268   1.55843989017e-07  
    2.48454381326   1.86266711245e-07  
    2.49448198371   1.37283767753e-07  
    2.50445989506   1.93571251787e-07  
       2.51447772   1.83499372851e-07  
    2.52453563299   1.36860811381e-07  
    2.53463381022   1.51436896172e-07  
    2.54477242968   1.67825230559e-07  
    2.55495149062    1.6259742645e-07  
    2.56517135243   1.72347839296e-07  
    2.57543201517   1.69546303167e-07  
    2.58573365996   1.78820704146e-07  
    2.59607665626   1.95293087178e-07  
    2.60646100556    1.7742491971e-07  
    2.61688670542   1.66799425638e-07  
    2.62735432224   1.45212637981e-07  
    2.63786366667   2.13526559624e-07  
    2.64841512134   1.84660042333e-07  
    2.65900888157   1.78581824074e-07  
    2.66964494773   1.86132345429e-07  
    2.68032351485   1.88353446214e-07  
    2.69104478018   1.80943815172e-07  
    2.70180894321   1.66714174895e-07  
    2.71261620574   1.70740076817e-07  
    2.72346656674   1.79008803494e-07  
    2.73436043466   2.03435324664e-07  
    2.74529801844   1.66897844084e-07  
     2.7562791092   1.53247108244e-07  
    2.76730433452   1.91183483534e-07  
    2.77837348379   1.47450337681e-07  
    2.78948698116   2.04291470036e-07  
    2.80064482621   1.48543920433e-07  
     2.8118474517   1.23396579035e-07  
    2.82309485907   1.83747772343e-07  
    2.83438726773   1.38783005878e-07  
    2.84572489981   1.60737695005e-07  
    2.85710775442   1.70843348957e-07  
    2.86853605393    1.7233351492e-07  
      2.880010253   1.33343860434e-07  
    2.89153035391    1.5104371244e-07  
    2.90309635457   1.30461620899e-07  
    2.91470895348   1.24069907664e-07  
    2.92636768263   1.24215788568e-07  
    2.93807324851   1.11090015246e-07  
    2.94982541299   1.27065296441e-07  
    2.96162465374   1.19447179554e-07  
    2.97347121472   1.10636715861e-07  
    2.98536509663   1.00448187501e-07  
    2.99730654414   8.71382528054e-08  
    3.00929580525   7.84356139538e-08  
    3.02133287881   9.28045177532e-08  
    3.03341826813   6.74066445561e-08  
    3.04555197494   6.40445417313e-08  
    3.05773425498   5.03888345166e-08  
    3.06996510682   4.43551273603e-08  
    3.08224504996   5.80275816274e-08  
    3.09457408611   7.10035047223e-08  
    3.10695221222   4.81949838197e-08  
    3.11937995887   6.37800633359e-08  
    3.13185759762   4.54209766324e-08  
    3.14438513044   6.71326566036e-08  
    3.15696255453   4.39253171891e-08  
    3.16959041803   4.10355947572e-08  
    3.18226872167     3.704086059e-08  
    3.19499774367   4.62305542507e-08  
     3.2077777664   5.93870234936e-08  
    3.22060907639   3.73006301512e-08  
    3.23349138593   4.41376482076e-08  
    3.24642526784   5.29734211187e-08  
    3.25941101458    5.0314424529e-08  
    3.27244862677   3.70047679858e-08  
    3.28553839867   3.69378606665e-08  
    3.29868062902   2.59713332495e-08  
    3.31187531768   1.51427146877e-08  
    3.32512276534   3.08137466872e-08  
    3.33842327728   2.25342415801e-08  
    3.35177716355   2.79666970062e-08  
    3.36518411244    1.6588420621e-08  
    3.37864506026   2.51006385305e-08  
    3.39215937671    2.3225793955e-08  
    3.40572801038   1.17778961824e-08  
    3.41935096495   9.46445205358e-09  
    3.43302856495   1.77611238017e-08  
     3.4467604828   8.20373840272e-09  
    3.46054770028     2.086511861e-08  
    3.47438988975   1.64046610649e-08  
    3.48828738091   1.66084762192e-08  
    3.50224050881   4.32465134356e-09  
    3.51624961393   2.46945900435e-08  
    3.53031435276   1.54452230094e-08  
    3.54443575556     1.364751302e-08  
    3.55861347905   1.55630766712e-08  
    3.57284786965   1.14835664239e-08  
    3.58713927957   1.72980829292e-08  
    3.60148770802   1.37054168309e-08  
    3.61589387213   2.17085210509e-08  
    3.63035741275   1.08509548569e-08  
    3.64487868866   2.17229559448e-09  
    3.65945843514   6.94098558929e-09  
    3.67409628525   9.62048217958e-09  
     3.6887926074    2.2397796089e-08  
    3.70354777632    1.8283709547e-08  
    3.71836179065    1.7530457306e-08  
    3.73323541447   1.32764273938e-08  
    3.74816826477   1.37934983626e-08  
    3.76316111576   2.50896915317e-08  
    3.77821357615   1.14882518537e-08  
    3.79332643045   2.02725548844e-08  
    3.80849968022   1.64700799022e-08  
    3.82373372567   1.45202052058e-08  
    3.83902856636   2.12908696313e-08  
    3.85438501793   2.10429279876e-08  
    3.86980225926   1.17618101652e-08  
    3.88528152486   2.45013941257e-08  
    3.90082282035   1.42252576003e-08  
    3.91642614544   2.68019115424e-08  
     3.9320919216   2.28910916949e-08  
    3.94782014671   6.93428396142e-09  
    3.96361124722   2.04199399624e-08  
     3.9794656573    1.2809559242e-08  
    3.99538381902   1.06537164738e-08  
    4.01136529223   1.81796036525e-08  
    4.02741051384   1.31891874559e-08  
    4.04352038115   1.07824452741e-08  
    4.05969444633   1.57888857938e-08  
    4.07593316003   1.09208243637e-08  
    4.09223698126   8.00828553396e-09  
    4.10860591058   1.12607306921e-08  
    4.12504041299   1.98241221866e-08  
    4.14154048768   1.96593851038e-08  
    4.15810660581   5.52320192385e-09  
    4.17473924737   1.12176554044e-08  
     4.1914379294    1.6355976193e-08  
    4.20820361671   1.01355608699e-08  
    4.22503631116    1.4308400992e-08  
    4.24193650599   2.79868817366e-09  
    4.25890420203   5.79493507075e-09  
    4.27593989945   6.20176770619e-09  
    4.29304359811   8.96464217752e-09  
    4.31021606223   2.85076011207e-09  
    4.32745677891     6.185563239e-09  
    4.34476677871   6.35644239955e-09  
    4.36214580283   8.77146665292e-09  
    4.37959437336                 0.0  
    4.39711275511   2.81764356759e-09  
    4.41470121473   2.87982389884e-09  
    4.43236002067                 0.0  
    4.45008944329    8.3464280051e-09  
    4.46788975486    3.1339915484e-09  
     4.4857612296                 0.0  
     4.5037044243   6.66976742794e-09  
    4.52171905834   2.95361004543e-09  
    4.53980597546                 0.0  
    4.55796517761   6.54380481749e-09  
    4.57619723913   3.11062821082e-09  
    4.59450186987                 0.0  
    4.61287994068                 0.0  
    4.63133145335   3.01134694986e-09  
    4.64985670171                 0.0  
    4.66845628346   3.11269175139e-09  
    4.68712989672   2.25622801812e-09  
    4.70587844804   2.99411826968e-09  
    4.72470193969                 0.0  
    4.74360098925    3.3221841545e-09  
    4.76257528571   2.26986201065e-09  
    4.78162544951   3.43621996196e-09  
    4.80075211388                 0.0  
    4.81995496102                 0.0  
    4.83923495122                 0.0  
    4.85859176224                 0.0  
    4.87802637057                 0.0  
    4.89753844961                 0.0  
     4.9171283236                 0.0  
    4.93679699404                 0.0  
    4.95654412786                 0.0  
    4.97637040127                 0.0  
    4.99627581409   3.63037550594e-09  
    5.01626105463                 0.0  
    5.03632612401   5.00657494361e-09  
    5.05647136933                 0.0  
    5.07669714118                 0.0  
    5.09700379373                 0.0  
    5.11739204703                 0.0  
    5.13786154103                 0.0  
    5.15841300039   8.73326633948e-09  
    5.17904679429   2.68712184697e-09  
    5.19976292187    8.9567713091e-09  
    5.22056175127   2.74094998852e-09  
    5.24144403461   5.35692923152e-09  
    5.26240977412                 0.0  
    5.28345973627   2.91030850245e-09  
    5.30459353645                 0.0  
    5.32581194655    2.7407985608e-09  
    5.34711496429   6.34588596381e-09  
     5.3685033765   9.41751066401e-09  
    5.38997758533                 0.0  
     5.4115375925    6.2925328889e-09  
    5.43318339149   3.22916577576e-09  
    5.45491620212   1.56598267844e-08  
    5.47673603057   6.43981391852e-09  
    5.49864287472   1.18097218448e-08  
    5.52063756715   5.92328976967e-09  
    5.54272010896   9.20927378852e-09  
    5.56489092113    2.9961312808e-08  
    5.58715042976   1.77405490636e-08  
    5.60949906616   2.13379286531e-08  
    5.63193726694   3.16462525699e-08  
    5.65446458961   3.75549139385e-08  
    5.67708279786   2.48754574633e-08  
    5.69979100731   3.45212044595e-08  
    5.72259010817   5.22160622636e-08  
    5.74548055411   4.47625607682e-08  
    5.76846234429    6.5695248601e-08  
      5.791536397    3.8432945594e-08  
    5.81470224819    4.8734255434e-08  
    5.83796129572   4.30984048818e-08  
    5.86131307274   5.46873647236e-08  
    5.88475852542   6.41518510404e-08  
    5.90829717285   6.20576298807e-08  
    5.93193045656   7.29478057085e-08  
    5.95565838363   9.88666426616e-08  
    5.97948095214   6.98262672768e-08  
    6.00339864953    6.3227470654e-08  
    6.02741247236   7.16878239254e-08  
    6.05152192044   6.41414615559e-08  
    6.07572799998   8.01451857296e-08  
    6.10003122573   1.20255864235e-07  
    6.12443108191   1.28055708388e-07  
    6.14892911878   1.03128317151e-07  
    6.17352481846   1.37570207556e-07  
    6.19821869966   1.18428634274e-07  
    6.22301182415   8.54216911198e-08  
    6.24790365848   1.33755539793e-07  
    6.27289527528   9.58602538639e-08  
    6.29798667496    1.2403695637e-07  
    6.32317895437   1.09351702832e-07  
    6.34847156357   6.03849329888e-08  
    6.37386561103   1.40183210303e-07  
    6.39936109829   1.15851641001e-07  
    6.42495858819    7.0418521289e-08  
    6.45065807628   1.20850395428e-07  
    6.47646070858   6.65064244171e-08  
    6.50236648851   8.51194877116e-08  
    6.52837599909   5.41406290562e-08  
    6.55448983217   7.60871499623e-08  
    6.58070739056   9.22522447929e-08  
     6.6070304631   5.64540883395e-08  
    6.63345845158   1.70781135521e-08  
    6.65999256893   5.94094972014e-08  
    6.68663220164   8.29478481112e-08  
    6.71337857646   7.15952228364e-08  
     6.7402323211    5.4535173699e-08  
    6.76719343966   4.13274014823e-08  
    6.79426192596   4.48514269926e-08  
    6.82143905059   4.59902812594e-08  
    6.84872481713    8.7198951638e-08  
    6.87611987273   5.07522047997e-08  
    6.90362421565   5.41589714401e-08  
    6.93123849806   1.43867219391e-08  
    6.95896338267   2.86076787458e-08  
    6.98679954287   1.52005381533e-08  
    7.01474698239   4.58600442438e-08  
    7.04280569424   3.23881826574e-08  
    7.07097704376   3.41193039299e-08  
    7.09926103526   2.95010063795e-08  
    7.12765766225   5.02182888966e-08  
    7.15616832394    2.0305040649e-08  
    7.18479302568   1.21981574835e-08  
    7.21353248167   2.79026984255e-08  
    7.24238669254   1.71480089631e-08  
    7.27135637916   2.33995280932e-08  
    7.30044153741    1.8162835535e-08  
    7.32964289499   1.38548880002e-08  
    7.35896194108   1.36694273496e-08  
    7.38839793625   4.63894828226e-09  
    7.41795162807                 0.0  
     7.4476230097   4.56178844673e-09  
    7.47741360958    9.1980200547e-09  
    7.50732343484   1.75606078058e-08  
    7.53735248125   9.19875393704e-09  
    7.56750152509   1.72121582906e-08  
     7.5977721547                 0.0  
    7.62816277835    2.9111747593e-08  
    7.65867579796   1.99743877678e-08  
    7.68931040992   5.01022959216e-09  
    7.72006742165    5.0006689877e-09  
    7.75094765492   1.49765815178e-08  
    7.78195194613   1.09983406405e-08  
    7.81307945788   5.00850291709e-09  
    7.84433186727                 0.0  
    7.87570917764   2.50819654402e-08  
    7.90721224521   1.54807818227e-08  
    7.93884106988   1.04777440515e-08  
    7.97059651818                 0.0  
    8.00247858663   1.63896111186e-08  
    8.03448815236   1.11433274478e-08  
    8.06662610855   5.49714342945e-09  
    8.09889336484   9.34490689865e-09  
     8.1312881039                 0.0  
    8.16381396885                 0.0  
    8.19646913217                 0.0  
    8.22925450488   5.49610758465e-09  
    8.26217195928    5.4980173111e-09  
     8.2952205599   5.48453537479e-09  
    8.32840124719   1.81850009238e-08  
    8.36171497933   4.34531670435e-09  
    8.39516175769                 0.0  
    8.42874255349   1.22199772931e-08  
    8.46245736585                 0.0  
     8.4963071794                 0.0  
    8.53029299759    2.0025218265e-08  
    8.56441381387   4.01962355843e-09  
    8.59867164433   4.60261399526e-09  
    8.63306597974                 0.0  
    8.66759835958   1.40252625671e-08  
    8.70226878849   1.78976280691e-08  
    8.73707778582   4.52638859368e-09  
    8.77202587434    2.1035976926e-08  
    8.80711411676     9.722888079e-09  
    8.84234251506   2.36698667483e-08  
    8.87771214789   4.06920874662e-08  
    8.91322301618   3.98106834329e-08  
    8.94887566111   9.47895734088e-09  
    8.98467118599   2.83005498057e-08  
    9.02061015324   6.96055211169e-08  
    9.05669256222   7.40250056818e-08  
    9.09291897023    1.0450986784e-07  
    9.12929109163   1.00932456611e-07  
    9.16580777681   1.02024940085e-07  
    9.20247133927   8.10827012929e-08  
     9.2392812011   5.73356106316e-08  
    9.27623794181   7.95471030555e-08  
    9.31334334528   8.42404678949e-08  
    9.35059681985   1.15381666057e-07  
    9.38799895942   1.02136328148e-07  
    9.42555097729   8.82290137698e-08  
    9.46325287276    9.5034057531e-08  
    9.50110587927   1.45866031819e-07  
    9.53911062623   8.67167069679e-08  
    9.57726711423   6.78515621196e-08  
    9.61557596868   1.32259210087e-07  
    9.65403846516   1.19719028737e-07  
    9.69265460608   1.54115586168e-07  
    9.73142503402   1.76209068584e-07  
    9.77035105768   1.85719623997e-07  
    9.80943201648   1.32376137601e-07  
    9.84866989689   1.76985800213e-07  
    9.88806470579   1.84579922966e-07  
    9.92761711669    1.4766837747e-07  
    9.96732712253   1.47057939017e-07  
    10.0071967787   1.77709414477e-07  
    10.0472253989   2.04983161551e-07  
    10.0874143706   2.13709375657e-06  
