      wave_micron            flux_mjy  
  0.0151862453319                 0.0  
  0.0152415497594                 0.0  
  0.0153025154167                 0.0  
  0.0153637250122                 0.0  
   0.015425180221                 0.0  
  0.0154868810502                 0.0  
  0.0155488291952                 0.0  
  0.0156110246563                 0.0  
    0.01567346915                 0.0  
  0.0157361626703                 0.0  
  0.0157991069548                 0.0  
   0.015862303773                 0.0  
  0.0159257531313                 0.0  
  0.0159894550112                 0.0  
  0.0160534130204                 0.0  
  0.0161176271782                 0.0  
    0.01618209748                 0.0  
  0.0162468257657                 0.0  
  0.0163118139096                 0.0  
  0.0163770600225                 0.0  
  0.0164425678735                 0.0  
  0.0165083393984                 0.0  
  0.0165743726785                 0.0  
  0.0166406696301                 0.0  
  0.0167072322062                 0.0  
  0.0167740623974                 0.0  
  0.0168411572105                 0.0  
   0.016908522642                 0.0  
  0.0169761566919                 0.0  
  0.0170440613842                 0.0  
  0.0171122377454                 0.0  
  0.0171806857636                 0.0  
  0.0172494085612                 0.0  
  0.0173184061489                 0.0  
  0.0173876806522                 0.0  
  0.0174572310007                 0.0  
  0.0175270593267                 0.0  
  0.0175971678042                 0.0  
  0.0176675564402                 0.0  
  0.0177382274428                 0.0  
  0.0178091796948                 0.0  
  0.0178804165444                 0.0  
  0.0179519379969                 0.0  
  0.0180237463309                 0.0  
  0.0180958415518                 0.0  
  0.0181682248063                 0.0  
  0.0182408972502                 0.0  
  0.0183138612366                 0.0  
  0.0183871167722                 0.0  
  0.0184606650422                 0.0  
  0.0185345072419                 0.0  
  0.0186086458034                 0.0  
  0.0186830795002                 0.0  
  0.0187578120217                 0.0  
  0.0188328433799                 0.0  
   0.018908174824                 0.0  
  0.0189838076149                 0.0  
  0.0190597430247                 0.0  
  0.0191359823377                 0.0  
  0.0192125255433                 0.0  
  0.0192893765535                 0.0  
  0.0193665340651                 0.0  
  0.0194439993799                 0.0  
  0.0195217751624                 0.0  
  0.0195998627725                 0.0  
  0.0196782622126                 0.0  
  0.0197569748375                 0.0  
  0.0198360034085                 0.0  
  0.0199153465324                 0.0  
  0.0199950084036                 0.0  
  0.0200749890399                 0.0  
  0.0201552884287                 0.0  
  0.0202359094264                 0.0  
  0.0203168534892                 0.0  
  0.0203981206156                 0.0  
   0.020479713743                 0.0  
  0.0205616313812                 0.0  
  0.0206438779969                 0.0  
  0.0207264536059                 0.0  
  0.0208093597257                 0.0  
  0.0208925978913                 0.0  
  0.0209761680966                 0.0  
  0.0210600718742                 0.0  
  0.0211443123573                 0.0  
  0.0212288895558                 0.0  
  0.0213138050564                 0.0  
   0.021399060464                 0.0  
  0.0214846574026                 0.0  
  0.0215705958681                 0.0  
   0.021656877484                 0.0  
  0.0217435055676                 0.0  
  0.0218304801344                 0.0  
  0.0219178011671                 0.0  
  0.0220054720439                 0.0  
  0.0220934944899                 0.0  
  0.0221818685095                 0.0  
  0.0222705958296                 0.0  
  0.0223596781988                 0.0  
  0.0224491173879                 0.0  
  0.0225389133917                 0.0  
  0.0226290697965                 0.0  
  0.0227195847868                 0.0  
  0.0228104638233                 0.0  
  0.0229017050792                 0.0  
  0.0229933122501                 0.0  
  0.0230852853412                 0.0  
  0.0231776262249                 0.0  
  0.0232703367986                 0.0  
  0.0233634189851                 0.0  
  0.0234568727853                 0.0  
  0.0235507001277                 0.0  
  0.0236449029677                 0.0  
  0.0237394812916                 0.0  
  0.0238344410841                 0.0  
  0.0239297783475                 0.0  
  0.0240254970945                 0.0  
  0.0241215993701                 0.0  
  0.0242180851719                 0.0  
  0.0243149586469                 0.0  
   0.024412217708                 0.0  
  0.0245098665449                 0.0  
  0.0246079051568                 0.0  
   0.024706337828                 0.0  
  0.0248051624068                 0.0  
  0.0249043832227                 0.0  
  0.0250040002793                 0.0  
  0.0251040180052                 0.0  
  0.0252044341848                 0.0  
  0.0253052510271                 0.0  
  0.0254064730603                 0.0  
   0.025508098007                 0.0  
  0.0256101304453                 0.0  
  0.0257125703795                 0.0  
  0.0258154201345                 0.0  
  0.0259186820709                 0.0  
  0.0260223585857                 0.0  
  0.0261264472785                 0.0  
  0.0262309529415                 0.0  
  0.0263358755693                 0.0  
  0.0264412200677                 0.0  
  0.0265469839736                 0.0  
  0.0266531722503                 0.0  
   0.026759784909                 0.0  
  0.0268668244763                 0.0  
  0.0269742909428                 0.0  
  0.0270821894517                 0.0  
  0.0271905174168                 0.0  
  0.0272992800437                 0.0  
   0.027408477344                 0.0  
  0.0275181119692                 0.0  
  0.0276281839109                 0.0  
  0.0277386958433                 0.0  
  0.0278496504844                 0.0  
  0.0279610505974                 0.0  
    0.02807289341                 0.0  
  0.0281851844569                 0.0  
   0.028297926573                 0.0  
  0.0284111169242                 0.0  
  0.0285247611853                 0.0  
  0.0286388622665                 0.0  
  0.0287534172723                 0.0  
   0.028868429072                 0.0  
  0.0289839035587                 0.0  
  0.0290998407737                 0.0  
  0.0292162376922                 0.0  
  0.0293331033349                 0.0  
   0.029450437755                 0.0  
  0.0295682378656                 0.0  
  0.0296865097975                 0.0  
  0.0298052566889                 0.0  
  0.0299244785621                 0.0  
  0.0300441753939                 0.0  
  0.0301643535589                 0.0  
  0.0302850098474                 0.0  
  0.0304061507215                 0.0  
  0.0305277762053                 0.0  
  0.0306498862764                 0.0  
  0.0307724842184                 0.0  
  0.0308955767542                 0.0  
  0.0310191571473                 0.0  
  0.0311432355684                 0.0  
   0.031267808621                 0.0  
  0.0313928797303                 0.0  
  0.0315184488667                 0.0  
  0.0316445230436                 0.0  
  0.0317711023035                 0.0  
   0.031898186641                 0.0  
  0.0320257796335                 0.0  
  0.0321538812643                 0.0  
  0.0322824988477                 0.0  
  0.0324116287246                 0.0  
  0.0325412745672                 0.0  
  0.0326714401172                 0.0  
  0.0328021253768                 0.0  
  0.0329333341384                 0.0  
  0.0330650663953                 0.0  
  0.0331973259923                 0.0  
  0.0333301168478                 0.0  
  0.0334634350245                 0.0  
  0.0335972923954                 0.0  
  0.0337316790047                 0.0  
  0.0338666068614                 0.0  
  0.0340020739821                 0.0  
  0.0341380803297                 0.0  
  0.0342746341343                 0.0  
  0.0344117312592                 0.0  
  0.0345493800619                 0.0  
  0.0346875763345                 0.0  
  0.0348263264174                 0.0  
  0.0349656324733                 0.0  
   0.035105494499                 0.0  
  0.0352459168363                 0.0  
   0.035386899479                 0.0  
  0.0355284490714                 0.0  
  0.0356705611534                 0.0  
  0.0358132446918                 0.0  
  0.0359564974426                 0.0  
  0.0361003239563                 0.0  
  0.0362447242236                 0.0  
  0.0363897028683                 0.0  
  0.0365352622447                 0.0  
  0.0366814023445                 0.0  
  0.0368281279061                 0.0  
  0.0369754413435                 0.0  
   0.037123342652                 0.0  
  0.0372718366889                 0.0  
  0.0374209234529                 0.0  
  0.0375706078835                 0.0  
  0.0377208899839                 0.0  
  0.0378717722387                 0.0  
  0.0380232597152                 0.0  
  0.0381753524251                 0.0  
  0.0383280555238                 0.0  
  0.0384813664089                 0.0  
  0.0386352929064                 0.0  
  0.0387898350439                 0.0  
  0.0389449927899                 0.0  
  0.0391007741739                 0.0  
  0.0392571765096                 0.0  
  0.0394142052156                 0.0  
  0.0395718630527                 0.0  
   0.039730150015                 0.0  
   0.039889068853                 0.0  
  0.0400486251849                 0.0  
  0.0402088218867                 0.0  
  0.0403696560937                 0.0  
  0.0405311335129                 0.0  
  0.0406932599743                 0.0  
  0.0408560325667                 0.0  
  0.0410194571599                 0.0  
  0.0411835337443                 0.0  
  0.0413482683014                 0.0  
  0.0415136608397                 0.0  
  0.0416797143802                 0.0  
  0.0418464350782                 0.0  
  0.0420138198473                 0.0  
  0.0421818748882                 0.0  
  0.0423506033619                 0.0  
  0.0425200052653                 0.0  
  0.0426900869832                 0.0  
  0.0428608452837                 0.0  
  0.0430322898797                 0.0  
  0.0432044175118                 0.0  
  0.0433772347439                 0.0  
  0.0435507449271                 0.0  
  0.0437249480686                 0.0  
   0.043899847521                 0.0  
  0.0440754466782                 0.0  
   0.044251748976                 0.0  
  0.0444287543985                 0.0  
  0.0446064699073                 0.0  
  0.0447848955181                 0.0  
  0.0449640383375                 0.0  
  0.0451438911989                 0.0  
  0.0453244684591                 0.0  
  0.0455057665374                 0.0  
  0.0456877890588                 0.0  
  0.0458705396955                 0.0  
  0.0460540221685                 0.0  
  0.0462382402479                 0.0  
  0.0464231901229                 0.0  
  0.0466088831745                 0.0  
  0.0467953194487                 0.0  
  0.0469825028285                 0.0  
  0.0471704293711                 0.0  
  0.0473591147907                 0.0  
   0.047548551218                 0.0  
  0.0477387425614                 0.0  
  0.0479296968511                 0.0  
   0.048121418203                 0.0  
  0.0483139025256                 0.0  
  0.0485071580195                 0.0  
  0.0487011888768                 0.0  
  0.0488959908834                 0.0  
  0.0490915766829                 0.0  
  0.0492879420471                 0.0  
  0.0494850955426                 0.0  
  0.0496830328255                 0.0  
  0.0498817669577                 0.0  
  0.0500812935832                 0.0  
  0.0502816170811                 0.0  
  0.0504827464078                 0.0  
  0.0506846770853                 0.0  
  0.0508874135835                 0.0  
  0.0510909650607                 0.0  
  0.0512953269164                 0.0  
  0.0515005084112                 0.0  
  0.0517065095584                 0.0  
  0.0519133398359                 0.0  
  0.0521209897077                 0.0  
  0.0523294734927                 0.0  
  0.0525387912309                 0.0  
   0.052748947809                 0.0  
  0.0529599432243                 0.0  
  0.0531717823989                 0.0  
  0.0533844703326                 0.0  
  0.0535980070184                 0.0  
  0.0538124026211                 0.0  
  0.0540276520462                 0.0  
  0.0542437603713                 0.0  
  0.0544607380071                 0.0  
  0.0546785797359                 0.0  
  0.0548972960957                 0.0  
  0.0551168817443                 0.0  
  0.0553373527706                 0.0  
  0.0555586983713                 0.0  
  0.0557809348548                 0.0  
  0.0560040567579                 0.0  
  0.0562280751482                 0.0  
  0.0564529844364                 0.0  
  0.0566787958303                 0.0  
  0.0569055150795                 0.0  
  0.0571331364721                 0.0  
  0.0573616656758                 0.0  
  0.0575911143271                 0.0  
  0.0578214765912                 0.0  
  0.0580527642567                 0.0  
  0.0582849773746                 0.0  
  0.0585181159072                 0.0  
  0.0587521858386                 0.0  
  0.0589871994171                 0.0  
  0.0592231443552                 0.0  
  0.0594600391771                 0.0  
  0.0596978776747                 0.0  
  0.0599366724289                 0.0  
  0.0601764171007                 0.0  
  0.0604171244428                 0.0  
  0.0606587944978                 0.0  
  0.0609014272165                 0.0  
   0.061145029075                 0.0  
  0.0613896133384                 0.0  
  0.0616351734263                 0.0  
  0.0618817092309                 0.0  
  0.0621292410506                 0.0  
  0.0623777552976                 0.0  
  0.0626272656272                 0.0  
  0.0628777720403                 0.0  
   0.063129288554                 0.0  
  0.0633818010893                 0.0  
  0.0636353308644                 0.0  
   0.063889870777                 0.0  
  0.0641454352523                 0.0  
  0.0644020170518                 0.0  
  0.0646596234095                 0.0  
   0.064918261695                 0.0  
  0.0651779318951                 0.0  
   0.065438641478                 0.0  
  0.0657003980535                 0.0  
  0.0659632016714                 0.0  
  0.0662270522815                 0.0  
  0.0664919653869                 0.0  
   0.066757933217                 0.0  
  0.0670249635555                 0.0  
  0.0672930643361                 0.0  
  0.0675622355631                 0.0  
   0.067832481211                 0.0  
  0.0681038134915                 0.0  
  0.0683762283497                 0.0  
   0.068649734011                 0.0  
  0.0689243304506                 0.0  
  0.0692000302551                 0.0  
  0.0694768292185                 0.0  
  0.0697547358146                 0.0  
  0.0700337543427                 0.0  
  0.0703138891334                 0.0  
  0.0705951445493                 0.0  
  0.0708775249857                 0.0  
  0.0711610348713                 0.0  
  0.0714456786688                 0.0  
  0.0717314654303                 0.0  
  0.0720183906152                 0.0  
   0.072306463311                 0.0  
  0.0725956881234                 0.0  
  0.0728860696955                 0.0  
  0.0731776174494                 0.0  
  0.0734703266627                 0.0  
  0.0737642067987                 0.0  
  0.0740592626587                 0.0  
  0.0743554990853                 0.0  
  0.0746529258973                 0.0  
  0.0749515332222                 0.0  
   0.075251340833                 0.0  
  0.0755523488135                 0.0  
  0.0758545571332                 0.0  
  0.0761579759141                 0.0  
  0.0764626051371                 0.0  
  0.0767684551004                 0.0  
  0.0770755310579                 0.0  
  0.0773838330132                 0.0  
   0.077693366195                 0.0  
  0.0780041412693                 0.0  
   0.078316158267                 0.0  
   0.078629422573                 0.0  
  0.0789439396258                 0.0  
   0.079259714919                 0.0  
  0.0795767540021                 0.0  
  0.0798950624814                 0.0  
  0.0802146403258                 0.0  
  0.0805354988643                 0.0  
  0.0808576438804                 0.0  
  0.0811810753857                 0.0  
  0.0815057991484                 0.0  
  0.0818318209987                 0.0  
  0.0821591468305                 0.0  
  0.0824877826019                 0.0  
   0.082817734337                 0.0  
  0.0831490081274                 0.0  
  0.0834816039632                 0.0  
  0.0838155279262                 0.0  
  0.0841507924355                 0.0  
  0.0844873975438                 0.0  
  0.0848253431751                 0.0  
  0.0851646483849                 0.0  
  0.0855053068237                 0.0  
  0.0858473248539                 0.0  
  0.0861907154896                 0.0  
  0.0865354787741                 0.0  
  0.0868816213016                 0.0  
  0.0872291430099                 0.0  
  0.0875780640725                 0.0  
  0.0879283778012                 0.0  
  0.0882800909551                 0.0  
  0.0886332103769                 0.0  
   0.088987742995                 0.0  
  0.0893436887586                 0.0  
  0.0897010688489                 0.0  
  0.0900598690908                 0.0  
  0.0904201109028                 0.0  
  0.0907817943694                 0.0  
  0.0911449194373                 0.0  
  0.0915095007394                 0.0  
  0.0918755382958                 0.0  
  0.0922430395187                 0.0  
  0.0926120119188                 0.0  
  0.0929824554535                 0.0  
  0.0933543853675                 0.0  
  0.0937278094776                 0.0  
  0.0941027200284                 0.0  
  0.0944791246749                 0.0  
  0.0948570471081                 0.0  
  0.0952364714898                 0.0  
  0.0956174217934                 0.0  
  0.0959998899854                 0.0  
  0.0963838840736                 0.0  
  0.0967694204686                 0.0  
  0.0971564992491                 0.0  
  0.0975451287698                 0.0  
  0.0979353090143                 0.0  
  0.0983270483749                 0.0  
  0.0987203553653                 0.0  
  0.0991152386231                 0.0  
  0.0995116981457                 0.0  
  0.0999097426147                 0.0  
    0.10030938084                 0.0  
   0.100710621762                 0.0  
   0.101113465403                 0.0  
   0.101517920754                 0.0  
   0.101923987748                 0.0  
   0.102331684696                 0.0  
   0.102741011658                 0.0  
   0.103151977956                 0.0  
   0.103564583561                 0.0  
   0.103978847424                 0.0  
   0.104394760008                 0.0  
   0.104812340481                 0.0  
   0.105231588867                 0.0  
   0.105652514907                 0.0  
   0.106075128499                 0.0  
   0.106499419612                 0.0  
   0.106925418218                 0.0  
   0.107353124484                 0.0  
   0.107782538416                 0.0  
   0.108213670222                 0.0  
   0.108646519823                 0.0  
   0.109081108043                 0.0  
   0.109517434971                 0.0  
   0.109955500532                 0.0  
   0.110395326059                 0.0  
   0.110836900777                 0.0  
   0.111280257246                 0.0  
   0.111725373653                 0.0  
   0.112172271863                 0.0  
   0.112620963053                 0.0  
   0.113071447266                 0.0  
   0.113523735783                 0.0  
   0.113977828572                 0.0  
   0.114433737023                 0.0  
   0.114891472716                 0.0  
    0.11535103565                 0.0  
   0.115812449396                 0.0  
   0.116275690229                 0.0  
   0.116740793807                 0.0  
   0.117207760277                 0.0  
   0.117676589609                 0.0  
   0.118147293948                 0.0  
   0.118619885655                 0.0  
   0.119094364748                 0.0  
   0.119570743719                 0.0  
   0.120049022526                 0.0  
    0.12052922666                 0.0  
   0.121011343361                 0.0  
   0.121495385402                 0.0  
   0.121981365789                 0.0  
   0.122469297759                 0.0  
   0.122959168018                 0.0  
   0.123451003131                 0.0  
   0.123944816734                 0.0  
   0.124440595291                 0.0  
   0.124938352277                 0.0  
   0.125438101413                 0.0  
   0.125939856671                 0.0  
   0.126443618128                 0.0  
   0.126949385666                 0.0  
   0.127457187735                 0.0  
   0.127967024514                 0.0  
   0.128478881376                 0.0  
   0.128992801948                 0.0  
   0.129508771677                 0.0  
   0.130026805273                 0.0  
   0.130546917724                 0.0  
    0.13106910909                 0.0  
   0.131593379236                 0.0  
   0.132119758725                 0.0  
   0.132648232174                 0.0  
   0.133178830608                 0.0  
   0.133711538364                 0.0  
   0.134246386932                 0.0  
   0.134783368412                 0.0  
   0.135322506858                 0.0  
   0.135863794217                 0.0  
    0.13640724667                 0.0  
   0.136952880717                 0.0  
   0.137500688072                 0.0  
   0.138050693715                 0.0  
   0.138602897709                 0.0  
   0.139157308481                 0.0  
   0.139713934513                 0.0  
   0.140272793062                 0.0  
   0.140833884164                 0.0  
   0.141397216493                 0.0  
   0.141962807704                 0.0  
   0.142530657824                 0.0  
   0.143100784789                 0.0  
    0.14367318862                 0.0  
   0.144247878329                 0.0  
   0.144824872283                 0.0  
   0.145404170505                 0.0  
   0.145985782226                 0.0  
   0.146569726264                 0.0  
   0.147156012234                 0.0  
   0.147744630509                 0.0  
   0.148335609884                 0.0  
   0.148928950407                 0.0  
   0.149524671689                 0.0  
   0.150122763818                 0.0  
   0.150723256556                 0.0  
   0.151326149986                 0.0  
   0.151931454179                 0.0  
   0.152539179298                 0.0  
   0.153149335602                 0.0  
   0.153761933445                 0.0  
    0.15437698328                 0.0  
   0.154994495661                 0.0  
   0.155614470527                 0.0  
   0.156236929183                 0.0  
   0.156861871606                 0.0  
   0.157489319487                 0.0  
   0.158119283907                 0.0  
   0.158751753754                 0.0  
   0.159386762292                 0.0  
   0.160024309612                 0.0  
   0.160664406987                 0.0  
   0.161307065808                 0.0  
   0.161952297587                 0.0  
   0.162600102255                 0.0  
   0.163250503087                 0.0  
   0.163903500077                 0.0  
   0.164559116943                 0.0  
   0.165217353748                 0.0  
   0.165878222483                 0.0  
   0.166541735275                 0.0  
   0.167207904386                 0.0  
   0.167876742216                 0.0  
   0.168548248734                 0.0  
   0.169222436325                 0.0  
   0.169899330296                 0.0  
   0.170578917867                 0.0  
   0.171261237522                 0.0  
   0.171946289458                 0.0  
   0.172634073617                 0.0  
   0.173324602972                 0.0  
   0.174017904054                 0.0  
   0.174713976962                 0.0  
   0.175412835149                 0.0  
   0.176114478504                 0.0  
   0.176818948161                 0.0  
   0.177526216562                 0.0  
   0.178236325294                 0.0  
   0.178949274492                 0.0  
   0.179665064019                 0.0  
   0.180383722267                 0.0  
    0.18110526375                 0.0  
   0.181829673902                 0.0  
   0.182556996418                 0.0  
   0.183287231512                 0.0  
   0.184020379125                 0.0  
    0.18475645402                 0.0  
   0.185495486389                 0.0  
   0.186237461056                 0.0  
   0.186982408495                 0.0  
   0.187730344282                 0.0  
   0.188481268478                 0.0  
    0.18923519671                 0.0  
    0.18999212884                 0.0  
   0.190752096649                 0.0  
   0.191515116419                 0.0  
    0.19228117193                 0.0  
   0.193050295632                 0.0  
   0.193822487473                 0.0  
   0.194597780629                 0.0  
   0.195376175252                 0.0  
   0.196157688231                 0.0  
   0.196942319531                 0.0  
    0.19773008612                 0.0  
   0.198521005214                 0.0  
   0.199315094279                 0.0  
   0.200112353314                 0.0  
    0.20091279988                 0.0  
   0.201716451797                 0.0  
   0.202523308997                 0.0  
   0.203333407701                 0.0  
   0.204146748093                 0.0  
   0.204963330048                 0.0  
   0.205783171868                 0.0  
   0.206606311029                 0.0  
   0.207432728761                 0.0  
   0.208262462965                 0.0  
   0.209095513742                 0.0  
   0.209931900383                 0.0  
   0.210771622814                 0.0  
   0.211614720282                 0.0  
   0.212461173033                 0.0  
   0.213311020775                 0.0  
   0.214164263564                 0.0  
   0.215020921596                 0.0  
   0.215880994763                 0.0  
    0.21674452421                 0.0  
   0.217611510156                 0.0  
   0.218481952493                 0.0  
   0.219355872072                 0.0  
   0.220233311555                 0.0  
   0.221114228075                 0.0  
   0.221998686117                 0.0  
   0.222886685943                 0.0  
   0.223778227476                 0.0  
   0.224673354985                 0.0  
   0.225572046251                 0.0  
   0.226474323402                 0.0  
   0.227380231819                 0.0  
   0.228289748794                 0.0  
   0.229202897043                 0.0  
   0.230119723105                 0.0  
   0.231040203786                 0.0  
   0.231964362419                 0.0  
   0.232892222738                 0.0  
   0.233823784687                 0.0  
   0.234759072245                 0.0  
   0.235698109808                 0.0  
   0.236640897408                 0.0  
   0.237587459704                 0.0  
   0.238537821784                 0.0  
   0.239491983793                 0.0  
   0.240449945509                 0.0  
   0.241411732136                 0.0  
   0.242377395329                 0.0  
   0.243346883189                 0.0  
    0.24432027388                 0.0  
   0.245297567815                 0.0  
   0.246278765038                 0.0  
    0.24726386522                 0.0  
   0.248252922202                 0.0  
   0.249245936192                 0.0  
   0.250242934734                 0.0  
   0.251243889998                 0.0  
   0.252248857367                 0.0  
   0.253257865238                 0.0  
   0.254270885298                 0.0  
   0.255287974471                 0.0  
   0.256309132972                 0.0  
   0.257334360629                 0.0  
   0.258363715964                 0.0  
   0.259397169641                 0.0  
   0.260434751023                 0.0  
   0.261476490028                 0.0  
   0.262522386629                 0.0  
   0.263572471153                 0.0  
   0.264626774498                 0.0  
   0.265685265663                 0.0  
   0.266748006725                 0.0  
   0.267814997867                 0.0  
   0.268886270863                 0.0  
   0.269961825843                 0.0  
   0.271041662523                 0.0  
   0.272125829369                 0.0  
   0.273214342954                 0.0  
   0.274307186659                 0.0  
   0.275404426841                 0.0  
   0.276506046976                 0.0  
   0.277612063688                 0.0  
   0.278722510916                 0.0  
   0.279837405931                 0.0  
   0.280956748664                 0.0  
   0.282080573835                 0.0  
     0.2832088991                 0.0  
   0.284341742253                 0.0  
   0.285479103186                 0.0  
   0.286621017715                 0.0  
    0.28776750405                 0.0  
   0.288918580543                 0.0  
   0.290074247075                 0.0  
   0.291234540623                 0.0  
   0.292399479992                 0.0  
   0.293569084143                 0.0  
   0.294743352973                 0.0  
   0.295922324686                 0.0  
   0.297106018732                 0.0  
    0.29829443504                 0.0  
    0.29948761278                 0.0  
   0.300685571921                 0.0  
   0.301888312441                 0.0  
    0.30309587452                 0.0  
   0.304308258181                 0.0  
   0.305525483642                 0.0  
   0.306747592131                 0.0  
   0.307974583754                 0.0  
   0.309206479307                 0.0  
   0.310443299785                 0.0  
   0.311685066389                 0.0  
   0.312931822196                 0.0  
   0.314183545656                 0.0  
   0.315440280101                 0.0  
   0.316702047589                 0.0  
   0.317968848024                 0.0  
   0.319240725932                 0.0  
   0.320517681318                 0.0  
    0.32179975953                 0.0  
   0.323086960685                 0.0  
   0.324379307693                 0.0  
   0.325676823708                 0.0  
   0.326979532134                 0.0  
   0.328287432778                 0.0  
   0.329600597068                 0.0  
   0.330919001291                 0.0  
   0.332242669315                 0.0  
   0.333571649902                 0.0  
   0.334905918403                 0.0  
   0.336245548955                 0.0  
   0.337590541904                 0.0  
   0.338940897082                 0.0  
   0.340296665061                 0.0  
   0.341657845854                 0.0  
   0.343024491036                 0.0  
   0.344396574568                 0.0  
   0.345774174887                 0.0  
   0.347157265742                 0.0  
   0.348545900161                 0.0  
   0.349940078147                 0.0  
   0.351339826487                 0.0  
   0.352745199837                 0.0  
   0.354156170793                 0.0  
   0.355572794473                 0.0  
   0.356995099023                 0.0  
   0.358423056085                 0.0  
   0.359856750479                 0.0  
   0.361296182545                 0.0  
   0.362741381197                 0.0  
   0.364192346371                 0.0  
   0.365649107033                 0.0  
   0.367111692529                 0.0  
   0.368580162657                 0.0  
   0.370054457347                 0.0  
   0.371534697329                 0.0  
   0.373020821886                 0.0  
   0.374512922982                 0.0  
   0.376010969812                 0.0  
   0.377514993083                 0.0  
   0.379025055715                 0.0  
   0.380541157981                 0.0  
    0.38206333188                 0.0  
   0.383591577294                 0.0  
   0.385125959166                 0.0  
   0.386666444678                 0.0  
   0.388213132782                 0.0  
   0.389765956915                 0.0  
   0.391325051123                 0.0  
   0.392890348197                 0.0  
   0.394461915901                 0.0  
   0.396039754161                 0.0  
   0.397623897285                 0.0  
   0.399214415358                 0.0  
   0.400811273444                 0.0  
   0.402414506544                 0.0  
   0.404024150177                 0.0  
   0.405640240394                 0.0  
   0.407262813787                 0.0  
   0.408891870496                 0.0  
    0.41052744734                 0.0  
   0.412169544098                 0.0  
   0.413818235712                 0.0  
   0.415473484303                 0.0  
   0.417135404168                 0.0  
   0.418803918566                 0.0  
   0.420479143282                 0.0  
    0.42216107887                 0.0  
   0.423849725244                 0.0  
    0.42554512175                 0.0  
   0.427247308353                 0.0  
   0.428956284932                 0.0  
   0.430672091755                 0.0  
   0.432394811114                 0.0  
   0.434124360447                 0.0  
   0.435860864087                 0.0  
   0.437604322571                 0.0  
   0.439354735776                 0.0  
   0.441112145969                 0.0  
    0.44287659611                 0.0  
   0.444648086107                 0.0  
   0.446426703405                 0.0  
   0.448212404196                 0.0  
   0.450005232208                 0.0  
   0.451805277075                 0.0  
    0.45361249401                 0.0  
   0.455426927892                 0.0  
    0.45724867063                 0.0  
    0.45907762982                 0.0  
    0.46091394446                 0.0  
   0.462757615155                 0.0  
   0.464608641808                 0.0  
   0.466467071771                 0.0  
   0.468332953209                 0.0  
   0.470206286192                 0.0  
   0.472087119393                 0.0  
   0.473975452618                 0.0  
   0.475871335061                 0.0  
   0.477774816778                 0.0  
    0.47968594871                 0.0  
   0.481604680029                 0.0  
   0.483531112768                 0.0  
   0.485465247193                 0.0  
   0.487407082836                 0.0  
    0.48935672447                 0.0  
   0.491314119229                 0.0  
   0.493279373346                 0.0  
   0.495252541446                 0.0  
   0.497233514987                 0.0  
   0.499222456958                 0.0  
   0.501219368051                 0.0  
   0.503224248203                 0.0  
   0.505237153073                 0.0  
   0.507258082401                 0.0  
   0.509287092547                 0.0  
   0.511324240917                 0.0  
   0.513369527656                 0.0  
    0.51542301092                 0.0  
   0.517484749951                 0.0  
   0.519554685619                 0.0  
    0.52163287653                 0.0  
   0.523719382401                 0.0  
   0.525814264075                 0.0  
   0.527917521869                 0.0  
    0.53002921747                 0.0  
   0.532149351069                 0.0  
   0.534277922046                 0.0  
   0.536415056314                 0.0  
   0.538560690453                 0.0  
   0.540714952292                 0.0  
   0.542877809892                 0.0  
   0.545049328073                 0.0  
   0.547229506639                 0.0  
    0.54941844476   3.41838510022e-11  
   0.551616109283                 0.0  
   0.553822566959                 0.0  
   0.556037851638                 0.0  
   0.558261997412                 0.0  
   0.560495073378                 0.0  
   0.562737044876                 0.0  
   0.564987981235                 0.0  
   0.567247953161                 0.0  
   0.569516925098                 0.0  
   0.571795004185                 0.0  
    0.57408219074                 0.0  
   0.576378520968                 0.0  
   0.578684031361                 0.0  
   0.580998758706   3.66713903852e-11  
    0.58332274009                 0.0  
   0.585656050859                 0.0  
   0.587998653113                 0.0  
   0.590350661093                 0.0  
   0.592712075199   7.43150906212e-11  
   0.595082894929   3.81536608522e-11  
   0.597463237368                 0.0  
   0.599853103008                 0.0  
   0.602252491434                 0.0  
   0.604661522677    7.5805144891e-11  
   0.607080156581   1.13710205659e-10  
   0.609508474096   1.13761690726e-10  
   0.611946516412   3.86198025273e-11  
   0.614394325111                 0.0  
   0.616851900062                 0.0  
   0.619319282636   1.57215197215e-10  
   0.621796557381   7.90551470601e-11  
   0.624283767493   1.16900392775e-10  
   0.626780869656    8.1026686347e-11  
   0.629287993483                 0.0  
    0.63180518347                 0.0  
   0.634332395511                 0.0  
   0.636869717762   3.97901989351e-11  
   0.639417195011   8.07941735742e-11  
   0.641974872512   4.11530409854e-11  
   0.644542750024                 0.0  
   0.647120918993                 0.0  
   0.649709426118   8.20585801328e-11  
   0.652308271514                 0.0  
   0.654917501763   4.06953331068e-11  
   0.657537163955                 0.0  
   0.660167305694   8.34971561188e-11  
    0.66280797511    1.6612007483e-10  
   0.665459220872   1.29197599431e-10  
   0.668121042799   8.35915711693e-11  
    0.67079353927                 0.0  
   0.673476710427                 0.0  
   0.676170605981   8.81643470998e-11  
   0.678875276214                 0.0  
   0.681590771994   8.92515030124e-11  
   0.684317144785                 0.0  
   0.687054446662                 0.0  
    0.68980262501                 0.0  
   0.692561836779                 0.0  
   0.695332082421                 0.0  
   0.698113415263                 0.0  
   0.700905889283                 0.0  
   0.703709504325                 0.0  
   0.706524369631                 0.0  
   0.709350429842                 0.0  
   0.712187851239                 0.0  
   0.715036578075                 0.0  
   0.717896722797                 0.0  
   0.720768342898                 0.0  
   0.723651380715                 0.0  
   0.726546009278                 0.0  
    0.72945217056                 0.0  
   0.732369981607                 0.0  
   0.735299502293                 0.0  
   0.738240672671                 0.0  
   0.741193612111                 0.0  
   0.744158442711                 0.0  
   0.747135042275   4.73207878688e-11  
   0.750123594847                 0.0  
   0.753124100979                 0.0  
   0.756136560078                 0.0  
   0.759161097933                 0.0  
    0.76219777895   4.66814059007e-11  
   0.765246538827                 0.0  
   0.768307571306                 0.0  
   0.771380745977   4.93529714714e-11  
   0.774466325285                 0.0  
   0.777564177525                 0.0  
    0.78067443531   4.90372329742e-11  
   0.783797098384                 0.0  
   0.786932302339                 0.0  
   0.790080047785                 0.0  
   0.793240334132                 0.0  
   0.796413299943   5.26559409926e-11  
   0.799598945532                 0.0  
   0.802797341314                 0.0  
   0.806008558748    5.4254222253e-11  
   0.809232597891                 0.0  
    0.81246953061                 0.0  
   0.815719429854                 0.0  
    0.81898229545   5.89642640711e-11  
   0.822258200786                 0.0  
   0.825547220369                 0.0  
   0.828849429845                 0.0  
   0.832164829396   5.46959311259e-11  
   0.835493495177                 0.0  
   0.838835426658                 0.0  
   0.842190778997                 0.0  
    0.84555955283                 0.0  
   0.848941827263                 0.0  
   0.852337602258    5.6106555467e-11  
    0.85574695751                 0.0  
   0.859169892294   1.62419346816e-10  
   0.862606569239                 0.0  
   0.866056988902   5.40195813684e-11  
   0.869521234191   5.46044734419e-11  
   0.872999305016                 0.0  
   0.876491284963                 0.0  
   0.879997258979                 0.0  
   0.883517313402                 0.0  
   0.887051361841                 0.0  
    0.89059957708                 0.0  
   0.894161959174                 0.0  
   0.897738595996   5.82052075484e-11  
   0.901329576884                 0.0  
   0.904934902051                 0.0  
    0.90855457033                 0.0  
   0.912188855376                 0.0  
    0.91583757419                 0.0  
   0.919500910695   6.19500719919e-11  
    0.92317895905   6.23396819558e-11  
   0.926871624892   1.24780103015e-10  
   0.930579096884   6.12284757728e-11  
   0.934301471767   1.25095916851e-10  
   0.938038653215                 0.0  
   0.941790834809                 0.0  
   0.945558017068                 0.0  
   0.949340199073                 0.0  
   0.953137579495                 0.0  
   0.956950159285                 0.0  
   0.960777937946                 0.0  
   0.964621016469                 0.0  
   0.968479497641    6.1727408969e-11  
   0.972353486075   6.13505645394e-11  
    0.97624287733   6.28465298166e-11  
   0.980147774721   6.49298767959e-11  
   0.984068390582                 0.0  
   0.988004726545                 0.0  
   0.991956673874                 0.0  
   0.995924557853   6.56334196766e-11  
    0.99990827019                 0.0  
     1.0039079206                 0.0  
    1.00792350839                 0.0  
    1.01195514463                 0.0  
    1.01600305669   6.72771769058e-11  
    1.02006701708    6.2310082664e-11  
     1.0241472537   6.94786624381e-11  
    1.02824388327                 0.0  
    1.03235690673   1.36604747871e-10  
    1.03648632346                 0.0  
    1.04063225109                 0.0  
    1.04479480945                 0.0  
    1.04897399887                 0.0  
     1.0531698181                 0.0  
    1.05738251166                 0.0  
    1.06161208096                 0.0  
    1.06585852578                 0.0  
    1.07012197099                 0.0  
    1.07440241613                 0.0  
    1.07870005221                 0.0  
    1.08301481519                 0.0  
    1.08734689895                 0.0  
    1.09169630414                 0.0  
    1.09606302978   6.74575911777e-11  
    1.10044734116   7.05603676982e-11  
    1.10484910523                 0.0  
    1.10926852335                 0.0  
     1.1137055958                 0.0  
    1.11816039035                 0.0  
    1.12263304497                 0.0  
    1.12712355978   7.24887264741e-11  
    1.13163207491                 0.0  
    1.13615859041                 0.0  
    1.14070324858                 0.0  
    1.14526604943                 0.0  
    1.14984706437                 0.0  
    1.15444651285                 0.0  
    1.15906424797   7.10337514585e-11  
    1.16370056586                 0.0  
    1.16835531727                 0.0  
    1.17302872701                 0.0  
    1.17772087188                 0.0  
    1.18243175198                 0.0  
    1.18716144357                 0.0  
    1.19191010218                 0.0  
    1.19667772807                 0.0  
     1.2014644794                 0.0  
    1.20627035656                 0.0  
    1.21109543928                 0.0  
      1.215939808                 0.0  
    1.22080354391                 0.0  
    1.22568681206                 0.0  
     1.2305895296                 0.0  
    1.23551186248                 0.0  
    1.24045389501                 0.0  
     1.2454157123   8.19319849129e-11  
     1.2503974003   8.08679196826e-11  
    1.25539895864                 0.0  
    1.26042056078                 0.0  
    1.26546229526                 0.0  
    1.27052416224                 0.0  
    1.27560624992                 0.0  
    1.28070864744                 0.0  
    1.28583144485                 0.0  
    1.29097482537                 0.0  
    1.29613869727                 0.0  
    1.30132324497   8.18085418881e-11  
    1.30652856241   8.26476829705e-11  
    1.31175464935                 0.0  
    1.31700169547                 0.0  
     1.3222697011                 0.0  
    1.32755876203                 0.0  
    1.33286897515    8.6363121185e-11  
    1.33820043842                 0.0  
    1.34355325091   1.74144621305e-10  
    1.34892751285   8.49060423228e-11  
    1.35432322412                 0.0  
    1.35974048482                 0.0  
    1.36517949934   8.71250567294e-11  
    1.37064016475                 0.0  
      1.376122687   9.13770643292e-11  
    1.38162727663   9.12344896229e-11  
    1.38715372296                 0.0  
    1.39270234299                 0.0  
    1.39827313727                 0.0  
    1.40386621331                 0.0  
    1.40948167992                 0.0  
    1.41511964725                 0.0  
    1.42078011516                 0.0  
    1.42646319391                 0.0  
    1.43216910863                 0.0  
    1.43789774632                 0.0  
    1.44364933409                 0.0  
    1.44942398792   9.39887382284e-11  
    1.45522170815                 0.0  
    1.46104249287   9.71949239761e-11  
     1.4668866951                 0.0  
    1.47275431694                 0.0  
    1.47864523734                 0.0  
    1.48455981683                 0.0  
    1.49049805659                 0.0  
    1.49646007942                 0.0  
    1.50244588491                 0.0  
    1.50845572211   9.68550195786e-11  
    1.51448959202                 0.0  
    1.52054749331                 0.0  
     1.5266296802                 0.0  
    1.53273615283                 0.0  
    1.53886717105                 0.0  
    1.54502260448                 0.0  
    1.55120271558                 0.0  
    1.55740750452                 0.0  
    1.56363710436                 0.0  
    1.56989165006   1.82057719411e-10  
    1.57617127854                 0.0  
    1.58247599015                 0.0  
    1.58880592249                 0.0  
    1.59516107439                 0.0  
    1.60154172603                 0.0  
    1.60794787812                 0.0  
    1.61437967308                 0.0  
    1.62083725547                 0.0  
    1.62732047899                 0.0  
    1.63382978091                 0.0  
     1.6403651635                 0.0  
    1.64692662655                 0.0  
    1.65351431859                 0.0  
    1.66012839044                 0.0  
    1.66676884154                 0.0  
    1.67343597864                 0.0  
    1.68012964726                 0.0  
     1.6868501577                 0.0  
    1.69359766897                 0.0  
    1.70037202268                 0.0  
    1.70717353647                 0.0  
    1.71400221054                 0.0  
    1.72085820633                 0.0  
    1.72774168785                 0.0  
    1.73465265526                 0.0  
    1.74159127391                 0.0  
    1.74855754262   1.11410610876e-10  
    1.75555179861   1.02214720898e-10  
    1.76257404347   2.12766352775e-10  
    1.76962427614   1.08590993915e-10  
    1.77670284213                 0.0  
    1.78380956722                 0.0  
    1.79094480125   1.04827838488e-10  
    1.79810872371   1.12095638346e-10  
    1.80530115645   3.37741213087e-10  
    1.81252227635   1.09598593126e-10  
    1.81977244648                 0.0  
    1.82705148476   1.01460460922e-10  
    1.83435957276   2.22433167567e-10  
    1.84169708283   1.17079894195e-10  
    1.84906382895                 0.0  
    1.85646018835   3.59613512429e-10  
     1.8638859709   1.21625370067e-10  
    1.87134155879   1.20583199914e-10  
    1.87882695303                 0.0  
    1.88634215182   1.23762430124e-10  
    1.89388754731                 0.0  
    1.90146314133                 0.0  
    1.90906893284                 0.0  
    1.91670532438   1.12757028526e-10  
    1.92437211384                 0.0  
    1.93206950273                 0.0  
    1.93979790433   1.29653686986e-10  
    1.94755711267                 0.0  
    1.95534733522                 0.0  
    1.96316856994   1.20482284212e-10  
    1.97102124165   3.75435492952e-10  
    1.97890535251   1.19474831831e-10  
    1.98682112011                 0.0  
    1.99476832565                 0.0  
    2.00274740602                 0.0  
    2.01075836178                 0.0  
    2.01880141589   1.29985153471e-10  
    2.02687656812   2.70026768023e-10  
    2.03498404427                 0.0  
    2.04312407431                 0.0  
    2.05129665965                 0.0  
     2.0595017986   1.26397751697e-10  
    2.06773972286                 0.0  
    2.07601066845                 0.0  
    2.08431463547   1.17891884946e-10  
    2.09265210542   1.36734195937e-10  
    2.10102259513                 0.0  
    2.10942658742   1.37792918087e-10  
    2.11786432936                 0.0  
    2.12633582256     1.236434684e-10  
    2.13484131755   1.17951623907e-10  
     2.1433805613    1.4050451317e-10  
    2.15195405802                 0.0  
    2.16056193754   4.10460952426e-10  
    2.16920420033   2.71778146167e-10  
    2.17788097479   1.34383434102e-10  
     2.1865925224                 0.0  
    2.19533884309   1.36522988165e-10  
    2.20412020221   2.56210728905e-10  
    2.21293673483   5.67565674173e-10  
    2.22178844042   2.65554849125e-10  
    2.23067559034    5.8459170641e-10  
    2.23959832256   4.31327824262e-10  
    2.24855677603   2.76624987772e-10  
    2.25755094977   4.16821040056e-10  
    2.26658112356    1.4582002543e-10  
    2.27564743949   1.01515466295e-09  
    2.28475004076   1.14719190467e-09  
    2.29388907166   4.24625145111e-10  
    2.30306467764   8.63561298788e-10  
    2.31227685738   7.38799803389e-10  
    2.32152605332   1.32353529596e-09  
    2.33081211742   1.33253098472e-09  
    2.34013534778   2.53239074831e-09  
    2.34949589586   2.69639706148e-09  
     2.3588939144   1.44964551416e-09  
    2.36832940228   3.84040513793e-09  
    2.37780282395   4.30823229926e-09  
    2.38731402457    5.4939895975e-09  
    2.39686315846   5.35448714261e-09  
    2.40645070173   1.55002354431e-09  
    2.41607649617   1.70286439565e-09  
    2.42574070034   7.76877250517e-10  
    2.43544380238   1.40906925548e-09  
    2.44518547545   1.10528499253e-09  
    2.45496621204    7.8289050775e-10  
    2.46478618067   8.06074183532e-10  
    2.47464521268   1.24272073306e-09  
    2.48454381326   4.53028994725e-10  
    2.49448198371                 0.0  
    2.50445989506   4.33810621341e-10  
       2.51447772   3.02291499826e-10  
    2.52453563299   6.37463087443e-10  
    2.53463381022   4.57764391972e-10  
    2.54477242968    7.9669444739e-10  
    2.55495149062   3.26788439873e-10  
    2.56517135243   4.72416093929e-10  
    2.57543201517   1.08046909921e-09  
    2.58573365996   6.43341914496e-10  
    2.59607665626   1.49734186008e-10  
    2.60646100556   1.61214879433e-09  
    2.61688670542   8.40388652319e-10  
    2.62735432224     1.065924466e-09  
    2.63786366667   1.45577662734e-09  
    2.64841512134   6.51644288608e-10  
    2.65900888157   1.48234465822e-09  
    2.66964494773   1.00172602007e-09  
    2.68032351485   2.15736407925e-09  
    2.69104478018   1.68332516646e-09  
    2.70180894321   2.89872639188e-09  
    2.71261620574   1.87448891312e-09  
    2.72346656674   1.69407162139e-09  
    2.73436043466    1.8901130233e-09  
    2.74529801844   8.66721873954e-10  
     2.7562791092   1.55328263127e-09  
    2.76730433452    1.5817050749e-09  
    2.77837348379   2.29099996527e-09  
    2.78948698116   2.05024306127e-09  
    2.80064482621   1.79920029486e-09  
     2.8118474517   8.65600528847e-10  
    2.82309485907   1.24279282905e-09  
    2.83438726773   1.59522007672e-09  
    2.84572489981   1.19710074531e-09  
    2.85710775442   1.23555745344e-09  
    2.86853605393   1.22075047617e-09  
      2.880010253   8.58873767636e-10  
    2.89153035391   5.41949858697e-10  
    2.90309635457    1.0615612008e-09  
    2.91470895348   8.68207328411e-10  
    2.92636768263   2.74290437854e-09  
    2.93807324851   1.85710306167e-09  
    2.94982541299   2.70955911142e-09  
    2.96162465374   2.59047833584e-09  
    2.97347121472   9.13315457587e-10  
    2.98536509663   7.18734489603e-10  
    2.99730654414   1.29851173231e-09  
    3.00929580525   2.41342766274e-09  
    3.02133287881   1.44836877944e-09  
    3.03341826813   1.31638251949e-09  
    3.04555197494   1.66783054918e-09  
    3.05773425498   2.05002583257e-09  
    3.06996510682   1.50211298264e-09  
    3.08224504996   1.34394255199e-09  
    3.09457408611   1.14003829979e-09  
    3.10695221222   1.36843638301e-09  
    3.11937995887   1.92846633662e-09  
    3.13185759762    2.0869272299e-09  
    3.14438513044   2.69206832244e-09  
    3.15696255453   1.81549464018e-09  
    3.16959041803      1.50587084e-09  
    3.18226872167   2.13481375404e-09  
    3.19499774367   2.92539943961e-09  
     3.2077777664   2.20146249127e-09  
    3.22060907639   2.85992163928e-09  
    3.23349138593    3.0807064343e-09  
    3.24642526784   2.21813364882e-09  
    3.25941101458   2.65410002216e-09  
    3.27244862677   1.78420549334e-09  
    3.28553839867   2.79851308151e-09  
    3.29868062902   2.28254015379e-09  
    3.31187531768   3.30223968618e-09  
    3.32512276534   1.65116156721e-09  
    3.33842327728   2.23885895829e-09  
    3.35177716355   4.11135468583e-09  
    3.36518411244   3.17870519748e-09  
    3.37864506026   4.32201026902e-09  
    3.39215937671   4.27714164965e-09  
    3.40572801038   3.53840719673e-09  
    3.41935096495   3.80296271008e-09  
    3.43302856495   2.79041285426e-09  
     3.4467604828   2.55680105339e-09  
    3.46054770028   3.18949598283e-09  
    3.47438988975   4.77929281901e-09  
    3.48828738091   4.38218198311e-09  
    3.50224050881   5.79988489104e-09  
    3.51624961393   2.62169014839e-09  
    3.53031435276   4.32273488628e-09  
    3.54443575556   3.67708013878e-09  
    3.55861347905   4.21215284015e-09  
    3.57284786965   4.13458362787e-09  
    3.58713927957   2.91230985661e-09  
    3.60148770802   4.50537182373e-09  
    3.61589387213   3.48484244168e-09  
    3.63035741275   4.25683371336e-09  
    3.64487868866    4.8051309477e-09  
    3.65945843514   4.40579131797e-09  
    3.67409628525   4.70153761424e-09  
     3.6887926074   3.74530957137e-09  
    3.70354777632   5.02237226466e-09  
    3.71836179065   7.10035585078e-09  
    3.73323541447   5.71812897279e-09  
    3.74816826477   6.27472878366e-09  
    3.76316111576   5.59162122765e-09  
    3.77821357615   5.60864921974e-09  
    3.79332643045   3.51265453909e-09  
    3.80849968022   7.65842244977e-09  
    3.82373372567    6.1445851228e-09  
    3.83902856636   4.49926015264e-09  
    3.85438501793   4.27787485104e-09  
    3.86980225926   4.84406608353e-09  
    3.88528152486   7.01416393007e-09  
    3.90082282035   6.21292253518e-09  
    3.91642614544    4.5879733956e-09  
     3.9320919216   5.62395125236e-09  
    3.94782014671   8.51024070735e-09  
    3.96361124722   8.02969358366e-09  
     3.9794656573   6.85154217286e-09  
    3.99538381902   6.56610403261e-09  
    4.01136529223   7.67762658641e-09  
    4.02741051384   7.61877069348e-09  
    4.04352038115   9.51301885383e-09  
    4.05969444633   5.82965992394e-09  
    4.07593316003   7.46218563493e-09  
    4.09223698126   8.41790091052e-09  
    4.10860591058   7.72641604347e-09  
    4.12504041299   5.57894575654e-09  
    4.14154048768   5.99922364053e-09  
    4.15810660581   4.43328179875e-09  
    4.17473924737   8.35645906087e-09  
     4.1914379294   9.59493201472e-09  
    4.20820361671   9.50158012022e-09  
    4.22503631116   8.43571692523e-09  
    4.24193650599   8.33776270003e-09  
    4.25890420203   1.35312150831e-08  
    4.27593989945   1.41283103487e-08  
    4.29304359811   8.21740721895e-09  
    4.31021606223   7.65638433076e-09  
    4.32745677891   1.14637657083e-08  
    4.34476677871   7.16349423674e-09  
    4.36214580283   9.39330643421e-09  
    4.37959437336   1.15321993223e-08  
    4.39711275511   1.21486925057e-08  
    4.41470121473   1.15129351122e-08  
    4.43236002067   7.74897251801e-09  
    4.45008944329   1.29685290904e-08  
    4.46788975486   9.94641815184e-09  
     4.4857612296   1.29369550001e-08  
     4.5037044243   9.54574270856e-09  
    4.52171905834   1.11254645152e-08  
    4.53980597546   1.04677213419e-08  
    4.55796517761   9.33244532344e-09  
    4.57619723913   8.30934421143e-09  
    4.59450186987   1.34412774726e-08  
    4.61287994068   1.33565052992e-08  
    4.63133145335   1.19873465901e-08  
    4.64985670171   1.41339145011e-08  
    4.66845628346   1.32411389398e-08  
    4.68712989672   1.40353096572e-08  
    4.70587844804   1.44772727771e-08  
    4.72470193969   1.28259875885e-08  
    4.74360098925   1.20006351127e-08  
    4.76257528571    1.3349348435e-08  
    4.78162544951   1.56777761405e-08  
    4.80075211388   1.17692683541e-08  
    4.81995496102   1.31016461704e-08  
    4.83923495122   1.51583708308e-08  
    4.85859176224   1.46613270407e-08  
    4.87802637057   1.65898900401e-08  
    4.89753844961   1.27193976243e-08  
     4.9171283236   1.62713190438e-08  
    4.93679699404    1.3748580646e-08  
    4.95654412786   1.99833358642e-08  
    4.97637040127   1.41421228976e-08  
    4.99627581409   1.48278255296e-08  
    5.01626105463   1.73571977777e-08  
    5.03632612401   1.91116106894e-08  
    5.05647136933   1.48490348285e-08  
    5.07669714118   1.61256718409e-08  
    5.09700379373   2.14623829336e-08  
    5.11739204703   1.65865535624e-08  
    5.13786154103   1.79367473854e-08  
    5.15841300039   1.89014389837e-08  
    5.17904679429   1.80138659801e-08  
    5.19976292187   1.52937609687e-08  
    5.22056175127   1.58889739374e-08  
    5.24144403461   1.96362485347e-08  
    5.26240977412   1.76023320761e-08  
    5.28345973627   1.45022118215e-08  
    5.30459353645   1.61577861353e-08  
    5.32581194655   1.72863195238e-08  
    5.34711496429   2.33408112389e-08  
     5.3685033765   2.01635213429e-08  
    5.38997758533   2.08996043666e-08  
     5.4115375925    2.0022942745e-08  
    5.43318339149   2.19644416993e-08  
    5.45491620212   2.07507278852e-08  
    5.47673603057   2.05296087513e-08  
    5.49864287472   1.56569159072e-08  
    5.52063756715   1.49325908944e-08  
    5.54272010896   1.67510580276e-08  
    5.56489092113   1.89645119939e-08  
    5.58715042976   1.92408167146e-08  
    5.60949906616   1.85288881883e-08  
    5.63193726694   2.09380305591e-08  
    5.65446458961   1.86590618023e-08  
    5.67708279786   2.10145902614e-08  
    5.69979100731   1.84029517132e-08  
    5.72259010817   1.95458290359e-08  
    5.74548055411   1.72436537971e-08  
    5.76846234429    1.8512662405e-08  
      5.791536397   2.26202516027e-08  
    5.81470224819   2.22735351205e-08  
    5.83796129572   2.32027335515e-08  
    5.86131307274   2.22731244022e-08  
    5.88475852542   1.80716630711e-08  
    5.90829717285   2.62234788488e-08  
    5.93193045656   2.49613824604e-08  
    5.95565838363   2.38602787091e-08  
    5.97948095214   2.67507383988e-08  
    6.00339864953   2.50892761065e-08  
    6.02741247236   1.98885882182e-08  
    6.05152192044   2.36983786204e-08  
    6.07572799998   2.18132919607e-08  
    6.10003122573   2.28004286706e-08  
    6.12443108191   1.94581589619e-08  
    6.14892911878   2.74473359941e-08  
    6.17352481846   2.39025347749e-08  
    6.19821869966   2.34358320479e-08  
    6.22301182415   2.39802772249e-08  
    6.24790365848   2.19652283078e-08  
    6.27289527528   3.02232100989e-08  
    6.29798667496   2.24863348245e-08  
    6.32317895437   2.28137044167e-08  
    6.34847156357   2.70341292459e-08  
    6.37386561103   3.25673203735e-08  
    6.39936109829   2.56672499948e-08  
    6.42495858819   2.80077443481e-08  
    6.45065807628   2.40187536422e-08  
    6.47646070858   2.50388204474e-08  
    6.50236648851   2.85047987482e-08  
    6.52837599909   2.57210636294e-08  
    6.55448983217   3.11826667828e-08  
    6.58070739056   3.06001286355e-08  
     6.6070304631   3.50026182967e-08  
    6.63345845158   3.25771145595e-08  
    6.65999256893   3.06351836126e-08  
    6.68663220164   2.83897113795e-08  
    6.71337857646   3.72543872194e-08  
     6.7402323211   2.48770915245e-08  
    6.76719343966   2.58201667084e-08  
    6.79426192596   3.21799735447e-08  
    6.82143905059   2.90465263179e-08  
    6.84872481713   2.78626923043e-08  
    6.87611987273   2.80918890292e-08  
    6.90362421565   3.14327367671e-08  
    6.93123849806   3.38759008167e-08  
    6.95896338267   3.02768842643e-08  
    6.98679954287   2.26007915871e-08  
    7.01474698239   3.07210791661e-08  
    7.04280569424   3.05631172595e-08  
    7.07097704376   2.99888091045e-08  
    7.09926103526   3.09605396551e-08  
    7.12765766225   2.97380679973e-08  
    7.15616832394   3.24223700452e-08  
    7.18479302568   3.01460083054e-08  
    7.21353248167   2.92539440743e-08  
    7.24238669254   3.44146062703e-08  
    7.27135637916   2.67702525844e-08  
    7.30044153741   2.85700063187e-08  
    7.32964289499    3.1598502255e-08  
    7.35896194108   3.40543379196e-08  
    7.38839793625   2.92449033599e-08  
    7.41795162807   3.18790940974e-08  
     7.4476230097   3.70997243536e-08  
    7.47741360958   3.40653637792e-08  
    7.50732343484   3.46306552337e-08  
    7.53735248125   3.62497074415e-08  
    7.56750152509   3.07076268812e-08  
     7.5977721547   3.52584287857e-08  
    7.62816277835   3.15307974321e-08  
    7.65867579796   3.41345161186e-08  
    7.68931040992   3.66565248415e-08  
    7.72006742165   3.30618710737e-08  
    7.75094765492   3.60283392685e-08  
    7.78195194613   3.03022312404e-08  
    7.81307945788   3.51579338027e-08  
    7.84433186727   3.03893750519e-08  
    7.87570917764   3.61466680489e-08  
    7.90721224521   2.81789106755e-08  
    7.93884106988   3.52933137874e-08  
    7.97059651818   2.80266649619e-08  
    8.00247858663   3.21349409994e-08  
    8.03448815236   3.28403033488e-08  
    8.06662610855   4.42350516837e-08  
    8.09889336484   4.05313013554e-08  
     8.1312881039   3.44318944541e-08  
    8.16381396885   3.21148859571e-08  
    8.19646913217   3.73235881796e-08  
    8.22925450488   3.09430919758e-08  
    8.26217195928   3.40402739029e-08  
     8.2952205599   3.85612661942e-08  
    8.32840124719   4.02777633624e-08  
    8.36171497933    3.3829491498e-08  
    8.39516175769   3.36695791048e-08  
    8.42874255349   3.15129728865e-08  
    8.46245736585   2.66920841491e-08  
     8.4963071794    3.5619555889e-08  
    8.53029299759   3.55646621115e-08  
    8.56441381387   3.40518274061e-08  
    8.59867164433   3.85917424722e-08  
    8.63306597974   3.93887725607e-08  
    8.66759835958   3.04241205939e-08  
    8.70226878849   3.51922215021e-08  
    8.73707778582   2.79806096034e-08  
    8.77202587434    3.6680713557e-08  
    8.80711411676   3.53169485496e-08  
    8.84234251506   3.34517832187e-08  
    8.87771214789   3.12526065114e-08  
    8.91322301618   4.24927398622e-08  
    8.94887566111   2.87386254129e-08  
    8.98467118599    2.7620749203e-08  
    9.02061015324   4.30811002668e-08  
    9.05669256222   3.49632537927e-08  
    9.09291897023   4.28894524311e-08  
    9.12929109163   4.04066224133e-08  
    9.16580777681   3.45361264829e-08  
    9.20247133927    3.6344444909e-08  
     9.2392812011   3.36508577825e-08  
    9.27623794181   3.60872053611e-08  
    9.31334334528   2.82721947535e-08  
    9.35059681985   2.77349752369e-08  
    9.38799895942    3.1058564405e-08  
    9.42555097729   2.76334370621e-08  
    9.46325287276   3.89246252057e-08  
    9.50110587927   2.35901577819e-08  
    9.53911062623   2.88394510747e-08  
    9.57726711423    2.0201628986e-08  
    9.61557596868    2.1929843341e-08  
    9.65403846516   3.19213153646e-08  
    9.69265460608   2.23572173114e-08  
    9.73142503402   2.18349196391e-08  
    9.77035105768    2.8415869499e-08  
    9.80943201648   1.71521582954e-08  
    9.84866989689   2.92756741556e-08  
    9.88806470579   2.49362427168e-08  
    9.92761711669   2.19614723038e-08  
    9.96732712253   2.45890262642e-08  
    10.0071967787   1.63254130391e-08  
    10.0472253989   2.22164156788e-08  
    10.0874143706   2.27107377328e-07  
