      wave_micron            flux_mjy  
  0.0151862453319                 0.0  
  0.0152415497594                 0.0  
  0.0153025154167                 0.0  
  0.0153637250122                 0.0  
   0.015425180221                 0.0  
  0.0154868810502                 0.0  
  0.0155488291952                 0.0  
  0.0156110246563                 0.0  
    0.01567346915                 0.0  
  0.0157361626703                 0.0  
  0.0157991069548                 0.0  
   0.015862303773                 0.0  
  0.0159257531313                 0.0  
  0.0159894550112                 0.0  
  0.0160534130204                 0.0  
  0.0161176271782                 0.0  
    0.01618209748                 0.0  
  0.0162468257657                 0.0  
  0.0163118139096                 0.0  
  0.0163770600225                 0.0  
  0.0164425678735                 0.0  
  0.0165083393984                 0.0  
  0.0165743726785                 0.0  
  0.0166406696301                 0.0  
  0.0167072322062                 0.0  
  0.0167740623974                 0.0  
  0.0168411572105                 0.0  
   0.016908522642                 0.0  
  0.0169761566919                 0.0  
  0.0170440613842                 0.0  
  0.0171122377454                 0.0  
  0.0171806857636                 0.0  
  0.0172494085612                 0.0  
  0.0173184061489                 0.0  
  0.0173876806522                 0.0  
  0.0174572310007                 0.0  
  0.0175270593267                 0.0  
  0.0175971678042                 0.0  
  0.0176675564402                 0.0  
  0.0177382274428                 0.0  
  0.0178091796948                 0.0  
  0.0178804165444                 0.0  
  0.0179519379969                 0.0  
  0.0180237463309                 0.0  
  0.0180958415518                 0.0  
  0.0181682248063                 0.0  
  0.0182408972502                 0.0  
  0.0183138612366                 0.0  
  0.0183871167722                 0.0  
  0.0184606650422                 0.0  
  0.0185345072419                 0.0  
  0.0186086458034                 0.0  
  0.0186830795002                 0.0  
  0.0187578120217                 0.0  
  0.0188328433799                 0.0  
   0.018908174824                 0.0  
  0.0189838076149                 0.0  
  0.0190597430247                 0.0  
  0.0191359823377                 0.0  
  0.0192125255433                 0.0  
  0.0192893765535                 0.0  
  0.0193665340651                 0.0  
  0.0194439993799                 0.0  
  0.0195217751624                 0.0  
  0.0195998627725                 0.0  
  0.0196782622126                 0.0  
  0.0197569748375                 0.0  
  0.0198360034085                 0.0  
  0.0199153465324                 0.0  
  0.0199950084036                 0.0  
  0.0200749890399                 0.0  
  0.0201552884287                 0.0  
  0.0202359094264                 0.0  
  0.0203168534892                 0.0  
  0.0203981206156                 0.0  
   0.020479713743                 0.0  
  0.0205616313812                 0.0  
  0.0206438779969                 0.0  
  0.0207264536059                 0.0  
  0.0208093597257                 0.0  
  0.0208925978913                 0.0  
  0.0209761680966                 0.0  
  0.0210600718742                 0.0  
  0.0211443123573                 0.0  
  0.0212288895558                 0.0  
  0.0213138050564                 0.0  
   0.021399060464                 0.0  
  0.0214846574026                 0.0  
  0.0215705958681                 0.0  
   0.021656877484                 0.0  
  0.0217435055676                 0.0  
  0.0218304801344                 0.0  
  0.0219178011671                 0.0  
  0.0220054720439                 0.0  
  0.0220934944899                 0.0  
  0.0221818685095                 0.0  
  0.0222705958296                 0.0  
  0.0223596781988                 0.0  
  0.0224491173879                 0.0  
  0.0225389133917                 0.0  
  0.0226290697965                 0.0  
  0.0227195847868                 0.0  
  0.0228104638233                 0.0  
  0.0229017050792                 0.0  
  0.0229933122501                 0.0  
  0.0230852853412                 0.0  
  0.0231776262249                 0.0  
  0.0232703367986                 0.0  
  0.0233634189851                 0.0  
  0.0234568727853                 0.0  
  0.0235507001277                 0.0  
  0.0236449029677                 0.0  
  0.0237394812916                 0.0  
  0.0238344410841                 0.0  
  0.0239297783475                 0.0  
  0.0240254970945                 0.0  
  0.0241215993701                 0.0  
  0.0242180851719                 0.0  
  0.0243149586469                 0.0  
   0.024412217708                 0.0  
  0.0245098665449                 0.0  
  0.0246079051568                 0.0  
   0.024706337828                 0.0  
  0.0248051624068                 0.0  
  0.0249043832227                 0.0  
  0.0250040002793                 0.0  
  0.0251040180052                 0.0  
  0.0252044341848                 0.0  
  0.0253052510271                 0.0  
  0.0254064730603                 0.0  
   0.025508098007                 0.0  
  0.0256101304453                 0.0  
  0.0257125703795                 0.0  
  0.0258154201345                 0.0  
  0.0259186820709                 0.0  
  0.0260223585857                 0.0  
  0.0261264472785                 0.0  
  0.0262309529415                 0.0  
  0.0263358755693                 0.0  
  0.0264412200677                 0.0  
  0.0265469839736                 0.0  
  0.0266531722503                 0.0  
   0.026759784909                 0.0  
  0.0268668244763                 0.0  
  0.0269742909428                 0.0  
  0.0270821894517                 0.0  
  0.0271905174168                 0.0  
  0.0272992800437                 0.0  
   0.027408477344                 0.0  
  0.0275181119692                 0.0  
  0.0276281839109                 0.0  
  0.0277386958433                 0.0  
  0.0278496504844                 0.0  
  0.0279610505974                 0.0  
    0.02807289341                 0.0  
  0.0281851844569                 0.0  
   0.028297926573                 0.0  
  0.0284111169242                 0.0  
  0.0285247611853                 0.0  
  0.0286388622665                 0.0  
  0.0287534172723                 0.0  
   0.028868429072                 0.0  
  0.0289839035587                 0.0  
  0.0290998407737                 0.0  
  0.0292162376922                 0.0  
  0.0293331033349                 0.0  
   0.029450437755                 0.0  
  0.0295682378656                 0.0  
  0.0296865097975                 0.0  
  0.0298052566889                 0.0  
  0.0299244785621                 0.0  
  0.0300441753939                 0.0  
  0.0301643535589                 0.0  
  0.0302850098474                 0.0  
  0.0304061507215                 0.0  
  0.0305277762053                 0.0  
  0.0306498862764                 0.0  
  0.0307724842184                 0.0  
  0.0308955767542                 0.0  
  0.0310191571473                 0.0  
  0.0311432355684                 0.0  
   0.031267808621                 0.0  
  0.0313928797303                 0.0  
  0.0315184488667                 0.0  
  0.0316445230436                 0.0  
  0.0317711023035                 0.0  
   0.031898186641                 0.0  
  0.0320257796335                 0.0  
  0.0321538812643                 0.0  
  0.0322824988477                 0.0  
  0.0324116287246                 0.0  
  0.0325412745672                 0.0  
  0.0326714401172                 0.0  
  0.0328021253768                 0.0  
  0.0329333341384                 0.0  
  0.0330650663953                 0.0  
  0.0331973259923                 0.0  
  0.0333301168478                 0.0  
  0.0334634350245                 0.0  
  0.0335972923954                 0.0  
  0.0337316790047                 0.0  
  0.0338666068614                 0.0  
  0.0340020739821                 0.0  
  0.0341380803297                 0.0  
  0.0342746341343                 0.0  
  0.0344117312592                 0.0  
  0.0345493800619                 0.0  
  0.0346875763345                 0.0  
  0.0348263264174                 0.0  
  0.0349656324733                 0.0  
   0.035105494499                 0.0  
  0.0352459168363                 0.0  
   0.035386899479                 0.0  
  0.0355284490714                 0.0  
  0.0356705611534                 0.0  
  0.0358132446918                 0.0  
  0.0359564974426                 0.0  
  0.0361003239563                 0.0  
  0.0362447242236                 0.0  
  0.0363897028683                 0.0  
  0.0365352622447                 0.0  
  0.0366814023445                 0.0  
  0.0368281279061                 0.0  
  0.0369754413435                 0.0  
   0.037123342652                 0.0  
  0.0372718366889                 0.0  
  0.0374209234529                 0.0  
  0.0375706078835                 0.0  
  0.0377208899839                 0.0  
  0.0378717722387                 0.0  
  0.0380232597152                 0.0  
  0.0381753524251                 0.0  
  0.0383280555238                 0.0  
  0.0384813664089                 0.0  
  0.0386352929064                 0.0  
  0.0387898350439                 0.0  
  0.0389449927899                 0.0  
  0.0391007741739                 0.0  
  0.0392571765096                 0.0  
  0.0394142052156                 0.0  
  0.0395718630527                 0.0  
   0.039730150015                 0.0  
   0.039889068853                 0.0  
  0.0400486251849                 0.0  
  0.0402088218867                 0.0  
  0.0403696560937                 0.0  
  0.0405311335129                 0.0  
  0.0406932599743                 0.0  
  0.0408560325667                 0.0  
  0.0410194571599                 0.0  
  0.0411835337443                 0.0  
  0.0413482683014                 0.0  
  0.0415136608397                 0.0  
  0.0416797143802                 0.0  
  0.0418464350782                 0.0  
  0.0420138198473                 0.0  
  0.0421818748882                 0.0  
  0.0423506033619                 0.0  
  0.0425200052653                 0.0  
  0.0426900869832                 0.0  
  0.0428608452837                 0.0  
  0.0430322898797                 0.0  
  0.0432044175118                 0.0  
  0.0433772347439                 0.0  
  0.0435507449271                 0.0  
  0.0437249480686                 0.0  
   0.043899847521                 0.0  
  0.0440754466782                 0.0  
   0.044251748976                 0.0  
  0.0444287543985                 0.0  
  0.0446064699073                 0.0  
  0.0447848955181                 0.0  
  0.0449640383375                 0.0  
  0.0451438911989                 0.0  
  0.0453244684591                 0.0  
  0.0455057665374                 0.0  
  0.0456877890588                 0.0  
  0.0458705396955                 0.0  
  0.0460540221685                 0.0  
  0.0462382402479                 0.0  
  0.0464231901229                 0.0  
  0.0466088831745                 0.0  
  0.0467953194487                 0.0  
  0.0469825028285                 0.0  
  0.0471704293711                 0.0  
  0.0473591147907                 0.0  
   0.047548551218                 0.0  
  0.0477387425614                 0.0  
  0.0479296968511                 0.0  
   0.048121418203                 0.0  
  0.0483139025256                 0.0  
  0.0485071580195                 0.0  
  0.0487011888768                 0.0  
  0.0488959908834                 0.0  
  0.0490915766829                 0.0  
  0.0492879420471                 0.0  
  0.0494850955426                 0.0  
  0.0496830328255                 0.0  
  0.0498817669577                 0.0  
  0.0500812935832                 0.0  
  0.0502816170811                 0.0  
  0.0504827464078                 0.0  
  0.0506846770853                 0.0  
  0.0508874135835                 0.0  
  0.0510909650607                 0.0  
  0.0512953269164                 0.0  
  0.0515005084112                 0.0  
  0.0517065095584                 0.0  
  0.0519133398359                 0.0  
  0.0521209897077                 0.0  
  0.0523294734927                 0.0  
  0.0525387912309                 0.0  
   0.052748947809                 0.0  
  0.0529599432243                 0.0  
  0.0531717823989                 0.0  
  0.0533844703326                 0.0  
  0.0535980070184                 0.0  
  0.0538124026211                 0.0  
  0.0540276520462                 0.0  
  0.0542437603713                 0.0  
  0.0544607380071                 0.0  
  0.0546785797359                 0.0  
  0.0548972960957                 0.0  
  0.0551168817443                 0.0  
  0.0553373527706                 0.0  
  0.0555586983713                 0.0  
  0.0557809348548                 0.0  
  0.0560040567579                 0.0  
  0.0562280751482                 0.0  
  0.0564529844364                 0.0  
  0.0566787958303                 0.0  
  0.0569055150795                 0.0  
  0.0571331364721                 0.0  
  0.0573616656758                 0.0  
  0.0575911143271                 0.0  
  0.0578214765912                 0.0  
  0.0580527642567                 0.0  
  0.0582849773746                 0.0  
  0.0585181159072                 0.0  
  0.0587521858386                 0.0  
  0.0589871994171                 0.0  
  0.0592231443552                 0.0  
  0.0594600391771                 0.0  
  0.0596978776747                 0.0  
  0.0599366724289                 0.0  
  0.0601764171007                 0.0  
  0.0604171244428                 0.0  
  0.0606587944978                 0.0  
  0.0609014272165                 0.0  
   0.061145029075                 0.0  
  0.0613896133384                 0.0  
  0.0616351734263                 0.0  
  0.0618817092309                 0.0  
  0.0621292410506                 0.0  
  0.0623777552976                 0.0  
  0.0626272656272                 0.0  
  0.0628777720403                 0.0  
   0.063129288554                 0.0  
  0.0633818010893                 0.0  
  0.0636353308644                 0.0  
   0.063889870777                 0.0  
  0.0641454352523                 0.0  
  0.0644020170518                 0.0  
  0.0646596234095                 0.0  
   0.064918261695                 0.0  
  0.0651779318951                 0.0  
   0.065438641478                 0.0  
  0.0657003980535                 0.0  
  0.0659632016714                 0.0  
  0.0662270522815                 0.0  
  0.0664919653869                 0.0  
   0.066757933217                 0.0  
  0.0670249635555                 0.0  
  0.0672930643361                 0.0  
  0.0675622355631                 0.0  
   0.067832481211                 0.0  
  0.0681038134915                 0.0  
  0.0683762283497                 0.0  
   0.068649734011                 0.0  
  0.0689243304506                 0.0  
  0.0692000302551                 0.0  
  0.0694768292185                 0.0  
  0.0697547358146                 0.0  
  0.0700337543427                 0.0  
  0.0703138891334                 0.0  
  0.0705951445493                 0.0  
  0.0708775249857                 0.0  
  0.0711610348713                 0.0  
  0.0714456786688                 0.0  
  0.0717314654303                 0.0  
  0.0720183906152                 0.0  
   0.072306463311                 0.0  
  0.0725956881234                 0.0  
  0.0728860696955                 0.0  
  0.0731776174494                 0.0  
  0.0734703266627                 0.0  
  0.0737642067987                 0.0  
  0.0740592626587                 0.0  
  0.0743554990853                 0.0  
  0.0746529258973                 0.0  
  0.0749515332222                 0.0  
   0.075251340833                 0.0  
  0.0755523488135                 0.0  
  0.0758545571332                 0.0  
  0.0761579759141                 0.0  
  0.0764626051371                 0.0  
  0.0767684551004                 0.0  
  0.0770755310579                 0.0  
  0.0773838330132                 0.0  
   0.077693366195                 0.0  
  0.0780041412693                 0.0  
   0.078316158267                 0.0  
   0.078629422573                 0.0  
  0.0789439396258                 0.0  
   0.079259714919                 0.0  
  0.0795767540021                 0.0  
  0.0798950624814                 0.0  
  0.0802146403258                 0.0  
  0.0805354988643                 0.0  
  0.0808576438804                 0.0  
  0.0811810753857                 0.0  
  0.0815057991484                 0.0  
  0.0818318209987                 0.0  
  0.0821591468305                 0.0  
  0.0824877826019                 0.0  
   0.082817734337                 0.0  
  0.0831490081274                 0.0  
  0.0834816039632                 0.0  
  0.0838155279262                 0.0  
  0.0841507924355                 0.0  
  0.0844873975438                 0.0  
  0.0848253431751                 0.0  
  0.0851646483849                 0.0  
  0.0855053068237                 0.0  
  0.0858473248539                 0.0  
  0.0861907154896                 0.0  
  0.0865354787741                 0.0  
  0.0868816213016                 0.0  
  0.0872291430099                 0.0  
  0.0875780640725                 0.0  
  0.0879283778012                 0.0  
  0.0882800909551                 0.0  
  0.0886332103769                 0.0  
   0.088987742995                 0.0  
  0.0893436887586                 0.0  
  0.0897010688489                 0.0  
  0.0900598690908                 0.0  
  0.0904201109028                 0.0  
  0.0907817943694                 0.0  
  0.0911449194373                 0.0  
  0.0915095007394                 0.0  
  0.0918755382958                 0.0  
  0.0922430395187                 0.0  
  0.0926120119188                 0.0  
  0.0929824554535                 0.0  
  0.0933543853675                 0.0  
  0.0937278094776                 0.0  
  0.0941027200284                 0.0  
  0.0944791246749                 0.0  
  0.0948570471081                 0.0  
  0.0952364714898                 0.0  
  0.0956174217934                 0.0  
  0.0959998899854                 0.0  
  0.0963838840736                 0.0  
  0.0967694204686                 0.0  
  0.0971564992491                 0.0  
  0.0975451287698                 0.0  
  0.0979353090143                 0.0  
  0.0983270483749                 0.0  
  0.0987203553653                 0.0  
  0.0991152386231                 0.0  
  0.0995116981457                 0.0  
  0.0999097426147                 0.0  
    0.10030938084                 0.0  
   0.100710621762                 0.0  
   0.101113465403                 0.0  
   0.101517920754                 0.0  
   0.101923987748                 0.0  
   0.102331684696                 0.0  
   0.102741011658                 0.0  
   0.103151977956                 0.0  
   0.103564583561                 0.0  
   0.103978847424                 0.0  
   0.104394760008                 0.0  
   0.104812340481                 0.0  
   0.105231588867                 0.0  
   0.105652514907                 0.0  
   0.106075128499                 0.0  
   0.106499419612                 0.0  
   0.106925418218                 0.0  
   0.107353124484                 0.0  
   0.107782538416                 0.0  
   0.108213670222                 0.0  
   0.108646519823                 0.0  
   0.109081108043                 0.0  
   0.109517434971                 0.0  
   0.109955500532                 0.0  
   0.110395326059                 0.0  
   0.110836900777                 0.0  
   0.111280257246                 0.0  
   0.111725373653                 0.0  
   0.112172271863                 0.0  
   0.112620963053                 0.0  
   0.113071447266                 0.0  
   0.113523735783                 0.0  
   0.113977828572                 0.0  
   0.114433737023                 0.0  
   0.114891472716                 0.0  
    0.11535103565                 0.0  
   0.115812449396                 0.0  
   0.116275690229                 0.0  
   0.116740793807                 0.0  
   0.117207760277                 0.0  
   0.117676589609                 0.0  
   0.118147293948                 0.0  
   0.118619885655                 0.0  
   0.119094364748                 0.0  
   0.119570743719                 0.0  
   0.120049022526                 0.0  
    0.12052922666                 0.0  
   0.121011343361                 0.0  
   0.121495385402                 0.0  
   0.121981365789                 0.0  
   0.122469297759                 0.0  
   0.122959168018                 0.0  
   0.123451003131                 0.0  
   0.123944816734                 0.0  
   0.124440595291                 0.0  
   0.124938352277                 0.0  
   0.125438101413                 0.0  
   0.125939856671                 0.0  
   0.126443618128                 0.0  
   0.126949385666                 0.0  
   0.127457187735                 0.0  
   0.127967024514                 0.0  
   0.128478881376                 0.0  
   0.128992801948                 0.0  
   0.129508771677                 0.0  
   0.130026805273                 0.0  
   0.130546917724                 0.0  
    0.13106910909                 0.0  
   0.131593379236                 0.0  
   0.132119758725                 0.0  
   0.132648232174                 0.0  
   0.133178830608                 0.0  
   0.133711538364                 0.0  
   0.134246386932                 0.0  
   0.134783368412                 0.0  
   0.135322506858                 0.0  
   0.135863794217                 0.0  
    0.13640724667                 0.0  
   0.136952880717                 0.0  
   0.137500688072                 0.0  
   0.138050693715                 0.0  
   0.138602897709                 0.0  
   0.139157308481                 0.0  
   0.139713934513                 0.0  
   0.140272793062                 0.0  
   0.140833884164                 0.0  
   0.141397216493                 0.0  
   0.141962807704                 0.0  
   0.142530657824                 0.0  
   0.143100784789                 0.0  
    0.14367318862                 0.0  
   0.144247878329                 0.0  
   0.144824872283                 0.0  
   0.145404170505                 0.0  
   0.145985782226                 0.0  
   0.146569726264                 0.0  
   0.147156012234                 0.0  
   0.147744630509                 0.0  
   0.148335609884                 0.0  
   0.148928950407                 0.0  
   0.149524671689                 0.0  
   0.150122763818                 0.0  
   0.150723256556                 0.0  
   0.151326149986                 0.0  
   0.151931454179                 0.0  
   0.152539179298                 0.0  
   0.153149335602                 0.0  
   0.153761933445                 0.0  
    0.15437698328                 0.0  
   0.154994495661                 0.0  
   0.155614470527                 0.0  
   0.156236929183                 0.0  
   0.156861871606                 0.0  
   0.157489319487                 0.0  
   0.158119283907                 0.0  
   0.158751753754                 0.0  
   0.159386762292                 0.0  
   0.160024309612                 0.0  
   0.160664406987                 0.0  
   0.161307065808                 0.0  
   0.161952297587                 0.0  
   0.162600102255                 0.0  
   0.163250503087                 0.0  
   0.163903500077                 0.0  
   0.164559116943                 0.0  
   0.165217353748                 0.0  
   0.165878222483                 0.0  
   0.166541735275                 0.0  
   0.167207904386                 0.0  
   0.167876742216                 0.0  
   0.168548248734                 0.0  
   0.169222436325                 0.0  
   0.169899330296                 0.0  
   0.170578917867                 0.0  
   0.171261237522                 0.0  
   0.171946289458                 0.0  
   0.172634073617                 0.0  
   0.173324602972                 0.0  
   0.174017904054                 0.0  
   0.174713976962                 0.0  
   0.175412835149                 0.0  
   0.176114478504                 0.0  
   0.176818948161                 0.0  
   0.177526216562                 0.0  
   0.178236325294                 0.0  
   0.178949274492                 0.0  
   0.179665064019                 0.0  
   0.180383722267                 0.0  
    0.18110526375                 0.0  
   0.181829673902                 0.0  
   0.182556996418                 0.0  
   0.183287231512                 0.0  
   0.184020379125                 0.0  
    0.18475645402                 0.0  
   0.185495486389                 0.0  
   0.186237461056                 0.0  
   0.186982408495                 0.0  
   0.187730344282                 0.0  
   0.188481268478                 0.0  
    0.18923519671                 0.0  
    0.18999212884                 0.0  
   0.190752096649                 0.0  
   0.191515116419                 0.0  
    0.19228117193                 0.0  
   0.193050295632                 0.0  
   0.193822487473                 0.0  
   0.194597780629                 0.0  
   0.195376175252                 0.0  
   0.196157688231                 0.0  
   0.196942319531                 0.0  
    0.19773008612                 0.0  
   0.198521005214                 0.0  
   0.199315094279                 0.0  
   0.200112353314                 0.0  
    0.20091279988                 0.0  
   0.201716451797                 0.0  
   0.202523308997                 0.0  
   0.203333407701                 0.0  
   0.204146748093                 0.0  
   0.204963330048                 0.0  
   0.205783171868                 0.0  
   0.206606311029                 0.0  
   0.207432728761                 0.0  
   0.208262462965                 0.0  
   0.209095513742                 0.0  
   0.209931900383                 0.0  
   0.210771622814                 0.0  
   0.211614720282                 0.0  
   0.212461173033                 0.0  
   0.213311020775                 0.0  
   0.214164263564                 0.0  
   0.215020921596                 0.0  
   0.215880994763                 0.0  
    0.21674452421                 0.0  
   0.217611510156                 0.0  
   0.218481952493                 0.0  
   0.219355872072                 0.0  
   0.220233311555                 0.0  
   0.221114228075                 0.0  
   0.221998686117                 0.0  
   0.222886685943                 0.0  
   0.223778227476                 0.0  
   0.224673354985                 0.0  
   0.225572046251                 0.0  
   0.226474323402                 0.0  
   0.227380231819                 0.0  
   0.228289748794                 0.0  
   0.229202897043                 0.0  
   0.230119723105                 0.0  
   0.231040203786                 0.0  
   0.231964362419                 0.0  
   0.232892222738                 0.0  
   0.233823784687                 0.0  
   0.234759072245                 0.0  
   0.235698109808                 0.0  
   0.236640897408                 0.0  
   0.237587459704                 0.0  
   0.238537821784                 0.0  
   0.239491983793                 0.0  
   0.240449945509                 0.0  
   0.241411732136                 0.0  
   0.242377395329                 0.0  
   0.243346883189                 0.0  
    0.24432027388                 0.0  
   0.245297567815                 0.0  
   0.246278765038                 0.0  
    0.24726386522                 0.0  
   0.248252922202                 0.0  
   0.249245936192                 0.0  
   0.250242934734                 0.0  
   0.251243889998                 0.0  
   0.252248857367                 0.0  
   0.253257865238                 0.0  
   0.254270885298                 0.0  
   0.255287974471                 0.0  
   0.256309132972                 0.0  
   0.257334360629                 0.0  
   0.258363715964                 0.0  
   0.259397169641                 0.0  
   0.260434751023                 0.0  
   0.261476490028                 0.0  
   0.262522386629                 0.0  
   0.263572471153                 0.0  
   0.264626774498                 0.0  
   0.265685265663                 0.0  
   0.266748006725                 0.0  
   0.267814997867                 0.0  
   0.268886270863                 0.0  
   0.269961825843                 0.0  
   0.271041662523                 0.0  
   0.272125829369                 0.0  
   0.273214342954                 0.0  
   0.274307186659                 0.0  
   0.275404426841                 0.0  
   0.276506046976                 0.0  
   0.277612063688                 0.0  
   0.278722510916                 0.0  
   0.279837405931                 0.0  
   0.280956748664                 0.0  
   0.282080573835                 0.0  
     0.2832088991                 0.0  
   0.284341742253                 0.0  
   0.285479103186                 0.0  
   0.286621017715                 0.0  
    0.28776750405                 0.0  
   0.288918580543                 0.0  
   0.290074247075                 0.0  
   0.291234540623                 0.0  
   0.292399479992                 0.0  
   0.293569084143                 0.0  
   0.294743352973                 0.0  
   0.295922324686                 0.0  
   0.297106018732                 0.0  
    0.29829443504                 0.0  
    0.29948761278                 0.0  
   0.300685571921                 0.0  
   0.301888312441                 0.0  
    0.30309587452                 0.0  
   0.304308258181                 0.0  
   0.305525483642                 0.0  
   0.306747592131                 0.0  
   0.307974583754                 0.0  
   0.309206479307                 0.0  
   0.310443299785                 0.0  
   0.311685066389                 0.0  
   0.312931822196                 0.0  
   0.314183545656                 0.0  
   0.315440280101                 0.0  
   0.316702047589                 0.0  
   0.317968848024                 0.0  
   0.319240725932                 0.0  
   0.320517681318                 0.0  
    0.32179975953                 0.0  
   0.323086960685                 0.0  
   0.324379307693                 0.0  
   0.325676823708                 0.0  
   0.326979532134                 0.0  
   0.328287432778                 0.0  
   0.329600597068                 0.0  
   0.330919001291                 0.0  
   0.332242669315                 0.0  
   0.333571649902                 0.0  
   0.334905918403                 0.0  
   0.336245548955                 0.0  
   0.337590541904                 0.0  
   0.338940897082                 0.0  
   0.340296665061                 0.0  
   0.341657845854                 0.0  
   0.343024491036                 0.0  
   0.344396574568                 0.0  
   0.345774174887                 0.0  
   0.347157265742                 0.0  
   0.348545900161                 0.0  
   0.349940078147                 0.0  
   0.351339826487                 0.0  
   0.352745199837                 0.0  
   0.354156170793                 0.0  
   0.355572794473                 0.0  
   0.356995099023                 0.0  
   0.358423056085                 0.0  
   0.359856750479                 0.0  
   0.361296182545                 0.0  
   0.362741381197                 0.0  
   0.364192346371                 0.0  
   0.365649107033                 0.0  
   0.367111692529                 0.0  
   0.368580162657                 0.0  
   0.370054457347                 0.0  
   0.371534697329                 0.0  
   0.373020821886                 0.0  
   0.374512922982                 0.0  
   0.376010969812                 0.0  
   0.377514993083                 0.0  
   0.379025055715                 0.0  
   0.380541157981                 0.0  
    0.38206333188                 0.0  
   0.383591577294                 0.0  
   0.385125959166                 0.0  
   0.386666444678                 0.0  
   0.388213132782                 0.0  
   0.389765956915                 0.0  
   0.391325051123                 0.0  
   0.392890348197                 0.0  
   0.394461915901                 0.0  
   0.396039754161                 0.0  
   0.397623897285                 0.0  
   0.399214415358                 0.0  
   0.400811273444   2.35123832548e-09  
   0.402414506544                 0.0  
   0.404024150177                 0.0  
   0.405640240394                 0.0  
   0.407262813787                 0.0  
   0.408891870496                 0.0  
    0.41052744734                 0.0  
   0.412169544098                 0.0  
   0.413818235712                 0.0  
   0.415473484303                 0.0  
   0.417135404168                 0.0  
   0.418803918566                 0.0  
   0.420479143282                 0.0  
    0.42216107887                 0.0  
   0.423849725244                 0.0  
    0.42554512175                 0.0  
   0.427247308353                 0.0  
   0.428956284932                 0.0  
   0.430672091755                 0.0  
   0.432394811114                 0.0  
   0.434124360447                 0.0  
   0.435860864087                 0.0  
   0.437604322571                 0.0  
   0.439354735776                 0.0  
   0.441112145969                 0.0  
    0.44287659611                 0.0  
   0.444648086107                 0.0  
   0.446426703405                 0.0  
   0.448212404196                 0.0  
   0.450005232208                 0.0  
   0.451805277075                 0.0  
    0.45361249401                 0.0  
   0.455426927892                 0.0  
    0.45724867063                 0.0  
    0.45907762982                 0.0  
    0.46091394446                 0.0  
   0.462757615155                 0.0  
   0.464608641808                 0.0  
   0.466467071771                 0.0  
   0.468332953209                 0.0  
   0.470206286192                 0.0  
   0.472087119393                 0.0  
   0.473975452618                 0.0  
   0.475871335061                 0.0  
   0.477774816778                 0.0  
    0.47968594871                 0.0  
   0.481604680029                 0.0  
   0.483531112768                 0.0  
   0.485465247193                 0.0  
   0.487407082836                 0.0  
    0.48935672447                 0.0  
   0.491314119229                 0.0  
   0.493279373346                 0.0  
   0.495252541446                 0.0  
   0.497233514987                 0.0  
   0.499222456958                 0.0  
   0.501219368051                 0.0  
   0.503224248203                 0.0  
   0.505237153073                 0.0  
   0.507258082401                 0.0  
   0.509287092547                 0.0  
   0.511324240917                 0.0  
   0.513369527656                 0.0  
    0.51542301092   3.18427220544e-09  
   0.517484749951                 0.0  
   0.519554685619                 0.0  
    0.52163287653                 0.0  
   0.523719382401                 0.0  
   0.525814264075                 0.0  
   0.527917521869                 0.0  
    0.53002921747                 0.0  
   0.532149351069                 0.0  
   0.534277922046                 0.0  
   0.536415056314                 0.0  
   0.538560690453                 0.0  
   0.540714952292   3.22550889463e-09  
   0.542877809892                 0.0  
   0.545049328073                 0.0  
   0.547229506639                 0.0  
    0.54941844476                 0.0  
   0.551616109283                 0.0  
   0.553822566959                 0.0  
   0.556037851638                 0.0  
   0.558261997412                 0.0  
   0.560495073378                 0.0  
   0.562737044876                 0.0  
   0.564987981235                 0.0  
   0.567247953161                 0.0  
   0.569516925098                 0.0  
   0.571795004185                 0.0  
    0.57408219074   3.58521245263e-09  
   0.576378520968                 0.0  
   0.578684031361                 0.0  
   0.580998758706                 0.0  
    0.58332274009                 0.0  
   0.585656050859                 0.0  
   0.587998653113                 0.0  
   0.590350661093                 0.0  
   0.592712075199                 0.0  
   0.595082894929                 0.0  
   0.597463237368                 0.0  
   0.599853103008                 0.0  
   0.602252491434                 0.0  
   0.604661522677                 0.0  
   0.607080156581   3.70378736492e-09  
   0.609508474096                 0.0  
   0.611946516412   3.66102009017e-09  
   0.614394325111                 0.0  
   0.616851900062                 0.0  
   0.619319282636   4.00415553191e-09  
   0.621796557381                 0.0  
   0.624283767493                 0.0  
   0.626780869656                 0.0  
   0.629287993483   4.13282656477e-09  
    0.63180518347   4.22657381468e-09  
   0.634332395511                 0.0  
   0.636869717762                 0.0  
   0.639417195011                 0.0  
   0.641974872512   4.24521717556e-09  
   0.644542750024                 0.0  
   0.647120918993   4.43693051067e-09  
   0.649709426118   4.43523233884e-09  
   0.652308271514   1.00127544985e-08  
   0.654917501763   7.84260258117e-09  
   0.657537163955                 0.0  
   0.660167305694   4.64939235162e-09  
    0.66280797511                 0.0  
   0.665459220872   4.37997661649e-09  
   0.668121042799                 0.0  
    0.67079353927                 0.0  
   0.673476710427   5.14689213223e-09  
   0.676170605981                 0.0  
   0.678875276214   4.52385932969e-09  
   0.681590771994    8.3574085138e-09  
   0.684317144785    7.1092165298e-09  
   0.687054446662   1.33347369872e-08  
    0.68980262501   5.45278602341e-09  
   0.692561836779                 0.0  
   0.695332082421   7.69715069895e-10  
   0.698113415263                 0.0  
   0.700905889283    6.0457302744e-09  
   0.703709504325   1.13610894233e-08  
   0.706524369631   7.75918207149e-09  
   0.709350429842   9.84169940774e-10  
   0.712187851239   8.10359105987e-09  
   0.715036578075   4.74937842843e-09  
   0.717896722797   6.70494514817e-09  
   0.720768342898   6.57970122401e-09  
   0.723651380715                 0.0  
   0.726546009278   9.79776087225e-09  
    0.72945217056   1.51655713326e-08  
   0.732369981607   9.80379977926e-09  
   0.735299502293   8.18514722828e-10  
   0.738240672671   9.40957704517e-09  
   0.741193612111   3.57768861019e-09  
   0.744158442711   9.05862523676e-10  
   0.747135042275   3.58559567647e-09  
   0.750123594847   1.00741823317e-08  
   0.753124100979   1.04355566066e-08  
   0.756136560078     6.242698059e-09  
   0.759161097933   1.38970857215e-08  
    0.76219777895                 0.0  
   0.765246538827   5.08513035461e-09  
   0.768307571306   6.23624329366e-09  
   0.771380745977   2.43478530263e-08  
   0.774466325285   1.11018593654e-08  
   0.777564177525   7.32631325445e-09  
    0.78067443531   3.03438578746e-08  
   0.783797098384   2.07528143421e-08  
   0.786932302339   2.13637896838e-08  
   0.790080047785   2.53586047548e-09  
   0.793240334132   1.92386436814e-08  
   0.796413299943   2.04619577811e-08  
   0.799598945532   1.45367636687e-08  
   0.802797341314   4.68780600087e-09  
   0.806008558748    2.9394036611e-08  
   0.809232597891   1.68785478785e-08  
    0.81246953061   4.26128897032e-08  
   0.815719429854   2.27839249541e-08  
    0.81898229545   3.84769460234e-08  
   0.822258200786   3.87227021357e-08  
   0.825547220369   1.24469835872e-08  
   0.828849429845   1.79556975148e-08  
   0.832164829396   2.54241689845e-08  
   0.835493495177   2.76014002576e-08  
   0.838835426658   2.75268386619e-08  
   0.842190778997   4.56424020848e-08  
    0.84555955283   5.32921994682e-08  
   0.848941827263   5.44404946894e-08  
   0.852337602258   4.98389042906e-08  
    0.85574695751   5.19929523306e-08  
   0.859169892294   4.65900992772e-08  
   0.862606569239   9.87599192795e-08  
   0.866056988902   2.97577007923e-08  
   0.869521234191   3.00730547193e-08  
   0.872999305016   5.44760328925e-08  
   0.876491284963   6.57264544662e-08  
   0.879997258979   4.95559119857e-08  
   0.883517313402   1.01215108545e-07  
   0.887051361841   7.11298003871e-08  
    0.89059957708   6.76288992991e-08  
   0.894161959174   5.20615428431e-08  
   0.897738595996   7.01805075414e-08  
   0.901329576884   7.02569622943e-08  
   0.904934902051   6.86991715615e-08  
    0.90855457033   6.07808836537e-08  
   0.912188855376    8.9661851456e-08  
    0.91583757419   5.90947579989e-08  
   0.919500910695    1.0424751613e-07  
    0.92317895905   1.21215990613e-07  
   0.926871624892   1.81357711647e-07  
   0.930579096884    8.5092752213e-08  
   0.934301471767   1.61735123119e-07  
   0.938038653215   1.51751416236e-07  
   0.941790834809   1.94098082608e-07  
   0.945558017068   1.49094102214e-07  
   0.949340199073   1.37989240489e-07  
   0.953137579495   1.49613617472e-07  
   0.956950159285   1.34161299232e-07  
   0.960777937946   1.50356378521e-07  
   0.964621016469   1.33270047317e-07  
   0.968479497641   1.12059408565e-07  
   0.972353486075   1.07692184648e-07  
    0.97624287733   1.03593406312e-07  
   0.980147774721   1.39758477435e-07  
   0.984068390582   1.77276034962e-07  
   0.988004726545   1.60980541131e-07  
   0.991956673874   1.80951835953e-07  
   0.995924557853   1.49509693466e-07  
    0.99990827019   2.02695402443e-07  
     1.0039079206   1.58593374698e-07  
    1.00792350839   1.88855816338e-07  
    1.01195514463   1.72172556338e-07  
    1.01600305669   1.74889443654e-07  
    1.02006701708   1.38994668378e-07  
     1.0241472537   1.88780225666e-07  
    1.02824388327   1.86550692991e-07  
    1.03235690673   2.30974531838e-07  
    1.03648632346   2.34325657192e-07  
    1.04063225109   2.28195374152e-07  
    1.04479480945   2.60583822104e-07  
    1.04897399887   2.73137739129e-07  
     1.0531698181   3.10068390827e-07  
    1.05738251166   3.53175063723e-07  
    1.06161208096   2.63975445583e-07  
    1.06585852578   3.26058608545e-07  
    1.07012197099   2.42356276368e-07  
    1.07440241613   2.99193034405e-07  
    1.07870005221   4.09082564001e-07  
    1.08301481519   4.45689938977e-07  
    1.08734689895   3.01767076058e-07  
    1.09169630414   3.80229205575e-07  
    1.09606302978   4.34797697097e-07  
    1.10044734116   4.12588658898e-07  
    1.10484910523   3.90658709879e-07  
    1.10926852335   4.71597886664e-07  
     1.1137055958     4.707073685e-07  
    1.11816039035   3.92695793907e-07  
    1.12263304497   4.99376966803e-07  
    1.12712355978   4.60586248042e-07  
    1.13163207491   3.36335191631e-07  
    1.13615859041   4.57646462846e-07  
    1.14070324858   3.72523577537e-07  
    1.14526604943   4.87866878825e-07  
    1.14984706437   4.57902711833e-07  
    1.15444651285   4.27759897871e-07  
    1.15906424797   4.91243930554e-07  
    1.16370056586   4.73627045153e-07  
    1.16835531727   3.32780648871e-07  
    1.17302872701   4.24746364066e-07  
    1.17772087188   4.47707071506e-07  
    1.18243175198   4.61982976536e-07  
    1.18716144357    4.6926291965e-07  
    1.19191010218   5.44407775606e-07  
    1.19667772807    4.2953353826e-07  
     1.2014644794   3.76247464628e-07  
    1.20627035656   4.39676778024e-07  
    1.21109543928   4.18002148867e-07  
      1.215939808   4.91591139589e-07  
    1.22080354391   5.22352679402e-07  
    1.22568681206   6.26582505668e-07  
     1.2305895296   4.76905512667e-07  
    1.23551186248   5.63732319255e-07  
    1.24045389501   6.20225147632e-07  
     1.2454157123   6.67299786919e-07  
     1.2503974003   5.56332428737e-07  
    1.25539895864   7.00454621848e-07  
    1.26042056078    6.4001088895e-07  
    1.26546229526    5.8167130861e-07  
    1.27052416224   6.97975606471e-07  
    1.27560624992   5.28204548445e-07  
    1.28070864744   7.45376845814e-07  
    1.28583144485   7.82554283295e-07  
    1.29097482537   7.43202768044e-07  
    1.29613869727   9.17889329864e-07  
    1.30132324497   8.40121988026e-07  
    1.30652856241   8.40346692827e-07  
    1.31175464935   7.32275742458e-07  
    1.31700169547   7.89312987745e-07  
     1.3222697011   8.30005284082e-07  
    1.32755876203   7.49454774641e-07  
    1.33286897515   7.98814531625e-07  
    1.33820043842    7.0876772889e-07  
    1.34355325091   8.22632891655e-07  
    1.34892751285   7.94003022166e-07  
    1.35432322412   7.49536480932e-07  
    1.35974048482   6.50624042871e-07  
    1.36517949934   7.80213707986e-07  
    1.37064016475   6.80453712554e-07  
      1.376122687   7.10902628102e-07  
    1.38162727663   7.23680224246e-07  
    1.38715372296    6.0878012101e-07  
    1.39270234299   7.58266614682e-07  
    1.39827313727   6.42568721172e-07  
    1.40386621331   6.60396363135e-07  
    1.40948167992   6.07203390271e-07  
    1.41511964725   5.60643481453e-07  
    1.42078011516   6.19821822936e-07  
    1.42646319391   5.42823518039e-07  
    1.43216910863   7.59559844452e-07  
    1.43789774632   7.49772434989e-07  
    1.44364933409   6.59923791249e-07  
    1.44942398792   7.25512811735e-07  
    1.45522170815   8.29998847195e-07  
    1.46104249287   7.05743305703e-07  
     1.4668866951   1.08892362394e-06  
    1.47275431694   8.22608004337e-07  
    1.47864523734    1.0091992553e-06  
    1.48455981683   9.90519357163e-07  
    1.49049805659   1.18670392319e-06  
    1.49646007942    1.0757540197e-06  
    1.50244588491   1.11692949975e-06  
    1.50845572211   1.14441295102e-06  
    1.51448959202   1.11148513096e-06  
    1.52054749331    1.4370215016e-06  
     1.5266296802   1.24900252527e-06  
    1.53273615283   1.12760105878e-06  
    1.53886717105   1.36238700757e-06  
    1.54502260448   1.34461923339e-06  
    1.55120271558   1.22939813142e-06  
    1.55740750452   1.23229192482e-06  
    1.56363710436   1.07406267134e-06  
    1.56989165006   1.21367881963e-06  
    1.57617127854   1.24266655377e-06  
    1.58247599015   9.85886133667e-07  
    1.58880592249    1.2685473231e-06  
    1.59516107439   1.19711489062e-06  
    1.60154172603   1.11344570356e-06  
    1.60794787812   1.11767232818e-06  
    1.61437967308   1.11689137527e-06  
    1.62083725547   9.79518196672e-07  
    1.62732047899   1.05438807701e-06  
    1.63382978091   1.09992695021e-06  
     1.6403651635   1.18880640609e-06  
    1.64692662655   1.13058172227e-06  
    1.65351431859   1.07290343101e-06  
    1.66012839044    1.0834149234e-06  
    1.66676884154   1.12069762939e-06  
    1.67343597864   9.63785140656e-07  
    1.68012964726   1.14190202477e-06  
     1.6868501577   9.20693629934e-07  
    1.69359766897   1.06307922948e-06  
    1.70037202268    9.3817969637e-07  
    1.70717353647   1.09637090939e-06  
    1.71400221054   7.44291514783e-07  
    1.72085820633   1.15467609973e-06  
    1.72774168785   9.49095864432e-07  
    1.73465265526   1.14900309438e-06  
    1.74159127391   9.48056061214e-07  
    1.74855754262   1.11728806432e-06  
    1.75555179861   1.07353574046e-06  
    1.76257404347   1.10812709014e-06  
    1.76962427614   9.66315273903e-07  
    1.77670284213   9.66583239828e-07  
    1.78380956722   9.91580524772e-07  
    1.79094480125   9.64245059949e-07  
    1.79810872371   9.67673074074e-07  
    1.80530115645    8.8542633636e-07  
    1.81252227635   9.88086343303e-07  
    1.81977244648   1.14602602125e-06  
    1.82705148476   9.57900504423e-07  
    1.83435957276   1.09048987701e-06  
    1.84169708283   9.25082188606e-07  
    1.84906382895   8.07191196411e-07  
    1.85646018835   7.89782263409e-07  
     1.8638859709   8.39923923701e-07  
    1.87134155879   9.44926119741e-07  
    1.87882695303   9.55513658652e-07  
    1.88634215182   9.03176388946e-07  
    1.89388754731   1.01477443317e-06  
    1.90146314133   8.90399119691e-07  
    1.90906893284   8.98767345578e-07  
    1.91670532438   1.05481018996e-06  
    1.92437211384   9.66298653722e-07  
    1.93206950273   9.88653721952e-07  
    1.93979790433    9.1305568598e-07  
    1.94755711267   9.54522134157e-07  
    1.95534733522   9.77581058538e-07  
    1.96316856994   8.03600454872e-07  
    1.97102124165   9.90364753878e-07  
    1.97890535251   8.49040708358e-07  
    1.98682112011   9.11922762441e-07  
    1.99476832565   8.44772604981e-07  
    2.00274740602   8.70340588797e-07  
    2.01075836178   1.04127140438e-06  
    2.01880141589   7.90790346884e-07  
    2.02687656812    1.1639008066e-06  
    2.03498404427   7.58690165888e-07  
    2.04312407431   8.08555162286e-07  
    2.05129665965    8.5224534436e-07  
     2.0595017986   8.43029682997e-07  
    2.06773972286   7.14564654052e-07  
    2.07601066845   8.36425934913e-07  
    2.08431463547   9.33665221501e-07  
    2.09265210542   8.73075957193e-07  
    2.10102259513   1.06940991473e-06  
    2.10942658742   1.02743678263e-06  
    2.11786432936   1.35386435169e-06  
    2.12633582256   1.30759618701e-06  
    2.13484131755   1.40787875988e-06  
     2.1433805613   1.32637636487e-06  
    2.15195405802   1.79484999948e-06  
    2.16056193754   1.30811727256e-06  
    2.16920420033   1.52605745112e-06  
    2.17788097479   1.77411330751e-06  
     2.1865925224    1.8504643517e-06  
    2.19533884309   1.58502393669e-06  
    2.20412020221   1.93846646066e-06  
    2.21293673483   1.91708329273e-06  
    2.22178844042    1.6968620454e-06  
    2.23067559034   1.71336652337e-06  
    2.23959832256   1.77253317866e-06  
    2.24855677603   2.15231747852e-06  
    2.25755094977   2.07632838409e-06  
    2.26658112356   2.09039719439e-06  
    2.27564743949   2.01716347322e-06  
    2.28475004076   2.18435951958e-06  
    2.29388907166   2.00677562972e-06  
    2.30306467764   1.96384280709e-06  
    2.31227685738   1.82445186806e-06  
    2.32152605332   1.51559569079e-06  
    2.33081211742   2.02457341851e-06  
    2.34013534778   1.74414223742e-06  
    2.34949589586   1.67031635485e-06  
     2.3588939144   1.62741174844e-06  
    2.36832940228   1.74780748676e-06  
    2.37780282395   1.56157636799e-06  
    2.38731402457   1.70771896505e-06  
    2.39686315846   1.40886330886e-06  
    2.40645070173   1.76340993001e-06  
    2.41607649617   1.59401899425e-06  
    2.42574070034   1.70872936901e-06  
    2.43544380238   1.70878871029e-06  
    2.44518547545   2.08457233885e-06  
    2.45496621204   1.48824224516e-06  
    2.46478618067   1.83832175614e-06  
    2.47464521268    2.1515765621e-06  
    2.48454381326   1.99975160696e-06  
    2.49448198371   1.99224437635e-06  
    2.50445989506   2.01709740585e-06  
       2.51447772   1.88765823282e-06  
    2.52453563299   1.91140462704e-06  
    2.53463381022   1.88205687625e-06  
    2.54477242968   1.98572395551e-06  
    2.55495149062   1.94699804975e-06  
    2.56517135243   1.90727263509e-06  
    2.57543201517   1.96502310442e-06  
    2.58573365996   2.04367502757e-06  
    2.59607665626    1.9380948656e-06  
    2.60646100556   1.89299049073e-06  
    2.61688670542   1.75864600075e-06  
    2.62735432224   1.84602129889e-06  
    2.63786366667   1.83192139258e-06  
    2.64841512134   1.74793512627e-06  
    2.65900888157   2.13949463037e-06  
    2.66964494773   1.69905142545e-06  
    2.68032351485   1.79588548825e-06  
    2.69104478018   1.64988613974e-06  
    2.70180894321   1.58373890224e-06  
    2.71261620574   1.70411045265e-06  
    2.72346656674   1.70328398557e-06  
    2.73436043466    1.7931000337e-06  
    2.74529801844    1.7655117465e-06  
     2.7562791092   1.88934488697e-06  
    2.76730433452    1.5796100328e-06  
    2.77837348379   1.58923838169e-06  
    2.78948698116   1.48141950803e-06  
    2.80064482621    1.5886001139e-06  
     2.8118474517   1.59370207498e-06  
    2.82309485907   1.47786897684e-06  
    2.83438726773   1.58198401896e-06  
    2.84572489981   1.50062732363e-06  
    2.85710775442   1.26729040143e-06  
    2.86853605393   1.51147118861e-06  
      2.880010253   1.23103308579e-06  
    2.89153035391   1.55325997948e-06  
    2.90309635457   1.55546157673e-06  
    2.91470895348   1.26780166155e-06  
    2.92636768263    1.2333601524e-06  
    2.93807324851   1.32594236534e-06  
    2.94982541299   1.00280533108e-06  
    2.96162465374   1.38901339205e-06  
    2.97347121472   1.26845710179e-06  
    2.98536509663   1.28727040684e-06  
    2.99730654414    1.0325854405e-06  
    3.00929580525   1.08788166338e-06  
    3.02133287881   1.34960394246e-06  
    3.03341826813   1.35983378884e-06  
    3.04555197494   1.61674471811e-06  
    3.05773425498   1.11978832633e-06  
    3.06996510682    1.2072828438e-06  
    3.08224504996   1.50726890522e-06  
    3.09457408611   1.37375455155e-06  
    3.10695221222    1.4904069659e-06  
    3.11937995887   1.35578390059e-06  
    3.13185759762   1.40479734032e-06  
    3.14438513044   1.70030827617e-06  
    3.15696255453   1.65126547345e-06  
    3.16959041803   1.57308437958e-06  
    3.18226872167   1.53902558943e-06  
    3.19499774367   1.69964181482e-06  
     3.2077777664   1.71082271887e-06  
    3.22060907639   1.39790351359e-06  
    3.23349138593    1.4182633943e-06  
    3.24642526784   1.59511326625e-06  
    3.25941101458   1.54534802615e-06  
    3.27244862677   1.49092088476e-06  
    3.28553839867   1.26036803512e-06  
    3.29868062902   1.41822370226e-06  
    3.31187531768   1.35947429237e-06  
    3.32512276534   1.54616804649e-06  
    3.33842327728   1.37626389745e-06  
    3.35177716355   1.25958141137e-06  
    3.36518411244   1.50715016999e-06  
    3.37864506026   1.80925559488e-06  
    3.39215937671   1.68505749522e-06  
    3.40572801038   1.70738154151e-06  
    3.41935096495   1.35499028745e-06  
    3.43302856495   1.47990198124e-06  
     3.4467604828    1.2003448452e-06  
    3.46054770028   1.52278047445e-06  
    3.47438988975   1.24716077243e-06  
    3.48828738091   1.31369414075e-06  
    3.50224050881    1.2951526227e-06  
    3.51624961393   1.41381932095e-06  
    3.53031435276   1.23076267373e-06  
    3.54443575556   1.30872368765e-06  
    3.55861347905   1.23586818994e-06  
    3.57284786965   1.34775336646e-06  
    3.58713927957   1.38660185694e-06  
    3.60148770802   1.40171550308e-06  
    3.61589387213   1.41921903895e-06  
    3.63035741275   1.52949003459e-06  
    3.64487868866   1.65301537906e-06  
    3.65945843514    1.2132543076e-06  
    3.67409628525   1.61324651596e-06  
     3.6887926074   1.31632328383e-06  
    3.70354777632   1.47586266336e-06  
    3.71836179065   1.51875188938e-06  
    3.73323541447   1.50954284346e-06  
    3.74816826477   1.69351157203e-06  
    3.76316111576   1.65212779867e-06  
    3.77821357615   1.38880449372e-06  
    3.79332643045    1.3159960028e-06  
    3.80849968022   1.54771699215e-06  
    3.82373372567   1.26174672141e-06  
    3.83902856636   1.59178347387e-06  
    3.85438501793   1.38696654619e-06  
    3.86980225926   1.49407236999e-06  
    3.88528152486   1.56451175647e-06  
    3.90082282035   1.58273238263e-06  
    3.91642614544    1.3693381899e-06  
     3.9320919216   1.64465597564e-06  
    3.94782014671   1.54006155598e-06  
    3.96361124722   1.19091192164e-06  
     3.9794656573    1.1690929844e-06  
    3.99538381902   1.65472783895e-06  
    4.01136529223   1.65525571219e-06  
    4.02741051384   1.46012168218e-06  
    4.04352038115   1.34753131022e-06  
    4.05969444633   1.63124008133e-06  
    4.07593316003    1.5161919003e-06  
    4.09223698126   1.54281339424e-06  
    4.10860591058   1.36890057981e-06  
    4.12504041299   1.47585030821e-06  
    4.14154048768   1.54015507133e-06  
    4.15810660581   1.67066248702e-06  
    4.17473924737   1.78819216318e-06  
     4.1914379294   1.55600850611e-06  
    4.20820361671   1.62689593615e-06  
    4.22503631116   1.16895714673e-06  
    4.24193650599   1.39386979563e-06  
    4.25890420203   1.32133096173e-06  
    4.27593989945   1.50767656573e-06  
    4.29304359811   1.40738164078e-06  
    4.31021606223   1.28532959031e-06  
    4.32745677891   1.07874838477e-06  
    4.34476677871   1.21784797993e-06  
    4.36214580283   1.68799613855e-06  
    4.37959437336   1.12203790533e-06  
    4.39711275511   1.27493580354e-06  
    4.41470121473   9.76279706576e-07  
    4.43236002067   1.13970151338e-06  
    4.45008944329   1.21829814849e-06  
    4.46788975486   1.23927735321e-06  
     4.4857612296   8.68676384092e-07  
     4.5037044243   1.03559827803e-06  
    4.52171905834   9.03721620866e-07  
    4.53980597546   8.72657329673e-07  
    4.55796517761   1.11365868115e-06  
    4.57619723913   5.11247418433e-07  
    4.59450186987   6.83491508258e-07  
    4.61287994068   8.02971589394e-07  
    4.63133145335   1.01468547441e-06  
    4.64985670171   8.08757749881e-07  
    4.66845628346   6.14743526518e-07  
    4.68712989672   7.12175872728e-07  
    4.70587844804   9.73872531368e-07  
    4.72470193969   6.67351520029e-07  
    4.74360098925   1.06627768653e-06  
    4.76257528571   9.72211008191e-07  
    4.78162544951   7.62499989341e-07  
    4.80075211388   8.78766697079e-07  
    4.81995496102   6.46357299035e-07  
    4.83923495122    7.5782721575e-07  
    4.85859176224   9.02848121943e-07  
    4.87802637057   6.58221742621e-07  
    4.89753844961   8.57424734668e-07  
     4.9171283236   1.06123859707e-06  
    4.93679699404   9.82815505843e-07  
    4.95654412786   1.07048040599e-06  
    4.97637040127   1.06481829874e-06  
    4.99627581409   1.13066834514e-06  
    5.01626105463   1.04200585748e-06  
    5.03632612401   1.06020496059e-06  
    5.05647136933   9.81561867465e-07  
    5.07669714118   1.08689516232e-06  
    5.09700379373   8.19536664139e-07  
    5.11739204703   9.63216967671e-07  
    5.13786154103   8.63705898144e-07  
    5.15841300039   8.32916258877e-07  
    5.17904679429   1.03005499327e-06  
    5.19976292187   9.04897342055e-07  
    5.22056175127   7.30941839814e-07  
    5.24144403461   9.32966069213e-07  
    5.26240977412   9.13066283554e-07  
    5.28345973627   9.44988559661e-07  
    5.30459353645   8.99694828399e-07  
    5.32581194655   9.32538590449e-07  
    5.34711496429   6.46888978552e-07  
     5.3685033765   8.31128578688e-07  
    5.38997758533   6.48012561967e-07  
     5.4115375925   7.57405854416e-07  
    5.43318339149   9.39969122624e-07  
    5.45491620212   6.61891542643e-07  
    5.47673603057   1.06341059175e-06  
    5.49864287472    7.9175374876e-07  
    5.52063756715   8.52098687339e-07  
    5.54272010896   8.00478637594e-07  
    5.56489092113   9.15695537209e-07  
    5.58715042976   6.35741313295e-07  
    5.60949906616    5.0216659336e-07  
    5.63193726694   7.51896487886e-07  
    5.65446458961   8.03722179462e-07  
    5.67708279786   7.79259762411e-07  
    5.69979100731   7.48894242261e-07  
    5.72259010817   1.04936737752e-06  
    5.74548055411    7.4855354265e-07  
    5.76846234429   7.00235348418e-07  
      5.791536397   8.86867254888e-07  
    5.81470224819   1.24165639167e-06  
    5.83796129572   6.71029997413e-07  
    5.86131307274    8.3550381098e-07  
    5.88475852542   6.48097519883e-07  
    5.90829717285   6.01782513622e-07  
    5.93193045656   1.18757510981e-06  
    5.95565838363   1.00646172358e-06  
    5.97948095214   9.49666951826e-07  
    6.00339864953   9.75423575908e-07  
    6.02741247236   1.22117235826e-06  
    6.05152192044   1.00042452607e-06  
    6.07572799998   9.62313017753e-07  
    6.10003122573   1.12014861078e-06  
    6.12443108191   1.11982073456e-06  
    6.14892911878    1.1149493018e-06  
    6.17352481846   9.90293569477e-07  
    6.19821869966   1.11892426935e-06  
    6.22301182415   1.09243740218e-06  
    6.24790365848   1.06659515369e-06  
    6.27289527528   8.84701074597e-07  
    6.29798667496   1.04923037612e-06  
    6.32317895437   1.00474042099e-06  
    6.34847156357   9.04086748145e-07  
    6.37386561103    8.6640948254e-07  
    6.39936109829   1.03882259264e-06  
    6.42495858819   8.86149762952e-07  
    6.45065807628    1.1047423631e-06  
    6.47646070858   8.08820031487e-07  
    6.50236648851   1.12119299031e-06  
    6.52837599909   7.96565805475e-07  
    6.55448983217   6.47434848645e-07  
    6.58070739056   8.91663057798e-07  
     6.6070304631   9.25830547306e-07  
    6.63345845158    8.6363964332e-07  
    6.65999256893    8.9970448336e-07  
    6.68663220164   4.75134449909e-07  
    6.71337857646   9.34210806171e-07  
     6.7402323211   7.07126535458e-07  
    6.76719343966   4.56090751213e-07  
    6.79426192596   6.57863370409e-07  
    6.82143905059   5.38469735745e-07  
    6.84872481713   7.04929604599e-07  
    6.87611987273   8.37447894167e-07  
    6.90362421565   4.06982361726e-07  
    6.93123849806    6.0824669729e-07  
    6.95896338267   5.43110945428e-07  
    6.98679954287   4.05812890768e-07  
    7.01474698239   4.16066742461e-07  
    7.04280569424   3.96016181836e-07  
    7.07097704376   4.94129013531e-07  
    7.09926103526    6.6987004683e-07  
    7.12765766225   6.83076090673e-07  
    7.15616832394   7.20898516742e-07  
    7.18479302568   6.45476777648e-07  
    7.21353248167   8.54214977227e-07  
    7.24238669254   8.79928837858e-07  
    7.27135637916   4.73630560902e-07  
    7.30044153741   4.81429677634e-07  
    7.32964289499   6.68070664981e-07  
    7.35896194108    5.2945066225e-07  
    7.38839793625   5.02873847564e-07  
    7.41795162807   4.98010910383e-07  
     7.4476230097   7.41671800933e-07  
    7.47741360958    4.3318241755e-07  
    7.50732343484   6.23815732757e-07  
    7.53735248125    5.4955239213e-07  
    7.56750152509   5.29936449247e-07  
     7.5977721547   5.52672481566e-07  
    7.62816277835   4.13096060914e-07  
    7.65867579796   4.81649805574e-07  
    7.68931040992   5.02680760958e-07  
    7.72006742165   7.44267276612e-07  
    7.75094765492   6.43486793504e-07  
    7.78195194613   3.32832643038e-07  
    7.81307945788   6.60860070567e-07  
    7.84433186727   2.95570772674e-07  
    7.87570917764   3.92366373621e-07  
    7.90721224521   4.53681251075e-07  
    7.93884106988    3.7655186021e-07  
    7.97059651818   4.14523127879e-07  
    8.00247858663   2.78394216777e-07  
    8.03448815236   4.41864939224e-07  
    8.06662610855   5.08630921993e-07  
    8.09889336484   2.73356062093e-07  
     8.1312881039   4.57877317363e-07  
    8.16381396885    4.0229313413e-07  
    8.19646913217   4.43785129113e-07  
    8.22925450488   4.48909653741e-07  
    8.26217195928   6.04250027944e-07  
     8.2952205599    4.9205822688e-07  
    8.32840124719   2.68889639315e-07  
    8.36171497933   3.28452956866e-07  
    8.39516175769   4.58776478057e-07  
    8.42874255349   5.71125998639e-07  
    8.46245736585    2.6335309041e-07  
     8.4963071794   2.63771325941e-07  
    8.53029299759    5.5890225416e-07  
    8.56441381387   4.08216147607e-07  
    8.59867164433   3.45523898706e-07  
    8.63306597974   1.88633809592e-07  
    8.66759835958   2.40843148917e-07  
    8.70226878849   7.11406132257e-08  
    8.73707778582   2.32248775737e-07  
    8.77202587434   2.33257003434e-07  
    8.80711411676   1.33836198237e-07  
    8.84234251506   1.86534058396e-07  
    8.87771214789   1.24009761996e-07  
    8.91322301618   1.60858962396e-07  
    8.94887566111   1.49732772792e-07  
    8.98467118599                 0.0  
    9.02061015324                 0.0  
    9.05669256222   5.13990929481e-08  
    9.09291897023   1.63000120513e-08  
    9.12929109163   2.46428553947e-08  
    9.16580777681   7.44827199867e-08  
    9.20247133927   1.07817913233e-07  
     9.2392812011   1.11902018064e-07  
    9.27623794181   6.17345389015e-08  
    9.31334334528   4.66887832681e-08  
    9.35059681985   5.83933246473e-08  
    9.38799895942                 0.0  
    9.42555097729   6.43201341137e-08  
    9.46325287276   6.65735827452e-09  
    9.50110587927                 0.0  
    9.53911062623                 0.0  
    9.57726711423                 0.0  
    9.61557596868                 0.0  
    9.65403846516                 0.0  
    9.69265460608                 0.0  
    9.73142503402                 0.0  
    9.77035105768                 0.0  
    9.80943201648                 0.0  
    9.84866989689                 0.0  
    9.88806470579                 0.0  
    9.92761711669                 0.0  
    9.96732712253                 0.0  
    10.0071967787                 0.0  
    10.0472253989                 0.0  
    10.0874143706                 0.0  
