      wave_micron            flux_mjy  
  0.0154221819325                 0.0  
  0.0154783455809                 0.0  
   0.015540258413                 0.0  
  0.0156024189732                 0.0  
  0.0156648289627                 0.0  
  0.0157274883885                 0.0  
  0.0157903989725                 0.0  
   0.015853560715                 0.0  
  0.0159169753591                 0.0  
  0.0159806428986                 0.0  
  0.0160445650983                 0.0  
  0.0161087437552                 0.0  
  0.0161731788756                 0.0  
   0.016237870441                 0.0  
  0.0163028221147                 0.0  
  0.0163680339168                 0.0  
  0.0164335058424                 0.0  
  0.0164992397599                 0.0  
  0.0165652375728                 0.0  
  0.0166314973626                 0.0  
   0.016698022957                 0.0  
  0.0167648163217                 0.0  
  0.0168318755082                 0.0  
  0.0168992024628                 0.0  
  0.0169667991687                 0.0  
  0.0170346676472                 0.0  
  0.0171028048591                 0.0  
  0.0171712168936                 0.0  
  0.0172399017199                 0.0  
  0.0173088613934                 0.0  
  0.0173780969564                 0.0  
  0.0174476083969                 0.0  
  0.0175173988859                 0.0  
  0.0175874684342                 0.0  
  0.0176578192002                 0.0  
  0.0177284500972                 0.0  
  0.0177993632902                 0.0  
  0.0178705609874                 0.0  
  0.0179420431955                 0.0  
  0.0180138121572                 0.0  
  0.0180858667379                 0.0  
  0.0181582103376                 0.0  
   0.018230842962                 0.0  
  0.0183037669249                 0.0  
  0.0183769822319                 0.0  
  0.0184504900473                 0.0  
  0.0185242915451                 0.0  
  0.0185983891149                 0.0  
  0.0186727827634                 0.0  
  0.0187474736943                 0.0  
  0.0188224631215                 0.0  
  0.0188977535148                 0.0  
  0.0189733436286                 0.0  
  0.0190492372098                 0.0  
  0.0191254342705                 0.0  
  0.0192019360793                 0.0  
  0.0192787439165                 0.0  
  0.0193558590743                 0.0  
  0.0194332828569                 0.0  
  0.0195110152532                 0.0  
  0.0195890602365                 0.0  
  0.0196674164828                 0.0  
  0.0197460853146                 0.0  
  0.0198250694374                 0.0  
  0.0199043702325                 0.0  
  0.0199839877024                 0.0  
  0.0200639232226                 0.0  
  0.0201441795976                 0.0  
  0.0202247554125                 0.0  
  0.0203056549267                 0.0  
  0.0203868781584                 0.0  
  0.0204684250949                 0.0  
  0.0205502986369                 0.0  
  0.0206325002631                 0.0  
  0.0207150299721                 0.0  
  0.0207978907469                 0.0  
  0.0208810810743                 0.0  
  0.0209646054901                 0.0  
  0.0210484640106                 0.0  
  0.0211326581768                 0.0  
  0.0212171895475                 0.0  
  0.0213020581165                 0.0  
  0.0213872654403                 0.0  
  0.0214728147007                 0.0  
  0.0215587059078                 0.0  
  0.0216449406729                 0.0  
  0.0217315206258                 0.0  
  0.0218184474159                 0.0  
  0.0219057210389                 0.0  
  0.0219933431436                 0.0  
  0.0220813170987                 0.0  
  0.0221696429202                 0.0  
  0.0222583205902                 0.0  
  0.0223473535396                 0.0  
  0.0224367435202                 0.0  
  0.0225264905366                 0.0  
  0.0226165963424                 0.0  
  0.0227070627134                 0.0  
   0.022797891448                 0.0  
  0.0228890825408                 0.0  
  0.0229806396339                 0.0  
  0.0230725608835                 0.0  
  0.0231648518352                 0.0  
  0.0232575106339                 0.0  
  0.0233505410324                 0.0  
  0.0234439430362                 0.0  
  0.0235377185467                 0.0  
  0.0236318694907                 0.0  
  0.0237263978211                 0.0  
  0.0238213035385                 0.0  
  0.0239165886016                 0.0  
  0.0240122549961                 0.0  
  0.0241083027081                 0.0  
  0.0242047378153                 0.0  
  0.0243015562579                 0.0  
  0.0243987621108                 0.0  
   0.024496357451                 0.0  
  0.0245943422758                 0.0  
  0.0246927207968                 0.0  
  0.0247914908945                 0.0  
  0.0248906568236                 0.0  
  0.0249902185834                 0.0  
  0.0250901805246                 0.0  
  0.0251905404622                 0.0  
  0.0252913027928                 0.0  
  0.0253924675203                 0.0  
   0.025494039142                 0.0  
  0.0255960154078                 0.0  
  0.0256983985612                 0.0  
  0.0258011932004                 0.0  
  0.0259043970131                 0.0  
  0.0260080146481                 0.0  
    0.02611204611                 0.0  
  0.0262164937597                 0.0  
  0.0263213599946                 0.0  
  0.0264266472488                 0.0  
  0.0265323530848                 0.0  
   0.026638482369                 0.0  
  0.0267450350961                 0.0  
  0.0268520162481                 0.0  
  0.0269594233237                 0.0  
   0.027067261363                 0.0  
  0.0271755303777                 0.0  
  0.0272842329335                 0.0  
  0.0273933690209                 0.0  
   0.027502943863                 0.0  
  0.0276129548334                 0.0  
  0.0277234072187                 0.0  
  0.0278343010305                 0.0  
  0.0279456389615                 0.0  
  0.0280574210034                 0.0  
  0.0281696498716                 0.0  
  0.0282823283267                 0.0  
  0.0283954591745                 0.0  
  0.0285090395999                 0.0  
  0.0286230752233                 0.0  
  0.0287375689239                 0.0  
  0.0288525178234                 0.0  
  0.0289679276849                 0.0  
  0.0290838014637                 0.0  
  0.0292001362195                 0.0  
  0.0293169348659                 0.0  
  0.0294342033877                 0.0  
  0.0295519418269                 0.0  
  0.0296701471117                 0.0  
  0.0297888284028                 0.0  
  0.0299079857543                 0.0  
  0.0300276160314                 0.0  
  0.0301477254602                 0.0  
  0.0302683172275                 0.0  
  0.0303893913559                 0.0  
  0.0305109478221                 0.0  
  0.0306329930995                 0.0  
  0.0307555239287                 0.0  
  0.0308785468721                 0.0  
  0.0310020619542                 0.0  
  0.0311260691522                 0.0  
  0.0312505718008                 0.0  
  0.0313755767274                 0.0  
  0.0315010770906                 0.0  
  0.0316270832193                 0.0  
  0.0317535916642                 0.0  
  0.0318806059038                 0.0  
  0.0320081259079                 0.0  
  0.0321361587989                 0.0  
  0.0322647046199                 0.0  
  0.0323937633655                 0.0  
  0.0325233386688                 0.0  
  0.0326534305126                 0.0  
   0.032784046325                 0.0  
  0.0329151823899                 0.0  
  0.0330468424368                 0.0  
  0.0331790302653                 0.0  
  0.0333117458776                 0.0  
  0.0334449931253                 0.0  
  0.0335787720014                 0.0  
  0.0337130864104                 0.0  
  0.0338479403317                 0.0  
  0.0339833297668                 0.0  
   0.034119266773                 0.0  
    0.03425574124                 0.0  
  0.0343927653635                 0.0  
  0.0345303371289                 0.0  
  0.0346684564989                 0.0  
  0.0348071318312                 0.0  
  0.0349463589249                 0.0  
  0.0350861462674                 0.0  
  0.0352264895855                 0.0  
  0.0353673953179                 0.0  
  0.0355088656611                 0.0  
  0.0356509006117                 0.0  
   0.035793504579                 0.0  
  0.0359366775568                 0.0  
  0.0360804262925                 0.0  
  0.0362247462568                 0.0  
  0.0363696465556                 0.0  
  0.0365151249103                 0.0  
  0.0366611859421                 0.0  
  0.0368078296413                 0.0  
  0.0369550607037                 0.0  
  0.0371028815203                 0.0  
  0.0372512920825                 0.0  
  0.0374002972022                 0.0  
  0.0375498993313                 0.0  
  0.0377000984646                 0.0  
  0.0378508995351                 0.0  
  0.0380023025414                 0.0  
  0.0381543124999                 0.0  
  0.0383069294135                 0.0  
  0.0384601558058                 0.0  
  0.0386139968225                 0.0  
  0.0387684524758                 0.0  
   0.038923528001                 0.0  
  0.0390792207552                 0.0  
  0.0392355386861                 0.0  
  0.0393924818217                 0.0  
  0.0395500501301                 0.0  
  0.0397082517653                 0.0  
  0.0398670839996                 0.0  
  0.0400265523356                 0.0  
   0.040186659577                 0.0  
  0.0403474057178                 0.0  
  0.0405087935511                 0.0  
  0.0406708287828                 0.0  
  0.0408335143331                 0.0  
  0.0409968472931                 0.0  
  0.0411608334584                 0.0  
  0.0413254787495                 0.0  
  0.0414907802101                 0.0  
   0.041656743801                 0.0  
  0.0418233695127                 0.0  
  0.0419906634194                 0.0  
  0.0421586255298                 0.0  
   0.042327258912                 0.0  
  0.0424965698167                 0.0  
  0.0426665551097                 0.0  
  0.0428372210879                 0.0  
  0.0430085709616                 0.0  
  0.0431806047274                 0.0  
  0.0433533288696                 0.0  
  0.0435267401058                 0.0  
  0.0437008482999                 0.0  
   0.043875650142                 0.0  
  0.0440511522978                 0.0  
  0.0442273581705                 0.0  
  0.0444042677676                 0.0  
  0.0445818844935                 0.0  
  0.0447602117949                 0.0  
  0.0449392531611                 0.0  
  0.0451190085759                 0.0  
  0.0452994851091                 0.0  
  0.0454806827765                 0.0  
  0.0456626087953                 0.0  
  0.0458452558873                 0.0  
  0.0460286386326                 0.0  
  0.0462127533948                 0.0  
  0.0463976038551                 0.0  
   0.046583193743                 0.0  
   0.046769526837                 0.0  
   0.046956606966                 0.0  
  0.0471444302599                 0.0  
  0.0473330082767                 0.0  
  0.0475223410627                 0.0  
  0.0477124325616                 0.0  
  0.0479032787694                 0.0  
  0.0480948956441                 0.0  
  0.0482872751942                 0.0  
  0.0484804213891                 0.0  
  0.0486743423835                 0.0  
  0.0488690423574                 0.0  
  0.0490645171557                 0.0  
  0.0492607751063                 0.0  
  0.0494578204664                 0.0  
  0.0496556489567                 0.0  
   0.049854273417                 0.0  
  0.0500536895535                 0.0  
  0.0502539060659                 0.0  
  0.0504549185427                 0.0  
  0.0506567402489                 0.0  
  0.0508593667607                 0.0  
  0.0510628025253                 0.0  
  0.0512670566381                 0.0  
  0.0514721245518                 0.0  
  0.0516780108055                 0.0  
  0.0518847246999                 0.0  
   0.052092261563                 0.0  
  0.0523006307993                 0.0  
  0.0525098324223                 0.0  
  0.0527198760571                 0.0  
  0.0529307520196                 0.0  
  0.0531424748511                 0.0  
  0.0533550445924                 0.0  
  0.0535684662058                 0.0  
  0.0537827396889                 0.0  
  0.0539978700401                 0.0  
  0.0542138623369                 0.0  
  0.0544307165721                 0.0  
  0.0546484430685                 0.0  
  0.0548670366526                 0.0  
  0.0550865024807                 0.0  
  0.0553068511252                 0.0  
  0.0555280772875                 0.0  
  0.0557501916691                 0.0  
  0.0559731888451                 0.0  
  0.0561970851542                 0.0  
  0.0564218696252                 0.0  
    0.05664755882                 0.0  
  0.0568741471904                 0.0  
   0.057101645976                 0.0  
  0.0573300495008                 0.0  
  0.0575593691465                 0.0  
  0.0577896107521                 0.0  
   0.058020768517                 0.0  
   0.058252848197                 0.0  
  0.0584858616093                 0.0  
  0.0587198028284                 0.0  
  0.0589546838262                 0.0  
  0.0591905046543                 0.0  
  0.0594272652747                 0.0  
  0.0596649717642                 0.0  
  0.0599036365615                 0.0  
  0.0601432471883                 0.0  
  0.0603838224564                 0.0  
  0.0606253560613                 0.0  
  0.0608678607795                 0.0  
  0.0611113301733                 0.0  
  0.0613557771937                 0.0  
  0.0616012018839                 0.0  
  0.0618476041939                 0.0  
  0.0620949907005                 0.0  
  0.0623433748748                 0.0  
  0.0625927500343                 0.0  
  0.0628431160694                 0.0  
  0.0630944935939                 0.0  
  0.0633468688088                 0.0  
  0.0636002555816                 0.0  
  0.0638546539134                 0.0  
   0.064110078039                 0.0  
  0.0643665136604                 0.0  
  0.0646239823258                 0.0  
  0.0648824768223                 0.0  
  0.0651420117993                 0.0  
  0.0654025799059                 0.0  
  0.0656641884884                 0.0  
  0.0659268450311                 0.0  
  0.0661905495202                 0.0  
  0.0664553095403                 0.0  
  0.0667211328193                 0.0  
  0.0669880194077                 0.0  
  0.0672559692546                 0.0  
   0.067524998104                 0.0  
  0.0677950980645                 0.0  
  0.0680662770408                 0.0  
  0.0683385430896                 0.0  
  0.0686118962156                 0.0  
   0.068886340455                 0.0  
   0.069161888209                 0.0  
  0.0694385353599                 0.0  
   0.069716290261                 0.0  
  0.0699951528868                 0.0  
  0.0702751360196                 0.0  
   0.070556235388                 0.0  
  0.0708384595976                 0.0  
  0.0711218130144                 0.0  
  0.0714063000362                 0.0  
  0.0716919250936                 0.0  
    0.07197869265                 0.0  
  0.0722666072029                 0.0  
  0.0725556732844                 0.0  
  0.0728459000873                 0.0  
  0.0731372830003                 0.0  
  0.0734298312522                 0.0  
  0.0737235495201                 0.0  
  0.0740184425194                 0.0  
  0.0743145198186                 0.0  
  0.0746117766219                 0.0  
  0.0749102225396                 0.0  
  0.0752098624475                 0.0  
  0.0755107012636                 0.0  
  0.0758127489591                 0.0  
  0.0761159955082                 0.0  
  0.0764204609911                 0.0  
  0.0767261454929                 0.0  
  0.0770330489826                 0.0  
  0.0773411817395                 0.0  
  0.0776505437441                 0.0  
  0.0779611454547                 0.0  
  0.0782729922069                 0.0  
  0.0785860840041                 0.0  
  0.0789004261565                 0.0  
  0.0792160294956                 0.0  
   0.079532894053                 0.0  
   0.079851025297                 0.0  
  0.0801704287509                 0.0  
  0.0804911099934                 0.0  
  0.0808130746602                 0.0  
  0.0811363284449                 0.0  
  0.0814608713158                 0.0  
  0.0817867147778                 0.0  
  0.0821138647046                 0.0  
  0.0824423211076                 0.0  
  0.0827720898447                 0.0  
   0.083103176837                 0.0  
  0.0834355880695                 0.0  
  0.0837693295932                 0.0  
  0.0841044075257                 0.0  
  0.0844408280531                 0.0  
  0.0847785911656                 0.0  
  0.0851177030393                 0.0  
  0.0854581762863                 0.0  
  0.0858000109601                 0.0  
  0.0861432069836                 0.0  
  0.0864877837083                 0.0  
   0.086833734686                 0.0  
   0.087181066378                 0.0  
  0.0875297920005                 0.0  
  0.0878799115976                 0.0  
  0.0882314318658                 0.0  
  0.0885843527423                 0.0  
  0.0889386947135                 0.0  
  0.0892944509877                 0.0  
  0.0896516284288                 0.0  
  0.0900102339858                 0.0  
  0.0903702746949                 0.0  
  0.0907317505044                 0.0  
  0.0910946829245                 0.0  
  0.0914590575601                 0.0  
  0.0918248961623                 0.0  
  0.0921921988168                 0.0  
  0.0925609654697                 0.0  
  0.0929312109813                 0.0  
  0.0933029353717                 0.0  
  0.0936761461684                 0.0  
  0.0940508509988                 0.0  
  0.0944270498198                 0.0  
  0.0948047581127                 0.0  
  0.0951839838158                 0.0  
  0.0955647190532                 0.0  
  0.0959469715991                 0.0  
  0.0963307655121                 0.0  
  0.0967160847083                 0.0  
  0.0971029535334                 0.0  
  0.0974913638291                 0.0  
  0.0978813237277                 0.0  
  0.0982728498947                 0.0  
    0.09866594241                 0.0  
   0.099060609758                 0.0  
  0.0994568519222                 0.0  
  0.0998546774253                 0.0  
   0.100254094913                 0.0  
   0.100655113158                 0.0  
   0.101057732156                 0.0  
   0.101461960725                 0.0  
   0.101867807811                 0.0  
   0.102275282494                 0.0  
   0.102684384796                 0.0  
   0.103095123848                 0.0  
   0.103507499581                 0.0  
   0.103921530592                 0.0  
   0.104337216941                 0.0  
   0.104754568095                 0.0  
   0.105173584024                 0.0  
   0.105594283976                 0.0  
   0.106016658262                 0.0  
   0.106440726351                 0.0  
   0.106866488265                 0.0  
   0.107293953898                 0.0  
     0.1077231333                 0.0  
   0.108154016287                 0.0  
   0.108586633294                 0.0  
   0.109020984491                 0.0  
   0.109457069886                 0.0  
   0.109894899843                 0.0  
   0.110334474284                 0.0  
   0.110775814355                 0.0  
   0.111218920147                 0.0  
   0.111663791584                 0.0  
   0.112110450329                 0.0  
   0.112558885443                 0.0  
   0.113009129988                 0.0  
   0.113461161814                 0.0  
   0.113915003126                 0.0  
   0.114370665274                 0.0  
   0.114828148301                 0.0  
   0.115287463664                 0.0  
   0.115748611332                 0.0  
   0.116211602869                 0.0  
   0.116676450037                 0.0  
   0.117143152835                 0.0  
   0.117611735198                 0.0  
   0.118082173035                 0.0  
   0.118554502557                 0.0  
   0.119028723913                 0.0  
   0.119504837073                 0.0  
   0.119982854371                 0.0  
   0.120462788359                 0.0  
   0.120944639055                 0.0  
   0.121428419148                 0.0  
   0.121914128591                 0.0  
   0.122401793275                 0.0  
   0.122891400238                 0.0  
   0.123382962455                 0.0  
   0.123876493133                 0.0  
   0.124372005713                 0.0  
   0.124869486696                 0.0  
    0.12536896306                 0.0  
   0.125870448651                 0.0  
   0.126373929725                 0.0  
   0.126879419965                 0.0  
   0.127386933305                 0.0  
   0.127896483936                 0.0  
   0.128408071933                 0.0  
   0.128921697178                 0.0  
   0.129437388564                 0.0  
   0.129955146271                 0.0  
   0.130474955445                 0.0  
   0.130996860392                 0.0  
   0.131520846332                 0.0  
   0.132046928203                 0.0  
   0.132575121227                 0.0  
   0.133105425465                 0.0  
   0.133637840778                 0.0  
   0.134172398206                 0.0  
   0.134709082127                 0.0  
   0.135247924046                 0.0  
   0.135788908058                 0.0  
   0.136332066143                 0.0  
   0.136877390275                 0.0  
   0.137424904887                 0.0  
   0.137974601796                 0.0  
   0.138526497437                 0.0  
   0.139080608566                 0.0  
   0.139636926768                 0.0  
    0.14019547741                 0.0  
   0.140756260558                 0.0  
   0.141319284768                 0.0  
   0.141884558656                 0.0  
   0.142452099745                 0.0  
   0.143021908073                 0.0  
   0.143593992447                 0.0  
   0.144168370799                 0.0  
   0.144745043155                 0.0  
   0.145324027728                 0.0  
   0.145905324541                 0.0  
   0.146488942746                 0.0  
   0.147074900997                 0.0  
   0.147663199313                 0.0  
   0.148253847072                 0.0  
   0.148846863384                 0.0  
   0.149442258012                 0.0  
    0.15004002118                 0.0  
   0.150640182132                 0.0  
   0.151242740914                 0.0  
   0.151847717443                 0.0  
   0.152455101654                 0.0  
   0.153064923769                 0.0  
   0.153677183874                 0.0  
   0.154291892196                 0.0  
   0.154909059057                 0.0  
   0.155528694873                 0.0  
    0.15615081016                 0.0  
   0.156775415535                 0.0  
   0.157402521715                 0.0  
   0.158032128636                 0.0  
   0.158664257937                 0.0  
   0.159298909593                 0.0  
   0.159936105631                 0.0  
   0.160575857307                 0.0  
   0.161218153334                 0.0  
   0.161863027494                 0.0  
    0.16251047988                 0.0  
   0.163160521938                 0.0  
   0.163813165237                 0.0  
   0.164468421468                 0.0  
   0.165126290561                 0.0  
   0.165786796153                 0.0  
   0.166449938238                 0.0  
     0.1671157409                 0.0  
   0.167784204206                 0.0  
   0.168455340333                 0.0  
   0.169129161595                 0.0  
   0.169805680445                 0.0  
   0.170484909475                 0.0  
   0.171166848655                 0.0  
   0.171851510563                 0.0  
   0.172538920896                 0.0  
   0.173229066678                 0.0  
    0.17392198699                 0.0  
   0.174617682033                 0.0  
   0.175316151747                 0.0  
   0.176017409306                 0.0  
   0.176721481655                 0.0  
   0.177428368893                 0.0  
   0.178138084683                 0.0  
   0.178850628912                 0.0  
   0.179566043354                 0.0  
   0.180284300021                 0.0  
   0.181005441147                 0.0  
   0.181729466868                 0.0  
   0.182456377047                 0.0  
   0.183186200516                 0.0  
   0.183918952014                 0.0  
    0.18465461675                 0.0  
   0.185393239096                 0.0  
   0.186134819272                 0.0  
   0.186879357215                 0.0  
    0.18762686792                 0.0  
   0.188377382046                 0.0  
   0.189130884183                 0.0  
   0.189887405278                 0.0  
   0.190646961147                 0.0  
   0.191409551855                 0.0  
   0.192175193269                 0.0  
    0.19294388525                 0.0  
   0.193715660074                 0.0  
   0.194490534275                 0.0  
    0.19526849138                 0.0  
   0.196049564345                 0.0  
   0.196833753116                 0.0  
   0.197621091384                 0.0  
   0.198411579304                 0.0  
   0.199205234028                 0.0  
    0.20000205552                 0.0  
   0.200802061011                 0.0  
   0.201605267985                 0.0  
   0.202411694179                 0.0  
   0.203221339593                 0.0  
    0.20403422206                 0.0  
   0.204850359677                 0.0  
   0.205669752375                 0.0  
   0.206492436937                 0.0  
   0.207318413552                 0.0  
    0.20814768209                 0.0  
   0.208980261139                 0.0  
   0.209816188758                 0.0  
   0.210655445884                 0.0  
   0.211498071008                 0.0  
   0.212344064232                 0.0  
   0.213193445145                 0.0  
   0.214046213675                 0.0  
   0.214902409677                 0.0  
   0.215762013091                 0.0  
    0.21662506424                 0.0  
   0.217491563183                 0.0  
   0.218361530429                 0.0  
   0.219234965867                 0.0  
   0.220111911284                 0.0  
     0.2209923669                 0.0  
   0.221876332607                 0.0  
   0.222763829578                 0.0  
    0.22365490114                 0.0  
   0.224549503758                 0.0  
   0.225447702921                 0.0  
   0.226349498892                 0.0  
   0.227254891597                 0.0  
   0.228163925989                 0.0  
   0.229076579506                 0.0  
   0.229992874618                 0.0  
   0.230912857412                 0.0  
   0.231836504828                 0.0  
   0.232763839934                 0.0  
   0.233694909994                 0.0  
    0.23462969145                 0.0  
   0.235568207999                 0.0  
   0.236510483745                 0.0  
   0.237456518631                 0.0  
   0.238406337007                 0.0  
   0.239359963648                 0.0  
   0.240317398589                 0.0  
   0.241278666869                 0.0  
   0.242243793968                 0.0  
   0.243212780032                 0.0  
   0.244185624836                 0.0  
   0.245162353976                 0.0  
    0.24614301991                 0.0  
   0.247127569931                 0.0  
   0.248116083417                 0.0  
    0.24910856079                 0.0  
   0.250105002093                 0.0  
   0.251105406992                 0.0  
   0.252109830165                 0.0  
   0.253118271822                 0.0  
   0.254130759937                 0.0  
   0.255147266246                 0.0  
   0.256167846992                 0.0  
   0.257192531015                 0.0  
   0.258221289561                 0.0  
   0.259254180438                 0.0  
   0.260291203866                 0.0  
   0.261332359668                 0.0  
   0.262377707278                 0.0  
   0.263427216902                 0.0  
    0.26448091836                 0.0  
   0.265538842033                 0.0  
   0.266600987898                 0.0  
   0.267667386749                 0.0  
   0.268738069965                 0.0  
   0.269813006064                 0.0  
   0.270892258088                 0.0  
   0.271975826221                 0.0  
   0.273063742733                 0.0  
   0.274156007754                 0.0  
   0.275252620997                 0.0  
    0.27635363168                 0.0  
   0.277459056633                 0.0  
    0.27856887898                 0.0  
    0.27968316611                 0.0  
   0.280801901239                 0.0  
   0.281925101253                 0.0  
   0.283052800615                 0.0  
   0.284185016866                 0.0  
   0.285321749936                 0.0  
   0.286463035083                 0.0  
    0.28760889024                 0.0  
   0.288759333475                 0.0  
   0.289914364678                 0.0  
   0.291074020225                 0.0  
   0.292238318604                 0.0  
   0.293407278456                 0.0  
   0.294580899659                 0.0  
   0.295759219764                 0.0  
   0.296942257868                 0.0  
   0.298130033227                 0.0  
   0.299322545737                 0.0  
   0.300519834195                 0.0  
   0.301721918353                 0.0  
   0.302928798139                 0.0  
   0.304140513331                 0.0  
   0.305357084209                 0.0  
    0.30657851075                 0.0  
    0.30780483376                 0.0  
   0.309036053261                 0.0  
   0.310272189784                 0.0  
   0.311513285199                 0.0  
   0.312759339614                 0.0  
   0.314010374147                 0.0  
   0.315266410121                 0.0  
   0.316527469063                 0.0  
   0.317793594723                 0.0  
   0.319064765213                 0.0  
   0.320341024541                 0.0  
   0.321622395105                 0.0  
    0.32290887681                 0.0  
   0.324200514872                 0.0  
   0.325497309296                 0.0  
   0.326799306137                 0.0  
   0.328106505512                 0.0  
   0.329418930686                 0.0  
   0.330736605174                 0.0  
   0.332059552743                 0.0  
   0.333387773198                 0.0  
   0.334721339076                 0.0  
   0.336060226296                 0.0  
   0.337404459096                 0.0  
   0.338754086995                 0.0  
   0.340109084964                 0.0  
   0.341469528289                 0.0  
   0.342835417322                 0.0  
   0.344206751893                 0.0  
    0.34558358336                 0.0  
   0.346965911735                 0.0  
   0.348353789395                 0.0  
   0.349747189896                 0.0  
   0.351146192895                 0.0  
   0.352550771731                 0.0  
   0.353960980257                 0.0  
   0.355376818476                 0.0  
   0.356798313591                 0.0  
   0.358225521107                 0.0  
   0.359658413196                 0.0  
    0.36109704583                 0.0  
   0.362541447593                 0.0  
   0.363991589687                 0.0  
   0.365447558249                 0.0  
   0.366909353625                 0.0  
   0.368377005178                 0.0  
   0.369850512842                 0.0  
   0.371329906034                 0.0  
   0.372815214556                 0.0  
   0.374306499135                 0.0  
   0.375803698768                 0.0  
   0.377306936059                 0.0  
    0.37881614935                 0.0  
   0.380331432033                 0.0  
   0.381852752824                 0.0  
   0.383380142906                 0.0  
    0.38491366618                 0.0  
   0.386453322919                 0.0  
   0.387999145622                 0.0  
   0.389551134167                 0.0  
   0.391109354508                 0.0  
   0.392673773317                 0.0  
   0.394244491082                 0.0  
   0.395821440208                 0.0  
   0.397404756821                 0.0  
   0.398994372669                 0.0  
   0.400590356569                 0.0  
   0.402192708445                 0.0  
    0.40380146314                 0.0  
   0.405416691825                 0.0  
   0.407038359024                 0.0  
    0.40866650028                 0.0  
   0.410301151665                 0.0  
   0.411942349788                 0.0  
   0.413590131812                 0.0  
   0.415244497878                 0.0  
   0.416905485377                 0.0  
   0.418573094084                 0.0  
   0.420247400108                 0.0  
   0.421928364977                 0.0  
   0.423616104768                 0.0  
   0.425310541546                 0.0  
   0.427011792894                 0.0  
   0.428719859375                 0.0  
   0.430434740904                 0.0  
   0.432156477435                 0.0  
   0.433885109556                 0.0  
   0.435620637143                 0.0  
    0.43736310109                 0.0  
   0.439112584969                 0.0  
   0.440869004932                 0.0  
   0.442632487246                 0.0  
   0.444403032456                 0.0  
   0.446180640438                 0.0  
   0.447965354113                 0.0  
   0.449757217111                 0.0  
   0.451556229337                 0.0  
   0.453362479596                 0.0  
   0.455175923398                 0.0  
   0.456996605151                 0.0  
   0.458824615881                 0.0  
   0.460659910107                 0.0  
   0.462502533404                 0.0  
   0.464352579108                 0.0  
    0.46620995338                 0.0  
   0.468074797379                 0.0  
   0.469947111716                 0.0  
   0.471826896298                 0.0  
   0.473714199207                 0.0  
   0.475609069359                 0.0  
   0.477511506824                 0.0  
   0.479421561033                 0.0  
   0.481339231788                 0.0  
   0.483264569046                 0.0  
   0.485197623643                 0.0  
    0.48713844731                 0.0  
    0.48908698843                 0.0  
    0.49104335062                 0.0  
   0.493007534152                 0.0  
   0.494979538549                 0.0  
   0.496959470212                 0.0  
   0.498947275454                 0.0  
    0.50094306216                 0.0  
   0.502946885801                 0.0  
   0.504958636151                 0.0  
   0.506978478729                 0.0  
    0.50900641424                 0.0  
   0.511042442618                 0.0  
   0.513086620388                 0.0  
   0.515138947285                 0.0  
   0.517199480546                 0.0  
   0.519268278468                 0.0  
   0.521345341199                 0.0  
   0.523430727797                 0.0  
   0.525524498426   2.31693616539e-10  
   0.527626593036   1.84079458726e-10  
   0.529737071145                 0.0  
   0.531855993396                 0.0  
   0.533983421578                 0.0  
   0.536119356013                 0.0  
   0.538263859347                 0.0  
   0.540416931774                 0.0  
   0.542578572662                 0.0  
   0.544748909884                 0.0  
   0.546927879032                 0.0  
   0.549115609922                 0.0  
   0.551312070118                 0.0  
   0.553517325448                 0.0  
   0.555731375711                 0.0  
   0.557954321622                 0.0  
   0.560186129508                 0.0  
    0.56242686716   2.87041643373e-10  
   0.564676568953                 0.0  
   0.566935269508   2.41411730817e-10  
   0.569203038998                 0.0  
   0.571479842222                 0.0  
   0.573765749586                 0.0  
   0.576060832897   2.72085338203e-10  
   0.578365056043   2.60719305607e-10  
   0.580678527832   2.88487414745e-10  
   0.583001248583   2.50416927322e-10  
   0.585333255065                 0.0  
   0.587674584337                 0.0  
   0.590025273757   5.06801724956e-10  
   0.592385360989   2.94634041819e-10  
    0.59475492255                 0.0  
    0.59713391995                 0.0  
   0.599522469205   7.78397423791e-10  
   0.601920570721                 0.0  
   0.604328223989                 0.0  
   0.606745547913                 0.0  
   0.609172542992                 0.0  
   0.611609208806                 0.0  
   0.614055667248   5.75004855543e-10  
   0.616511877542   2.86519885296e-10  
   0.618977921892   2.81799189448e-10  
    0.62145384213   5.37801651495e-10  
   0.623939680483                 0.0  
    0.62643543682   2.71146346161e-10  
   0.628941153152                 0.0  
   0.631456915341                 0.0  
   0.633982767257   1.02243786892e-10  
   0.636518664907   3.10233564639e-10  
   0.639064739921                 0.0  
   0.641621037484   8.64093045838e-10  
   0.644187512807   2.73719916382e-10  
   0.646764255413                 0.0  
   0.649351310787                 0.0  
   0.651948724887                 0.0  
   0.654556497467   5.61542000317e-10  
   0.657174721394                 0.0  
   0.659803444093                 0.0  
    0.66244266568                 0.0  
   0.665092433462   3.30632877947e-10  
   0.667752795259   2.87445331782e-10  
   0.670423799416   2.99632053779e-10  
    0.67310549481                 0.0  
   0.675797930866   1.02826217963e-09  
   0.678501107401   6.41329886512e-10  
   0.681215124321   1.03351241056e-09  
   0.683939981772   5.99279357453e-10  
   0.686675730236   9.30704176559e-10  
   0.689422420776   5.09323490608e-10  
   0.692180105052   2.96178722386e-10  
   0.694948835326   6.61497686236e-10  
   0.697728664482   8.28628900509e-10  
   0.700519539089   1.01687919141e-09  
   0.703321618534    3.6081172042e-10  
   0.706134903276   1.31514938351e-09  
   0.708959447472   7.14634448361e-10  
   0.711795305937                 0.0  
   0.714642478514   1.08103001483e-09  
   0.717501076141   3.55730015179e-10  
   0.720371042598   3.11281665322e-10  
   0.723252546752   7.64458941799e-10  
   0.726145531988   1.65936556407e-09  
   0.729050112501    1.0222708166e-09  
   0.731966346677   7.12197627692e-10  
   0.734894175957   1.05346078022e-09  
   0.737833776058   3.55263511271e-10  
   0.740785088054     9.622661498e-10  
   0.743748230808   2.79859913404e-09  
   0.746723265124   5.54661413281e-10  
   0.749710130124   1.11947695605e-09  
   0.752708947032   2.29048446086e-09  
   0.755719839845   7.34538878653e-10  
   0.758742684465   1.20822177852e-09  
   0.761777667799   1.78696969561e-09  
   0.764824790406   3.31534196692e-10  
   0.767884051683   3.30101087616e-09  
   0.770955579374   1.76498963892e-09  
   0.774039438886   2.31718509288e-09  
   0.777135564917   2.21551307165e-09  
    0.78024415422   6.68315544727e-10  
   0.783365074359   1.36241869529e-09  
   0.786498591855   2.12204676498e-09  
   0.789644572959   2.55695887624e-09  
   0.792803152342   5.24078550197e-09  
   0.795974329745   1.10038881817e-09  
   0.799158242868   1.85342515275e-09  
   0.802354892328   3.55733327853e-09  
   0.805564277528   3.47720597494e-09  
   0.808786539182   1.19944643358e-09  
    0.81202167761   3.08981914766e-09  
    0.81526976432   1.94732673649e-09  
   0.818530871882   8.40732116314e-10  
   0.821805000353   2.90231050234e-09  
   0.825092222719   2.57003552926e-09  
   0.828392613059   3.10029811367e-09  
   0.831706171199   2.17735063785e-09  
   0.835032971668   2.72961952382e-09  
   0.838373090129   2.87162633364e-09  
   0.841726603405   4.60049950152e-09  
   0.845093511678    4.4354366714e-09  
   0.848473892288   2.79077200084e-09  
   0.851867744698   3.91355827856e-09  
   0.855275226474   1.25679565732e-09  
   0.858696338263   4.03600442291e-09  
     0.8621311604   3.23822893035e-09  
   0.865579692848   5.82819775179e-09  
   0.869042016538   3.89880742038e-09  
   0.872518130734    4.1052283267e-09  
   0.876008200591   5.24387800178e-09  
   0.879512226677   5.99145792226e-09  
   0.883030293186    3.7343013407e-09  
   0.886562400028   5.19434369017e-09  
   0.890108632087   6.95535074323e-09  
   0.893669075629   7.05747225508e-09  
   0.897243818335    5.8539783488e-09  
   0.900832772471   7.88822230103e-09  
   0.904436113504   6.29686655496e-09  
   0.908053841492   7.20478330756e-09  
   0.911686045672   7.38800860496e-09  
    0.91533281677   5.64431145247e-09  
   0.918994155003   7.39374964545e-09  
   0.922670059186   6.09459076457e-09  
   0.926360807225   7.74569462069e-09  
   0.930066213277   4.05558361261e-09  
   0.933786464124   8.07535166881e-09  
   0.937521655387   6.15953061731e-09  
   0.941271691238   7.32405946064e-09  
    0.94503676327   9.03088661737e-09  
   0.948816969728    1.1622293686e-08  
   0.952612212787    9.4944502203e-09  
   0.956422689039   9.44128491688e-09  
    0.96024839901    7.4837708868e-09  
   0.964089341764   1.18960398533e-08  
   0.967945719061   1.16344598015e-08  
   0.971817531867   8.87012946091e-09  
   0.975704779678   6.34321242026e-09  
   0.979607565052   1.37675652007e-08  
   0.983525992373    8.6005331605e-09  
    0.98746016788   1.25637170536e-08  
    0.99140998551   1.47584706133e-08  
   0.995375550182   1.80021045068e-08  
   0.999357077529   1.28609785107e-08  
    1.00335456921   8.10322096895e-09  
     1.0073679148   2.40534076028e-08  
    1.01139744463   1.79794768276e-08  
    1.01544304873   1.30916701801e-08  
    1.01950483853   1.79044186451e-08  
    1.02358281331   1.35957003558e-08  
    1.02767708587    1.3831040202e-08  
    1.03178788711   1.39106923156e-08  
    1.03591498602   1.40427842277e-08  
    1.04005861403   1.05522441573e-08  
    1.04421888967   1.16039894598e-08  
     1.0483958139   8.83176594445e-09  
    1.05258938609   1.59829539091e-08  
    1.05679972569   1.86234143798e-08  
    1.06102695441   1.70827828383e-08  
    1.06527107257   1.43440658282e-08  
     1.0695320789   1.65977814618e-08  
    1.07381022173   1.51947056209e-08  
    1.07810550248   1.69499758452e-08  
    1.08241792093   2.11055538068e-08  
    1.08674760389    1.8776215108e-08  
    1.09109455089   1.42060673111e-08  
    1.09545895593   2.32022213638e-08  
    1.09984075394   1.95937505888e-08  
    1.10424014184     1.843701967e-08  
    1.10865712028   2.37731769948e-08  
    1.11309168825   2.19034029651e-08  
    1.11754411518   3.36737086839e-08  
    1.12201426596   2.39392769352e-08  
    1.12650234506   2.61867032326e-08  
    1.13100835277   3.18089833663e-08  
    1.13553235792   3.31133973806e-08  
    1.14007450061   3.35304299697e-08  
    1.14463478098   3.96147982172e-08  
    1.14921334131   3.32718885737e-08  
    1.15381018168   4.71376324185e-08  
    1.15842544658   4.17104573255e-08  
    1.16305913603   4.49711364715e-08  
    1.16771132256   3.07486829636e-08  
    1.17238222901   4.74341111557e-08  
     1.1770717062   3.68372447011e-08  
    1.18178005487   4.05931446157e-08  
    1.18650712344     4.206469748e-08  
    1.19125314023   4.63135278637e-08  
    1.19601818322   4.11149491433e-08  
    1.20080225251   4.30817260857e-08  
    1.20560542555   4.26236578677e-08  
     1.2104278603   4.21700309916e-08  
    1.21526955699   4.80451167526e-08  
    1.22013067626   4.05959226659e-08  
    1.22501121851   3.76118432936e-08  
    1.22991126469    3.6480208234e-08  
    1.23483089651   4.76142798074e-08  
    1.23977019641   3.83005763457e-08  
    1.24472933202   4.80712669406e-08  
    1.24970821917   5.77520998097e-08  
    1.25470702642   5.55791368874e-08  
    1.25972583937   5.49785222295e-08  
    1.26476474446   4.43869003819e-08  
    1.26982382899   4.64454192871e-08  
    1.27490309256   6.50386632261e-08  
    1.28000271133   4.70232379332e-08  
    1.28512277523   5.24203175677e-08  
     1.2902632844   4.41484939723e-08  
    1.29542432843   5.10894566195e-08  
    1.30060599784   5.86349371024e-08  
    1.30580838408   6.14418897454e-08  
     1.3110316732   6.52086550822e-08  
    1.31627577206   6.63122283297e-08  
    1.32154086795   6.58482574699e-08  
    1.32682705626   6.46520502934e-08  
    1.33213433675   6.85934152217e-08  
    1.33746290205   8.08571010581e-08  
    1.34281275249   7.09208348764e-08  
    1.34818398535   6.29062504858e-08  
    1.35357669902   7.45421080239e-08  
    1.35899099299   5.88145977609e-08  
    1.36442696787   8.09257073423e-08  
    1.36988472544   7.92487031303e-08  
    1.37536426557   8.13164710952e-08  
    1.38086568994   8.32942729116e-08  
     1.3863892061   7.55696192297e-08  
    1.39193470951   8.28048671421e-08  
    1.39750240935   8.79332143568e-08  
    1.40309251941   6.65010975881e-08  
    1.40870482573   7.82983324018e-08  
    1.41433965025   6.55527228006e-08  
    1.41999699353   8.34299648748e-08  
    1.42567696474    8.6877102472e-08  
    1.43137967438   6.60513585005e-08  
    1.43710523432   7.44702926329e-08  
    1.44285364441   6.41245851951e-08  
    1.44862501663   8.20410160957e-08  
     1.4544195796   6.94506728402e-08  
    1.46023721857   7.85413121781e-08  
    1.46607816418   6.41061309658e-08  
    1.47194253421   8.50542943612e-08  
      1.477830329   6.02783858376e-08  
    1.48374154662   6.81650234438e-08  
    1.48967654556   6.42689411871e-08  
    1.49563532798   6.13855730636e-08  
    1.50161777091   7.01380009933e-08  
    1.50762424051   6.37528411822e-08  
    1.51365473797   6.26027524978e-08  
    1.51970938801   4.77962615314e-08  
    1.52578819019   6.19416998345e-08  
    1.53189139745    6.6647237194e-08  
    1.53801901079   7.23518427589e-08  
    1.54417102887   5.53153273051e-08  
    1.55034770985   6.29187301173e-08  
    1.55654905389   7.81401485297e-08  
    1.56277532485   8.08428485703e-08  
    1.56902639034   8.47668248186e-08  
    1.57530251691   9.71324556393e-08  
    1.58160370472   9.76145067599e-08  
    1.58793008889   9.05419048254e-08  
    1.59428180649   1.01951601135e-07  
    1.60065899655   1.22498407001e-07  
    1.60706165945   1.10994923986e-07  
    1.61348993491   1.08498644094e-07  
    1.61994382173   1.26461951748e-07  
    1.62642360449     1.197685303e-07  
    1.63292928386   1.25711157748e-07  
    1.63946100449   1.28650571825e-07  
     1.6460189132   1.23382790351e-07  
     1.6526028614   1.09878497455e-07  
    1.65921329316   1.29736868234e-07  
    1.66585021079   1.31821854964e-07  
    1.67251361406   1.10928071603e-07  
    1.67920365382   1.48505686674e-07  
    1.68592048325   1.53843806651e-07  
    1.69266410175   1.25586436837e-07  
    1.69943482084   1.43578602537e-07  
    1.70623248366   1.45776878794e-07  
    1.71305740532     1.183117523e-07  
     1.7199097473   1.24465680436e-07  
    1.72678934875    1.2881616744e-07  
    1.73369653225    1.0741463143e-07  
    1.74063129799   1.34143738707e-07  
    1.74759380992    1.2267252683e-07  
    1.75458423461   1.27022556026e-07  
    1.76160257222   1.32984996011e-07  
    1.76864899066   1.22948294166e-07  
    1.77572348875   1.27194271791e-07  
    1.78282640892   1.15933974095e-07  
     1.7899577528   1.35603511349e-07  
    1.79711751932   1.23843105145e-07  
    1.80430605936   1.46913323841e-07  
    1.81152319598   1.18326107521e-07  
    1.81876928446   1.16045024967e-07  
    1.82604450707   1.15698043241e-07  
    1.83334868291   1.19579860045e-07  
     1.8406819916   1.25451508762e-07  
    1.84804480185   1.19577723946e-07  
    1.85543692875   1.27223458997e-07  
     1.8628585567   1.35538770108e-07  
    1.87031006382   1.15635967436e-07  
    1.87779126121   1.29263309234e-07  
    1.88530253195   1.25099903915e-07  
    1.89284368298   1.07639937715e-07  
    1.90041510239   1.15362365197e-07  
    1.90801679125   1.08072024837e-07  
    1.91564874769   1.02210761666e-07  
    1.92331136998   8.56641106915e-08  
    1.93100465998   1.07816711388e-07  
    1.93872861661   1.07974571093e-07  
    1.94648364868   1.11809842383e-07  
    1.95426955095   1.05303167529e-07  
    1.96208652804   1.14785630735e-07  
    1.96993499966   1.16702046663e-07  
    1.97781475664   1.05378186042e-07  
    1.98572600968   9.96584049503e-08  
    1.99366875669   8.46856153605e-08  
    2.00164342911   9.25332644564e-08  
    2.00965002913   1.18941773548e-07  
     2.0176887777    1.0775471096e-07  
    2.02575945264   9.97806563244e-08  
    2.03386249764   1.19078324903e-07  
    2.04199791323   1.11004202374e-07  
    2.05016592587   1.09717205384e-07  
    2.05836653531   1.27833931042e-07  
    2.06659997086   9.83826107261e-08  
    2.07486646606   1.09977245508e-07  
    2.08316602235   1.09399854642e-07  
    2.09149863802   1.28546978129e-07  
    2.09986454834   1.32764804838e-07  
    2.10826399303   1.22220147071e-07  
    2.11669697217   1.28070289617e-07  
    2.12516397475    1.5051667982e-07  
    2.13366451009   1.45264413079e-07  
    2.14219906852   1.56661206745e-07  
    2.15076790095   1.51123025713e-07  
    2.15937100899   1.78166322832e-07  
    2.16800864708   1.42200605595e-07  
    2.17668055826   1.64921833335e-07  
    2.18538725457   1.36974089524e-07  
    2.19412886786   1.51515717673e-07  
     2.2029053986   1.44150153439e-07  
    2.21171697719   1.48162060771e-07  
    2.22056386918   1.51102386729e-07  
    2.22944607449   1.73000168476e-07  
     2.2383638626   1.65310287341e-07  
    2.24731737067   1.56346565596e-07  
    2.25630659816   1.65947786578e-07  
    2.26533182065    1.8504154824e-07  
    2.27439317825   1.84220487524e-07  
    2.28349081208   2.11527336879e-07  
    2.29262472114    2.4514700902e-07  
    2.30179518955   1.97594052072e-07  
    2.31100236161   2.16162279635e-07  
    2.32024638274   2.02949681401e-07  
    2.32952739949   2.04354311567e-07  
    2.33884555955   2.42130698874e-07  
     2.3482008616    2.1553033214e-07  
    2.35759375493   2.27658266311e-07  
     2.3670240892   2.53919841835e-07  
    2.37649216717   2.16897280668e-07  
    2.38599814264   2.21862714389e-07  
    2.39554217071    2.0401917454e-07  
    2.40512425024   2.25775288047e-07  
    2.41474485293   2.30590500387e-07  
     2.4244038215   2.08120047335e-07  
    2.43410131268   2.37550689904e-07  
    2.44383780997   2.37111828088e-07  
    2.45361315272   2.47779827063e-07  
    2.46342750192   1.80607837238e-07  
    2.47328135334   2.50801471645e-07  
    2.48317437503   2.04966778978e-07  
    2.49310706713   1.94818717361e-07  
     2.5030796008    1.7911804797e-07  
    2.51309180473   2.13515405396e-07  
    2.52314419199   1.82680602967e-07  
    2.53323676388   2.14229423942e-07  
    2.54336969409   1.96592125665e-07  
      2.553543158   1.94580656381e-07  
    2.56375733277   2.27520633103e-07  
    2.57401239734   2.26327113933e-07  
    2.58430853246   2.22021518451e-07  
    2.59464573736   2.23847885022e-07  
    2.60502437702   2.21388534507e-07  
    2.61544445152   2.47816906684e-07  
    2.62590614476   2.23194620916e-07  
    2.63640983195   2.51324768817e-07  
    2.64695551462   2.55090113926e-07  
    2.65754319028   2.37514770717e-07  
    2.66817343412   2.72976033884e-07  
    2.67884605387   2.54860643725e-07  
    2.68956143808   2.75062208636e-07  
    2.70031978513    2.7649711445e-07  
    2.71112109538   3.06144412678e-07  
     2.7219655669   2.54300963365e-07  
    2.73285339999   2.83964785166e-07  
    2.74378479725   2.82535513587e-07  
    2.75475996361   2.73994818299e-07  
    2.76577889803   2.47556717997e-07  
     2.7768420153     2.406507303e-07  
    2.78794952761   2.45966539786e-07  
    2.79910122283   2.22687981376e-07  
    2.81029773829   2.28877393603e-07  
    2.82153886012    2.4661110537e-07  
    2.83282501905   2.52047339542e-07  
    2.84415621465   2.25651729486e-07  
    2.85553288641    2.3016000967e-07  
     2.8669550358   2.38477531955e-07  
    2.87842288562   2.11153330009e-07  
    2.88993666146   2.50775400077e-07  
    2.90149636242   2.34815687275e-07  
    2.91310221432   2.30544367433e-07  
    2.92475467888   2.19430957129e-07  
    2.93645375843   2.26963050467e-07  
    2.94819945083   2.01987364279e-07  
    2.95999246544   2.02208190169e-07  
    2.97183232698   2.03727254754e-07  
    2.98371975291   1.64590335645e-07  
    2.99565450142    1.8032134433e-07  
    3.00763705757   1.86866317885e-07  
    3.01966766914   1.71447125991e-07  
    3.03174633682   1.72679536255e-07  
     3.0438733091   1.48949475449e-07  
    3.05604883781   1.51184151672e-07  
    3.06827292179   1.36346871403e-07  
    3.08054607218   1.02294499518e-07  
    3.09286829073   1.21228075572e-07  
    3.10523983715   1.42758329852e-07  
       3.11766071   1.39294132645e-07  
    3.13013143684   1.40616203772e-07  
     3.1426520194   1.42007577436e-07  
     3.1552224546   1.58704574532e-07  
    3.16784328125   1.37455116606e-07  
    3.18051477514   1.69573795355e-07  
    3.19323693827   1.27332670937e-07  
    3.20600976777   1.48464995761e-07  
    3.21883382034   1.64273114833e-07  
    3.23170909668   1.37035082973e-07  
    3.24463587936   1.68691615219e-07  
    3.25761445513   1.43250718832e-07  
    3.27064511496   1.67183521341e-07  
    3.28372756669   1.59919202243e-07  
    3.29686239202   1.61230866737e-07  
    3.31004988796   1.56252851546e-07  
    3.32329005515   1.61574608733e-07  
    3.33658319242   1.72069691709e-07  
    3.34992960313   1.69496604708e-07  
    3.36332928717   1.57502580513e-07  
    3.37678254987   2.15649755471e-07  
    3.39028970127   1.59709168532e-07  
    3.40385105624   1.50236385216e-07  
    3.41746629822   2.12474220728e-07  
    3.43113637807   1.92159677702e-07  
    3.44486065569     1.534436726e-07  
    3.45864009442   1.77861567997e-07  
    3.47247469798   1.69924187313e-07  
    3.48636479597   1.72610572158e-07  
    3.50031005569   1.36466554589e-07  
    3.51431147419    1.4401411639e-07  
    3.52836871873   1.66463413758e-07  
    3.54248212415   1.44011836704e-07  
    3.55665203068   1.34146673771e-07  
    3.57087878411   1.36992842192e-07  
    3.58516203559   1.17742555496e-07  
    3.59950283138   1.30840967627e-07  
    3.61390082286    1.0730362493e-07  
    3.62835636186   1.08736853731e-07  
    3.64286980603   1.01734317125e-07  
    3.65744115459   9.21829931009e-08  
     3.6720711358   8.53438757231e-08  
    3.68675938494   9.20558060327e-08  
    3.70150626634   1.00845268253e-07  
    3.71631252674   7.38861613404e-08  
    3.73117779346   7.48061928133e-08  
    3.74610244067   1.07218077457e-07  
     3.7610868489   1.32863528321e-07  
    3.77613101678   1.05076520218e-07  
    3.79123572024   9.28199820815e-08  
    3.80640057035    9.6205331611e-08  
    3.82162635332   1.29801826551e-07  
     3.8369126718   1.02242195462e-07  
    3.85226032249   1.05314630019e-07  
    3.86766930695   1.20748640486e-07  
    3.88314003164   1.23177194213e-07  
    3.89867249609    1.5592062404e-07  
    3.91426752862   1.39886075271e-07  
    3.92992429535   1.19869785342e-07  
    3.94564404997   1.60239605464e-07  
    3.96142679819   1.35859712133e-07  
    3.97727253972   1.41671243278e-07  
    3.99318170256   1.25039558409e-07  
    4.00915428459    1.5378992059e-07  
    4.02519071885    1.6468595946e-07  
    4.04129144627   1.29763836908e-07  
     4.0574569158    1.1989005718e-07  
    4.07368668043   1.33604998515e-07  
    4.08998118387   1.23266550734e-07  
    4.10634133737    1.2810142624e-07  
    4.12276668611   1.64285268431e-07  
    4.13925768777   1.14367634117e-07  
     4.1558148085   1.20298496835e-07  
    4.17243804884   1.07153728042e-07  
    4.18912788102   1.05526731821e-07  
    4.20588430424    1.5401804987e-07  
    4.22270779694    1.0776088188e-07  
    4.23959884661   1.00288996923e-07  
    4.25655696277   1.20947947881e-07  
    4.27358312521   1.11842890377e-07  
    4.29067733583   1.06709967904e-07  
    4.30784009553   9.91665505854e-08  
    4.32507140516   8.34876867205e-08  
    4.34237177264   9.33019750507e-08  
    4.35974119784    9.7719744704e-08  
    4.37718045687   7.04929317901e-08  
    4.39468902883   8.28277958367e-08  
    4.41226796031   8.08594912822e-08  
    4.42991698849   8.26103630188e-08  
    4.44763664356   7.61778892945e-08  
    4.46542719446   7.74989437451e-08  
    4.48328891197   7.42098190807e-08  
    4.50122206872   9.73437369525e-08  
    4.51922693926   8.57060979613e-08  
    4.53730380009   7.71432673048e-08  
    4.55545292971   6.27637472481e-08  
    4.57367489354   4.59415712374e-08  
     4.5919694066   4.51042345476e-08  
    4.61033732575   5.52637732924e-08  
    4.62877865296   5.33504557951e-08  
     4.6472939715   4.69949142544e-08  
    4.66588298672   6.14112874661e-08  
    4.68454658297   5.90984806779e-08  
     4.7032847621   6.24005297819e-08  
     4.7220978225   4.30598964919e-08  
    4.74098637113   3.55486737246e-08  
    4.75995010145   3.54166712503e-08  
    4.77898993408   3.15361614125e-08  
    4.79810587133   5.03319164678e-08  
    4.81729854038   3.65753004411e-08  
    4.83656762537   3.10816297058e-08  
     4.8559137564   4.26692013121e-08  
    4.87533757653   4.55539485539e-08  
    4.89483876301   2.55429242935e-08  
    4.91441829106   2.54587529954e-08  
    4.93407583344   3.02140595656e-08  
     4.9538123818   2.41018264104e-08  
    4.97362760448   3.30373788211e-08  
    4.99352183074   3.67648915423e-08  
    5.01349607765   4.16634804174e-08  
    5.03355000696   1.69562245688e-08  
    5.05368430539   3.27221565757e-08  
    5.07389897276   5.49740451297e-08  
    5.09419470807   5.56606284174e-08  
    5.11457151245   4.43039172696e-08  
     5.1350297384   4.42355336664e-08  
    5.15556974197   2.98375016702e-08  
    5.17619188281   2.91312910561e-08  
    5.19689689217   4.17344220052e-08  
    5.21768440439   4.36142774895e-08  
    5.23855515541    4.1343131692e-08  
    5.25950952014   2.56727821118e-08  
    5.28054749769   1.59914420841e-08  
    5.30166946194   3.51489142635e-08  
    5.32287617669   4.55015334737e-08  
     5.3441676442   4.68033718316e-08  
    5.36554464285   2.44159816927e-08  
    5.38700678205   3.21586141495e-08  
    5.40855484569   4.33619801618e-08  
    5.43018883146   2.63892247148e-08  
     5.4519095384   5.57258568571e-08  
    5.47371737491   4.76331164775e-08  
    5.49561234274    3.5623723031e-08  
    5.51759443527   2.15134345084e-08  
    5.53966489128   2.82693915931e-08  
    5.56182371703   5.43590529779e-08  
    5.58407091037   3.76406094914e-08  
    5.60640731682   4.39246429506e-08  
    5.62883293749   4.58433840971e-08  
    5.65134819992   4.92191939317e-08  
    5.67395353681   4.04370787144e-08  
    5.69664938618   5.01782982422e-08  
    5.71943619141   5.89481819128e-08  
    5.74231350316   8.70119529635e-08  
     5.7652831125    8.7793507345e-08  
    5.78834412131   8.19968305763e-08  
    5.81149743365   2.32411188637e-08  
    5.83474351021   7.89628456996e-08  
    5.85808235018   5.64287924582e-08  
    5.88151488606   8.62403686401e-08  
    5.90504064664   5.92392035932e-08  
    5.92866105146   8.60073474351e-08  
    5.95237562645   6.46056965312e-08  
    5.97618533246    7.1826294267e-08  
    6.00008968111   8.34899704856e-08  
    6.02409013633     1.182075911e-07  
     6.0481867053   8.32380675116e-08  
    6.07237938609   6.63857315926e-08  
     6.0966686737   9.36524832655e-08  
    6.12105558018   1.11891582727e-07  
    6.14553959755   6.99187887252e-08  
    6.17012174768   1.15532540626e-07  
    6.19480255328   6.44956126856e-08  
    6.21958149061   9.92766363047e-08  
    6.24446013397    1.0343023834e-07  
    6.26943795744   9.32574519995e-08  
    6.29451548781   9.00290043345e-08  
    6.31969380334   9.76765303113e-08  
    6.34497236227   1.04535523256e-07  
    6.37035225392   1.02559461506e-07  
    6.39583347869   1.01975488853e-07  
    6.42141715049   1.04747434053e-07  
    6.44710271082   7.47908673789e-08  
    6.47289128537    1.0266837655e-07  
    6.49878287572   8.87480744991e-08  
    6.52477805342   1.06432003954e-07  
      6.550876814   9.65381638218e-08  
    6.57708032125   1.16458945644e-07  
    6.60338857865   1.26929347628e-07  
    6.62980217829    9.7983063321e-08  
     6.6563217212   8.61350975823e-08  
    6.68294660092   9.84499797602e-08  
    6.70967863407   8.89378719045e-08  
    6.73651721316    7.7513746849e-08  
    6.76346356996    1.0595294099e-07  
    6.79051708144   8.18805700691e-08  
    6.81767899338   8.29680780317e-08  
    6.84494994327   1.02126874647e-07  
    6.87232993526   7.31236117026e-08  
    6.89981896307   8.27918234162e-08  
    6.92741831705   4.12738265682e-08  
    6.95512800081   4.26161406823e-08  
    6.98294867158   5.44059854681e-08  
    7.01088032757   7.53676995307e-08  
     7.0389236311   7.63458023208e-08  
    7.06707925516   6.63364005697e-08  
    7.09534788362   6.58892826273e-08  
    7.12372952024   3.02673936877e-08  
    7.15222415796    3.8071300727e-08  
    7.18083318331   5.68662306919e-08  
    7.20955660066   4.27042220772e-08  
    7.23839440342   3.11030407355e-08  
    7.26734801256   4.20394390547e-08  
     7.2964174335    4.3471758867e-08  
    7.32560339154   5.71962462585e-08  
     7.3549058873   5.40800751768e-08  
    7.38432565288    4.3630626806e-08  
    7.41386268406    4.7047328037e-08  
    7.44351771988   3.18657543111e-08  
    7.47329227265   9.03689382084e-09  
    7.50318559143   5.91198284534e-08  
    7.53319843542   3.76935346121e-08  
    7.56333079768   4.50557385019e-08  
    7.59358423039   6.63047561827e-08  
    7.62395874079   5.43285629047e-08  
    7.65445432458    4.9455744437e-08  
    7.68507177011   4.97936703933e-08  
    7.71581269039   4.28594291942e-08  
    7.74667546895   3.46664183893e-08  
    7.77766254505   5.04485027819e-08  
    7.80877310258    3.6979681281e-08  
    7.84000796151   4.10707655715e-08  
    7.87136795637   4.11607024016e-08  
    7.90285393657   4.51710963867e-08  
    7.93446505168   4.87542797521e-08  
    7.96620300486   3.09531328468e-08  
    7.99806779953   2.90315400177e-08  
    8.03006030517   3.01372369464e-08  
     8.0621805217   3.18053313483e-08  
    8.09442932911   3.47097804193e-08  
    8.12680672387   2.39864218955e-08  
    8.15931359673   5.28563240735e-08  
    8.19195085476   1.21246917234e-08  
    8.22471942171   1.47166057881e-08  
    8.25761745204   2.54314550863e-08  
    8.29064864545   1.76199479762e-08  
    8.32381114603   3.23373573372e-08  
    8.35710587897   3.45061868034e-08  
    8.39053474565   2.14886921835e-08  
    8.42409679606   2.92434281857e-08  
    8.45779298527   7.00658884687e-09  
    8.49162428634   1.26417153809e-08  
    8.52559070065      8.77361586e-09  
    8.55969321454   1.72045881778e-08  
    8.59393182709   2.45537231185e-08  
    8.62830753824   3.38074633585e-09  
    8.66282136702    1.7660620189e-08  
    8.69747229125   1.12307500125e-08  
    8.73226235834   2.57098581636e-08  
    8.76719105115   1.53298333241e-08  
    8.80225993308   1.53779148816e-08  
    8.83746900884   3.34975102762e-08  
    8.87281880584   1.37352208784e-08  
    8.90830985498   3.69092295098e-08  
    8.94394323548   2.37551018476e-08  
    8.97971894935   1.36980930991e-08  
      9.015638092    2.3300230228e-08  
    9.05170066437   3.03197861622e-08  
    9.08790721605   1.22582685795e-08  
    9.12425886751   4.58891881407e-08  
    9.16075618987    3.9776662021e-08  
     9.1973991825    2.7054996273e-08  
    9.23418841136   2.73459243349e-08  
    9.27112561745   1.82195206654e-08  
    9.30820963329    2.8897138139e-08  
    9.34544280832   2.90992795864e-08  
    9.38282455567   3.12391676418e-08  
    9.42035546382    2.1785793954e-08  
    9.45803734441   1.39379794954e-08  
    9.49586959654   3.07905594771e-08  
    9.53385282337   1.15745660549e-08  
    9.57198825704   1.07479752427e-08  
    9.61027589683   6.34092512399e-09  
    9.64871699537   1.38786953347e-08  
    9.68731219181   8.95153765417e-09  
    9.72606148678   9.45597838986e-09  
     9.7649655154   1.99403564042e-08  
    9.80402557306   3.03148200502e-08  
    9.84324166221                 0.0  
    9.88261443541   9.37957185038e-09  
    9.92214522171   1.48409170557e-08  
    9.96183335024    1.6078979161e-08  
    10.0016808383   1.15498138952e-08  
     10.041687693   1.10785705168e-08  
    10.0818545982                 0.0  
    10.1221815468   1.57173244848e-08  
    10.1626706261   5.55211633566e-09  
    10.2033211391    1.0873367688e-08  
    10.2441344948    8.0614651782e-08  
