      wave_micron            flux_mjy  
  0.0154221819325                 0.0  
  0.0154783455809                 0.0  
   0.015540258413                 0.0  
  0.0156024189732                 0.0  
  0.0156648289627                 0.0  
  0.0157274883885                 0.0  
  0.0157903989725                 0.0  
   0.015853560715                 0.0  
  0.0159169753591                 0.0  
  0.0159806428986                 0.0  
  0.0160445650983                 0.0  
  0.0161087437552                 0.0  
  0.0161731788756                 0.0  
   0.016237870441                 0.0  
  0.0163028221147                 0.0  
  0.0163680339168                 0.0  
  0.0164335058424                 0.0  
  0.0164992397599                 0.0  
  0.0165652375728                 0.0  
  0.0166314973626                 0.0  
   0.016698022957                 0.0  
  0.0167648163217                 0.0  
  0.0168318755082                 0.0  
  0.0168992024628                 0.0  
  0.0169667991687                 0.0  
  0.0170346676472                 0.0  
  0.0171028048591                 0.0  
  0.0171712168936                 0.0  
  0.0172399017199                 0.0  
  0.0173088613934                 0.0  
  0.0173780969564                 0.0  
  0.0174476083969                 0.0  
  0.0175173988859                 0.0  
  0.0175874684342                 0.0  
  0.0176578192002                 0.0  
  0.0177284500972                 0.0  
  0.0177993632902                 0.0  
  0.0178705609874                 0.0  
  0.0179420431955                 0.0  
  0.0180138121572                 0.0  
  0.0180858667379                 0.0  
  0.0181582103376                 0.0  
   0.018230842962                 0.0  
  0.0183037669249                 0.0  
  0.0183769822319                 0.0  
  0.0184504900473                 0.0  
  0.0185242915451                 0.0  
  0.0185983891149                 0.0  
  0.0186727827634                 0.0  
  0.0187474736943                 0.0  
  0.0188224631215                 0.0  
  0.0188977535148                 0.0  
  0.0189733436286                 0.0  
  0.0190492372098                 0.0  
  0.0191254342705                 0.0  
  0.0192019360793                 0.0  
  0.0192787439165                 0.0  
  0.0193558590743                 0.0  
  0.0194332828569                 0.0  
  0.0195110152532                 0.0  
  0.0195890602365                 0.0  
  0.0196674164828                 0.0  
  0.0197460853146                 0.0  
  0.0198250694374                 0.0  
  0.0199043702325                 0.0  
  0.0199839877024                 0.0  
  0.0200639232226                 0.0  
  0.0201441795976                 0.0  
  0.0202247554125                 0.0  
  0.0203056549267                 0.0  
  0.0203868781584                 0.0  
  0.0204684250949                 0.0  
  0.0205502986369                 0.0  
  0.0206325002631                 0.0  
  0.0207150299721                 0.0  
  0.0207978907469                 0.0  
  0.0208810810743                 0.0  
  0.0209646054901                 0.0  
  0.0210484640106                 0.0  
  0.0211326581768                 0.0  
  0.0212171895475                 0.0  
  0.0213020581165                 0.0  
  0.0213872654403                 0.0  
  0.0214728147007                 0.0  
  0.0215587059078                 0.0  
  0.0216449406729                 0.0  
  0.0217315206258                 0.0  
  0.0218184474159                 0.0  
  0.0219057210389                 0.0  
  0.0219933431436                 0.0  
  0.0220813170987                 0.0  
  0.0221696429202                 0.0  
  0.0222583205902                 0.0  
  0.0223473535396                 0.0  
  0.0224367435202                 0.0  
  0.0225264905366                 0.0  
  0.0226165963424                 0.0  
  0.0227070627134                 0.0  
   0.022797891448                 0.0  
  0.0228890825408                 0.0  
  0.0229806396339                 0.0  
  0.0230725608835                 0.0  
  0.0231648518352                 0.0  
  0.0232575106339                 0.0  
  0.0233505410324                 0.0  
  0.0234439430362                 0.0  
  0.0235377185467                 0.0  
  0.0236318694907                 0.0  
  0.0237263978211                 0.0  
  0.0238213035385                 0.0  
  0.0239165886016                 0.0  
  0.0240122549961                 0.0  
  0.0241083027081                 0.0  
  0.0242047378153                 0.0  
  0.0243015562579                 0.0  
  0.0243987621108                 0.0  
   0.024496357451                 0.0  
  0.0245943422758                 0.0  
  0.0246927207968                 0.0  
  0.0247914908945                 0.0  
  0.0248906568236                 0.0  
  0.0249902185834                 0.0  
  0.0250901805246                 0.0  
  0.0251905404622                 0.0  
  0.0252913027928                 0.0  
  0.0253924675203                 0.0  
   0.025494039142                 0.0  
  0.0255960154078                 0.0  
  0.0256983985612                 0.0  
  0.0258011932004                 0.0  
  0.0259043970131                 0.0  
  0.0260080146481                 0.0  
    0.02611204611                 0.0  
  0.0262164937597                 0.0  
  0.0263213599946                 0.0  
  0.0264266472488                 0.0  
  0.0265323530848                 0.0  
   0.026638482369                 0.0  
  0.0267450350961                 0.0  
  0.0268520162481                 0.0  
  0.0269594233237                 0.0  
   0.027067261363                 0.0  
  0.0271755303777                 0.0  
  0.0272842329335                 0.0  
  0.0273933690209                 0.0  
   0.027502943863                 0.0  
  0.0276129548334                 0.0  
  0.0277234072187                 0.0  
  0.0278343010305                 0.0  
  0.0279456389615                 0.0  
  0.0280574210034                 0.0  
  0.0281696498716                 0.0  
  0.0282823283267                 0.0  
  0.0283954591745                 0.0  
  0.0285090395999                 0.0  
  0.0286230752233                 0.0  
  0.0287375689239                 0.0  
  0.0288525178234                 0.0  
  0.0289679276849                 0.0  
  0.0290838014637                 0.0  
  0.0292001362195                 0.0  
  0.0293169348659                 0.0  
  0.0294342033877                 0.0  
  0.0295519418269                 0.0  
  0.0296701471117                 0.0  
  0.0297888284028                 0.0  
  0.0299079857543                 0.0  
  0.0300276160314                 0.0  
  0.0301477254602                 0.0  
  0.0302683172275                 0.0  
  0.0303893913559                 0.0  
  0.0305109478221                 0.0  
  0.0306329930995                 0.0  
  0.0307555239287                 0.0  
  0.0308785468721                 0.0  
  0.0310020619542                 0.0  
  0.0311260691522                 0.0  
  0.0312505718008                 0.0  
  0.0313755767274                 0.0  
  0.0315010770906                 0.0  
  0.0316270832193                 0.0  
  0.0317535916642                 0.0  
  0.0318806059038                 0.0  
  0.0320081259079                 0.0  
  0.0321361587989                 0.0  
  0.0322647046199                 0.0  
  0.0323937633655                 0.0  
  0.0325233386688                 0.0  
  0.0326534305126                 0.0  
   0.032784046325                 0.0  
  0.0329151823899                 0.0  
  0.0330468424368                 0.0  
  0.0331790302653                 0.0  
  0.0333117458776                 0.0  
  0.0334449931253                 0.0  
  0.0335787720014                 0.0  
  0.0337130864104                 0.0  
  0.0338479403317                 0.0  
  0.0339833297668                 0.0  
   0.034119266773                 0.0  
    0.03425574124                 0.0  
  0.0343927653635                 0.0  
  0.0345303371289                 0.0  
  0.0346684564989                 0.0  
  0.0348071318312                 0.0  
  0.0349463589249                 0.0  
  0.0350861462674                 0.0  
  0.0352264895855                 0.0  
  0.0353673953179                 0.0  
  0.0355088656611                 0.0  
  0.0356509006117                 0.0  
   0.035793504579                 0.0  
  0.0359366775568                 0.0  
  0.0360804262925                 0.0  
  0.0362247462568                 0.0  
  0.0363696465556                 0.0  
  0.0365151249103                 0.0  
  0.0366611859421                 0.0  
  0.0368078296413                 0.0  
  0.0369550607037                 0.0  
  0.0371028815203                 0.0  
  0.0372512920825                 0.0  
  0.0374002972022                 0.0  
  0.0375498993313                 0.0  
  0.0377000984646                 0.0  
  0.0378508995351                 0.0  
  0.0380023025414                 0.0  
  0.0381543124999                 0.0  
  0.0383069294135                 0.0  
  0.0384601558058                 0.0  
  0.0386139968225                 0.0  
  0.0387684524758                 0.0  
   0.038923528001                 0.0  
  0.0390792207552                 0.0  
  0.0392355386861                 0.0  
  0.0393924818217                 0.0  
  0.0395500501301                 0.0  
  0.0397082517653                 0.0  
  0.0398670839996                 0.0  
  0.0400265523356                 0.0  
   0.040186659577                 0.0  
  0.0403474057178                 0.0  
  0.0405087935511                 0.0  
  0.0406708287828                 0.0  
  0.0408335143331                 0.0  
  0.0409968472931                 0.0  
  0.0411608334584                 0.0  
  0.0413254787495                 0.0  
  0.0414907802101                 0.0  
   0.041656743801                 0.0  
  0.0418233695127                 0.0  
  0.0419906634194                 0.0  
  0.0421586255298                 0.0  
   0.042327258912                 0.0  
  0.0424965698167                 0.0  
  0.0426665551097                 0.0  
  0.0428372210879                 0.0  
  0.0430085709616                 0.0  
  0.0431806047274                 0.0  
  0.0433533288696                 0.0  
  0.0435267401058                 0.0  
  0.0437008482999                 0.0  
   0.043875650142                 0.0  
  0.0440511522978                 0.0  
  0.0442273581705                 0.0  
  0.0444042677676                 0.0  
  0.0445818844935                 0.0  
  0.0447602117949                 0.0  
  0.0449392531611                 0.0  
  0.0451190085759                 0.0  
  0.0452994851091                 0.0  
  0.0454806827765                 0.0  
  0.0456626087953                 0.0  
  0.0458452558873                 0.0  
  0.0460286386326                 0.0  
  0.0462127533948                 0.0  
  0.0463976038551                 0.0  
   0.046583193743                 0.0  
   0.046769526837                 0.0  
   0.046956606966                 0.0  
  0.0471444302599                 0.0  
  0.0473330082767                 0.0  
  0.0475223410627                 0.0  
  0.0477124325616                 0.0  
  0.0479032787694                 0.0  
  0.0480948956441                 0.0  
  0.0482872751942                 0.0  
  0.0484804213891                 0.0  
  0.0486743423835                 0.0  
  0.0488690423574                 0.0  
  0.0490645171557                 0.0  
  0.0492607751063                 0.0  
  0.0494578204664                 0.0  
  0.0496556489567                 0.0  
   0.049854273417                 0.0  
  0.0500536895535                 0.0  
  0.0502539060659                 0.0  
  0.0504549185427                 0.0  
  0.0506567402489                 0.0  
  0.0508593667607                 0.0  
  0.0510628025253                 0.0  
  0.0512670566381                 0.0  
  0.0514721245518                 0.0  
  0.0516780108055                 0.0  
  0.0518847246999                 0.0  
   0.052092261563                 0.0  
  0.0523006307993                 0.0  
  0.0525098324223                 0.0  
  0.0527198760571                 0.0  
  0.0529307520196                 0.0  
  0.0531424748511                 0.0  
  0.0533550445924                 0.0  
  0.0535684662058                 0.0  
  0.0537827396889                 0.0  
  0.0539978700401                 0.0  
  0.0542138623369                 0.0  
  0.0544307165721                 0.0  
  0.0546484430685                 0.0  
  0.0548670366526                 0.0  
  0.0550865024807                 0.0  
  0.0553068511252                 0.0  
  0.0555280772875                 0.0  
  0.0557501916691                 0.0  
  0.0559731888451                 0.0  
  0.0561970851542                 0.0  
  0.0564218696252                 0.0  
    0.05664755882                 0.0  
  0.0568741471904                 0.0  
   0.057101645976                 0.0  
  0.0573300495008                 0.0  
  0.0575593691465                 0.0  
  0.0577896107521                 0.0  
   0.058020768517                 0.0  
   0.058252848197                 0.0  
  0.0584858616093                 0.0  
  0.0587198028284                 0.0  
  0.0589546838262                 0.0  
  0.0591905046543                 0.0  
  0.0594272652747                 0.0  
  0.0596649717642                 0.0  
  0.0599036365615                 0.0  
  0.0601432471883                 0.0  
  0.0603838224564                 0.0  
  0.0606253560613                 0.0  
  0.0608678607795                 0.0  
  0.0611113301733                 0.0  
  0.0613557771937                 0.0  
  0.0616012018839                 0.0  
  0.0618476041939                 0.0  
  0.0620949907005                 0.0  
  0.0623433748748                 0.0  
  0.0625927500343                 0.0  
  0.0628431160694                 0.0  
  0.0630944935939                 0.0  
  0.0633468688088                 0.0  
  0.0636002555816                 0.0  
  0.0638546539134                 0.0  
   0.064110078039                 0.0  
  0.0643665136604                 0.0  
  0.0646239823258                 0.0  
  0.0648824768223                 0.0  
  0.0651420117993                 0.0  
  0.0654025799059                 0.0  
  0.0656641884884                 0.0  
  0.0659268450311                 0.0  
  0.0661905495202                 0.0  
  0.0664553095403                 0.0  
  0.0667211328193                 0.0  
  0.0669880194077                 0.0  
  0.0672559692546                 0.0  
   0.067524998104                 0.0  
  0.0677950980645                 0.0  
  0.0680662770408                 0.0  
  0.0683385430896                 0.0  
  0.0686118962156                 0.0  
   0.068886340455                 0.0  
   0.069161888209                 0.0  
  0.0694385353599                 0.0  
   0.069716290261                 0.0  
  0.0699951528868                 0.0  
  0.0702751360196                 0.0  
   0.070556235388                 0.0  
  0.0708384595976                 0.0  
  0.0711218130144                 0.0  
  0.0714063000362                 0.0  
  0.0716919250936                 0.0  
    0.07197869265                 0.0  
  0.0722666072029                 0.0  
  0.0725556732844                 0.0  
  0.0728459000873                 0.0  
  0.0731372830003                 0.0  
  0.0734298312522                 0.0  
  0.0737235495201                 0.0  
  0.0740184425194                 0.0  
  0.0743145198186                 0.0  
  0.0746117766219                 0.0  
  0.0749102225396                 0.0  
  0.0752098624475                 0.0  
  0.0755107012636                 0.0  
  0.0758127489591                 0.0  
  0.0761159955082                 0.0  
  0.0764204609911                 0.0  
  0.0767261454929                 0.0  
  0.0770330489826                 0.0  
  0.0773411817395                 0.0  
  0.0776505437441                 0.0  
  0.0779611454547                 0.0  
  0.0782729922069                 0.0  
  0.0785860840041                 0.0  
  0.0789004261565                 0.0  
  0.0792160294956                 0.0  
   0.079532894053                 0.0  
   0.079851025297                 0.0  
  0.0801704287509                 0.0  
  0.0804911099934                 0.0  
  0.0808130746602                 0.0  
  0.0811363284449                 0.0  
  0.0814608713158                 0.0  
  0.0817867147778                 0.0  
  0.0821138647046                 0.0  
  0.0824423211076                 0.0  
  0.0827720898447                 0.0  
   0.083103176837                 0.0  
  0.0834355880695                 0.0  
  0.0837693295932                 0.0  
  0.0841044075257                 0.0  
  0.0844408280531                 0.0  
  0.0847785911656                 0.0  
  0.0851177030393                 0.0  
  0.0854581762863                 0.0  
  0.0858000109601                 0.0  
  0.0861432069836                 0.0  
  0.0864877837083                 0.0  
   0.086833734686                 0.0  
   0.087181066378                 0.0  
  0.0875297920005                 0.0  
  0.0878799115976                 0.0  
  0.0882314318658                 0.0  
  0.0885843527423                 0.0  
  0.0889386947135                 0.0  
  0.0892944509877                 0.0  
  0.0896516284288                 0.0  
  0.0900102339858                 0.0  
  0.0903702746949                 0.0  
  0.0907317505044                 0.0  
  0.0910946829245                 0.0  
  0.0914590575601                 0.0  
  0.0918248961623                 0.0  
  0.0921921988168                 0.0  
  0.0925609654697                 0.0  
  0.0929312109813                 0.0  
  0.0933029353717                 0.0  
  0.0936761461684                 0.0  
  0.0940508509988                 0.0  
  0.0944270498198                 0.0  
  0.0948047581127                 0.0  
  0.0951839838158                 0.0  
  0.0955647190532                 0.0  
  0.0959469715991                 0.0  
  0.0963307655121                 0.0  
  0.0967160847083                 0.0  
  0.0971029535334                 0.0  
  0.0974913638291                 0.0  
  0.0978813237277                 0.0  
  0.0982728498947                 0.0  
    0.09866594241                 0.0  
   0.099060609758                 0.0  
  0.0994568519222                 0.0  
  0.0998546774253                 0.0  
   0.100254094913                 0.0  
   0.100655113158                 0.0  
   0.101057732156                 0.0  
   0.101461960725                 0.0  
   0.101867807811                 0.0  
   0.102275282494                 0.0  
   0.102684384796                 0.0  
   0.103095123848                 0.0  
   0.103507499581                 0.0  
   0.103921530592                 0.0  
   0.104337216941                 0.0  
   0.104754568095                 0.0  
   0.105173584024                 0.0  
   0.105594283976                 0.0  
   0.106016658262                 0.0  
   0.106440726351                 0.0  
   0.106866488265                 0.0  
   0.107293953898                 0.0  
     0.1077231333                 0.0  
   0.108154016287                 0.0  
   0.108586633294                 0.0  
   0.109020984491                 0.0  
   0.109457069886                 0.0  
   0.109894899843                 0.0  
   0.110334474284                 0.0  
   0.110775814355                 0.0  
   0.111218920147                 0.0  
   0.111663791584                 0.0  
   0.112110450329                 0.0  
   0.112558885443                 0.0  
   0.113009129988                 0.0  
   0.113461161814                 0.0  
   0.113915003126                 0.0  
   0.114370665274                 0.0  
   0.114828148301                 0.0  
   0.115287463664                 0.0  
   0.115748611332                 0.0  
   0.116211602869                 0.0  
   0.116676450037                 0.0  
   0.117143152835                 0.0  
   0.117611735198                 0.0  
   0.118082173035                 0.0  
   0.118554502557                 0.0  
   0.119028723913                 0.0  
   0.119504837073                 0.0  
   0.119982854371                 0.0  
   0.120462788359                 0.0  
   0.120944639055                 0.0  
   0.121428419148                 0.0  
   0.121914128591                 0.0  
   0.122401793275                 0.0  
   0.122891400238                 0.0  
   0.123382962455                 0.0  
   0.123876493133                 0.0  
   0.124372005713                 0.0  
   0.124869486696                 0.0  
    0.12536896306                 0.0  
   0.125870448651                 0.0  
   0.126373929725                 0.0  
   0.126879419965                 0.0  
   0.127386933305                 0.0  
   0.127896483936                 0.0  
   0.128408071933                 0.0  
   0.128921697178                 0.0  
   0.129437388564                 0.0  
   0.129955146271                 0.0  
   0.130474955445                 0.0  
   0.130996860392                 0.0  
   0.131520846332                 0.0  
   0.132046928203                 0.0  
   0.132575121227                 0.0  
   0.133105425465                 0.0  
   0.133637840778                 0.0  
   0.134172398206                 0.0  
   0.134709082127                 0.0  
   0.135247924046                 0.0  
   0.135788908058                 0.0  
   0.136332066143                 0.0  
   0.136877390275                 0.0  
   0.137424904887                 0.0  
   0.137974601796                 0.0  
   0.138526497437                 0.0  
   0.139080608566                 0.0  
   0.139636926768                 0.0  
    0.14019547741                 0.0  
   0.140756260558                 0.0  
   0.141319284768                 0.0  
   0.141884558656                 0.0  
   0.142452099745                 0.0  
   0.143021908073                 0.0  
   0.143593992447                 0.0  
   0.144168370799                 0.0  
   0.144745043155                 0.0  
   0.145324027728                 0.0  
   0.145905324541                 0.0  
   0.146488942746                 0.0  
   0.147074900997                 0.0  
   0.147663199313                 0.0  
   0.148253847072                 0.0  
   0.148846863384                 0.0  
   0.149442258012                 0.0  
    0.15004002118                 0.0  
   0.150640182132                 0.0  
   0.151242740914                 0.0  
   0.151847717443                 0.0  
   0.152455101654                 0.0  
   0.153064923769                 0.0  
   0.153677183874                 0.0  
   0.154291892196                 0.0  
   0.154909059057                 0.0  
   0.155528694873                 0.0  
    0.15615081016                 0.0  
   0.156775415535                 0.0  
   0.157402521715                 0.0  
   0.158032128636                 0.0  
   0.158664257937                 0.0  
   0.159298909593                 0.0  
   0.159936105631                 0.0  
   0.160575857307                 0.0  
   0.161218153334                 0.0  
   0.161863027494                 0.0  
    0.16251047988                 0.0  
   0.163160521938                 0.0  
   0.163813165237                 0.0  
   0.164468421468                 0.0  
   0.165126290561                 0.0  
   0.165786796153                 0.0  
   0.166449938238                 0.0  
     0.1671157409                 0.0  
   0.167784204206                 0.0  
   0.168455340333                 0.0  
   0.169129161595                 0.0  
   0.169805680445                 0.0  
   0.170484909475                 0.0  
   0.171166848655                 0.0  
   0.171851510563                 0.0  
   0.172538920896                 0.0  
   0.173229066678                 0.0  
    0.17392198699                 0.0  
   0.174617682033                 0.0  
   0.175316151747                 0.0  
   0.176017409306                 0.0  
   0.176721481655                 0.0  
   0.177428368893                 0.0  
   0.178138084683                 0.0  
   0.178850628912                 0.0  
   0.179566043354                 0.0  
   0.180284300021                 0.0  
   0.181005441147                 0.0  
   0.181729466868                 0.0  
   0.182456377047                 0.0  
   0.183186200516                 0.0  
   0.183918952014                 0.0  
    0.18465461675                 0.0  
   0.185393239096                 0.0  
   0.186134819272                 0.0  
   0.186879357215                 0.0  
    0.18762686792                 0.0  
   0.188377382046                 0.0  
   0.189130884183                 0.0  
   0.189887405278                 0.0  
   0.190646961147                 0.0  
   0.191409551855                 0.0  
   0.192175193269                 0.0  
    0.19294388525                 0.0  
   0.193715660074                 0.0  
   0.194490534275                 0.0  
    0.19526849138                 0.0  
   0.196049564345                 0.0  
   0.196833753116                 0.0  
   0.197621091384                 0.0  
   0.198411579304                 0.0  
   0.199205234028                 0.0  
    0.20000205552                 0.0  
   0.200802061011                 0.0  
   0.201605267985                 0.0  
   0.202411694179                 0.0  
   0.203221339593                 0.0  
    0.20403422206                 0.0  
   0.204850359677                 0.0  
   0.205669752375                 0.0  
   0.206492436937                 0.0  
   0.207318413552                 0.0  
    0.20814768209                 0.0  
   0.208980261139                 0.0  
   0.209816188758                 0.0  
   0.210655445884                 0.0  
   0.211498071008                 0.0  
   0.212344064232                 0.0  
   0.213193445145                 0.0  
   0.214046213675                 0.0  
   0.214902409677                 0.0  
   0.215762013091                 0.0  
    0.21662506424                 0.0  
   0.217491563183                 0.0  
   0.218361530429                 0.0  
   0.219234965867                 0.0  
   0.220111911284                 0.0  
     0.2209923669                 0.0  
   0.221876332607                 0.0  
   0.222763829578                 0.0  
    0.22365490114                 0.0  
   0.224549503758                 0.0  
   0.225447702921                 0.0  
   0.226349498892                 0.0  
   0.227254891597                 0.0  
   0.228163925989                 0.0  
   0.229076579506                 0.0  
   0.229992874618                 0.0  
   0.230912857412                 0.0  
   0.231836504828                 0.0  
   0.232763839934                 0.0  
   0.233694909994                 0.0  
    0.23462969145                 0.0  
   0.235568207999                 0.0  
   0.236510483745                 0.0  
   0.237456518631                 0.0  
   0.238406337007                 0.0  
   0.239359963648                 0.0  
   0.240317398589                 0.0  
   0.241278666869                 0.0  
   0.242243793968                 0.0  
   0.243212780032                 0.0  
   0.244185624836                 0.0  
   0.245162353976                 0.0  
    0.24614301991                 0.0  
   0.247127569931                 0.0  
   0.248116083417                 0.0  
    0.24910856079                 0.0  
   0.250105002093                 0.0  
   0.251105406992                 0.0  
   0.252109830165                 0.0  
   0.253118271822                 0.0  
   0.254130759937                 0.0  
   0.255147266246                 0.0  
   0.256167846992                 0.0  
   0.257192531015                 0.0  
   0.258221289561                 0.0  
   0.259254180438                 0.0  
   0.260291203866                 0.0  
   0.261332359668                 0.0  
   0.262377707278                 0.0  
   0.263427216902                 0.0  
    0.26448091836                 0.0  
   0.265538842033                 0.0  
   0.266600987898                 0.0  
   0.267667386749                 0.0  
   0.268738069965                 0.0  
   0.269813006064                 0.0  
   0.270892258088                 0.0  
   0.271975826221                 0.0  
   0.273063742733                 0.0  
   0.274156007754                 0.0  
   0.275252620997                 0.0  
    0.27635363168                 0.0  
   0.277459056633                 0.0  
    0.27856887898                 0.0  
    0.27968316611                 0.0  
   0.280801901239                 0.0  
   0.281925101253                 0.0  
   0.283052800615                 0.0  
   0.284185016866                 0.0  
   0.285321749936                 0.0  
   0.286463035083                 0.0  
    0.28760889024                 0.0  
   0.288759333475                 0.0  
   0.289914364678                 0.0  
   0.291074020225                 0.0  
   0.292238318604                 0.0  
   0.293407278456                 0.0  
   0.294580899659                 0.0  
   0.295759219764                 0.0  
   0.296942257868                 0.0  
   0.298130033227                 0.0  
   0.299322545737                 0.0  
   0.300519834195                 0.0  
   0.301721918353                 0.0  
   0.302928798139                 0.0  
   0.304140513331                 0.0  
   0.305357084209                 0.0  
    0.30657851075                 0.0  
    0.30780483376                 0.0  
   0.309036053261                 0.0  
   0.310272189784                 0.0  
   0.311513285199                 0.0  
   0.312759339614                 0.0  
   0.314010374147                 0.0  
   0.315266410121                 0.0  
   0.316527469063                 0.0  
   0.317793594723                 0.0  
   0.319064765213                 0.0  
   0.320341024541                 0.0  
   0.321622395105                 0.0  
    0.32290887681                 0.0  
   0.324200514872                 0.0  
   0.325497309296                 0.0  
   0.326799306137                 0.0  
   0.328106505512                 0.0  
   0.329418930686                 0.0  
   0.330736605174                 0.0  
   0.332059552743                 0.0  
   0.333387773198                 0.0  
   0.334721339076                 0.0  
   0.336060226296                 0.0  
   0.337404459096                 0.0  
   0.338754086995                 0.0  
   0.340109084964                 0.0  
   0.341469528289                 0.0  
   0.342835417322                 0.0  
   0.344206751893                 0.0  
    0.34558358336                 0.0  
   0.346965911735                 0.0  
   0.348353789395                 0.0  
   0.349747189896                 0.0  
   0.351146192895                 0.0  
   0.352550771731                 0.0  
   0.353960980257                 0.0  
   0.355376818476                 0.0  
   0.356798313591                 0.0  
   0.358225521107                 0.0  
   0.359658413196                 0.0  
    0.36109704583                 0.0  
   0.362541447593                 0.0  
   0.363991589687                 0.0  
   0.365447558249                 0.0  
   0.366909353625                 0.0  
   0.368377005178                 0.0  
   0.369850512842                 0.0  
   0.371329906034                 0.0  
   0.372815214556                 0.0  
   0.374306499135                 0.0  
   0.375803698768                 0.0  
   0.377306936059                 0.0  
    0.37881614935                 0.0  
   0.380331432033                 0.0  
   0.381852752824                 0.0  
   0.383380142906                 0.0  
    0.38491366618                 0.0  
   0.386453322919                 0.0  
   0.387999145622                 0.0  
   0.389551134167                 0.0  
   0.391109354508                 0.0  
   0.392673773317                 0.0  
   0.394244491082                 0.0  
   0.395821440208                 0.0  
   0.397404756821                 0.0  
   0.398994372669                 0.0  
   0.400590356569                 0.0  
   0.402192708445                 0.0  
    0.40380146314                 0.0  
   0.405416691825                 0.0  
   0.407038359024                 0.0  
    0.40866650028                 0.0  
   0.410301151665                 0.0  
   0.411942349788                 0.0  
   0.413590131812                 0.0  
   0.415244497878                 0.0  
   0.416905485377                 0.0  
   0.418573094084                 0.0  
   0.420247400108                 0.0  
   0.421928364977                 0.0  
   0.423616104768                 0.0  
   0.425310541546                 0.0  
   0.427011792894                 0.0  
   0.428719859375                 0.0  
   0.430434740904                 0.0  
   0.432156477435                 0.0  
   0.433885109556                 0.0  
   0.435620637143                 0.0  
    0.43736310109                 0.0  
   0.439112584969                 0.0  
   0.440869004932                 0.0  
   0.442632487246                 0.0  
   0.444403032456                 0.0  
   0.446180640438                 0.0  
   0.447965354113                 0.0  
   0.449757217111                 0.0  
   0.451556229337                 0.0  
   0.453362479596                 0.0  
   0.455175923398                 0.0  
   0.456996605151                 0.0  
   0.458824615881                 0.0  
   0.460659910107                 0.0  
   0.462502533404                 0.0  
   0.464352579108                 0.0  
    0.46620995338                 0.0  
   0.468074797379                 0.0  
   0.469947111716                 0.0  
   0.471826896298                 0.0  
   0.473714199207                 0.0  
   0.475609069359                 0.0  
   0.477511506824                 0.0  
   0.479421561033                 0.0  
   0.481339231788                 0.0  
   0.483264569046                 0.0  
   0.485197623643                 0.0  
    0.48713844731                 0.0  
    0.48908698843                 0.0  
    0.49104335062                 0.0  
   0.493007534152                 0.0  
   0.494979538549                 0.0  
   0.496959470212                 0.0  
   0.498947275454                 0.0  
    0.50094306216                 0.0  
   0.502946885801                 0.0  
   0.504958636151                 0.0  
   0.506978478729                 0.0  
    0.50900641424                 0.0  
   0.511042442618                 0.0  
   0.513086620388                 0.0  
   0.515138947285                 0.0  
   0.517199480546                 0.0  
   0.519268278468                 0.0  
   0.521345341199                 0.0  
   0.523430727797                 0.0  
   0.525524498426                 0.0  
   0.527626593036                 0.0  
   0.529737071145                 0.0  
   0.531855993396                 0.0  
   0.533983421578                 0.0  
   0.536119356013                 0.0  
   0.538263859347                 0.0  
   0.540416931774                 0.0  
   0.542578572662                 0.0  
   0.544748909884                 0.0  
   0.546927879032                 0.0  
   0.549115609922                 0.0  
   0.551312070118                 0.0  
   0.553517325448                 0.0  
   0.555731375711                 0.0  
   0.557954321622                 0.0  
   0.560186129508                 0.0  
    0.56242686716                 0.0  
   0.564676568953                 0.0  
   0.566935269508                 0.0  
   0.569203038998                 0.0  
   0.571479842222                 0.0  
   0.573765749586                 0.0  
   0.576060832897                 0.0  
   0.578365056043                 0.0  
   0.580678527832                 0.0  
   0.583001248583                 0.0  
   0.585333255065                 0.0  
   0.587674584337                 0.0  
   0.590025273757                 0.0  
   0.592385360989                 0.0  
    0.59475492255                 0.0  
    0.59713391995                 0.0  
   0.599522469205                 0.0  
   0.601920570721                 0.0  
   0.604328223989                 0.0  
   0.606745547913                 0.0  
   0.609172542992                 0.0  
   0.611609208806                 0.0  
   0.614055667248                 0.0  
   0.616511877542                 0.0  
   0.618977921892                 0.0  
    0.62145384213                 0.0  
   0.623939680483                 0.0  
    0.62643543682                 0.0  
   0.628941153152                 0.0  
   0.631456915341                 0.0  
   0.633982767257                 0.0  
   0.636518664907                 0.0  
   0.639064739921                 0.0  
   0.641621037484                 0.0  
   0.644187512807                 0.0  
   0.646764255413                 0.0  
   0.649351310787                 0.0  
   0.651948724887                 0.0  
   0.654556497467                 0.0  
   0.657174721394                 0.0  
   0.659803444093                 0.0  
    0.66244266568                 0.0  
   0.665092433462                 0.0  
   0.667752795259                 0.0  
   0.670423799416                 0.0  
    0.67310549481                 0.0  
   0.675797930866                 0.0  
   0.678501107401                 0.0  
   0.681215124321                 0.0  
   0.683939981772                 0.0  
   0.686675730236                 0.0  
   0.689422420776                 0.0  
   0.692180105052                 0.0  
   0.694948835326                 0.0  
   0.697728664482                 0.0  
   0.700519539089                 0.0  
   0.703321618534                 0.0  
   0.706134903276                 0.0  
   0.708959447472                 0.0  
   0.711795305937                 0.0  
   0.714642478514                 0.0  
   0.717501076141                 0.0  
   0.720371042598                 0.0  
   0.723252546752                 0.0  
   0.726145531988                 0.0  
   0.729050112501                 0.0  
   0.731966346677                 0.0  
   0.734894175957                 0.0  
   0.737833776058                 0.0  
   0.740785088054                 0.0  
   0.743748230808                 0.0  
   0.746723265124                 0.0  
   0.749710130124                 0.0  
   0.752708947032                 0.0  
   0.755719839845                 0.0  
   0.758742684465                 0.0  
   0.761777667799                 0.0  
   0.764824790406                 0.0  
   0.767884051683                 0.0  
   0.770955579374                 0.0  
   0.774039438886                 0.0  
   0.777135564917                 0.0  
    0.78024415422                 0.0  
   0.783365074359                 0.0  
   0.786498591855                 0.0  
   0.789644572959                 0.0  
   0.792803152342                 0.0  
   0.795974329745                 0.0  
   0.799158242868                 0.0  
   0.802354892328                 0.0  
   0.805564277528                 0.0  
   0.808786539182                 0.0  
    0.81202167761                 0.0  
    0.81526976432                 0.0  
   0.818530871882                 0.0  
   0.821805000353                 0.0  
   0.825092222719                 0.0  
   0.828392613059                 0.0  
   0.831706171199                 0.0  
   0.835032971668                 0.0  
   0.838373090129                 0.0  
   0.841726603405                 0.0  
   0.845093511678                 0.0  
   0.848473892288                 0.0  
   0.851867744698                 0.0  
   0.855275226474                 0.0  
   0.858696338263                 0.0  
     0.8621311604                 0.0  
   0.865579692848                 0.0  
   0.869042016538                 0.0  
   0.872518130734                 0.0  
   0.876008200591                 0.0  
   0.879512226677                 0.0  
   0.883030293186                 0.0  
   0.886562400028                 0.0  
   0.890108632087                 0.0  
   0.893669075629                 0.0  
   0.897243818335                 0.0  
   0.900832772471                 0.0  
   0.904436113504                 0.0  
   0.908053841492                 0.0  
   0.911686045672                 0.0  
    0.91533281677                 0.0  
   0.918994155003                 0.0  
   0.922670059186                 0.0  
   0.926360807225                 0.0  
   0.930066213277                 0.0  
   0.933786464124                 0.0  
   0.937521655387                 0.0  
   0.941271691238                 0.0  
    0.94503676327                 0.0  
   0.948816969728                 0.0  
   0.952612212787                 0.0  
   0.956422689039                 0.0  
    0.96024839901                 0.0  
   0.964089341764                 0.0  
   0.967945719061                 0.0  
   0.971817531867                 0.0  
   0.975704779678                 0.0  
   0.979607565052                 0.0  
   0.983525992373                 0.0  
    0.98746016788                 0.0  
    0.99140998551                 0.0  
   0.995375550182                 0.0  
   0.999357077529                 0.0  
    1.00335456921                 0.0  
     1.0073679148                 0.0  
    1.01139744463                 0.0  
    1.01544304873                 0.0  
    1.01950483853                 0.0  
    1.02358281331                 0.0  
    1.02767708587                 0.0  
    1.03178788711                 0.0  
    1.03591498602                 0.0  
    1.04005861403                 0.0  
    1.04421888967                 0.0  
     1.0483958139                 0.0  
    1.05258938609                 0.0  
    1.05679972569                 0.0  
    1.06102695441                 0.0  
    1.06527107257                 0.0  
     1.0695320789                 0.0  
    1.07381022173                 0.0  
    1.07810550248                 0.0  
    1.08241792093                 0.0  
    1.08674760389                 0.0  
    1.09109455089                 0.0  
    1.09545895593                 0.0  
    1.09984075394                 0.0  
    1.10424014184                 0.0  
    1.10865712028                 0.0  
    1.11309168825                 0.0  
    1.11754411518                 0.0  
    1.12201426596                 0.0  
    1.12650234506                 0.0  
    1.13100835277                 0.0  
    1.13553235792                 0.0  
    1.14007450061                 0.0  
    1.14463478098                 0.0  
    1.14921334131                 0.0  
    1.15381018168                 0.0  
    1.15842544658                 0.0  
    1.16305913603                 0.0  
    1.16771132256                 0.0  
    1.17238222901                 0.0  
     1.1770717062                 0.0  
    1.18178005487                 0.0  
    1.18650712344                 0.0  
    1.19125314023                 0.0  
    1.19601818322                 0.0  
    1.20080225251                 0.0  
    1.20560542555                 0.0  
     1.2104278603                 0.0  
    1.21526955699                 0.0  
    1.22013067626                 0.0  
    1.22501121851                 0.0  
    1.22991126469                 0.0  
    1.23483089651                 0.0  
    1.23977019641                 0.0  
    1.24472933202                 0.0  
    1.24970821917                 0.0  
    1.25470702642                 0.0  
    1.25972583937                 0.0  
    1.26476474446                 0.0  
    1.26982382899                 0.0  
    1.27490309256                 0.0  
    1.28000271133                 0.0  
    1.28512277523                 0.0  
     1.2902632844                 0.0  
    1.29542432843                 0.0  
    1.30060599784                 0.0  
    1.30580838408                 0.0  
     1.3110316732                 0.0  
    1.31627577206                 0.0  
    1.32154086795                 0.0  
    1.32682705626                 0.0  
    1.33213433675                 0.0  
    1.33746290205                 0.0  
    1.34281275249                 0.0  
    1.34818398535                 0.0  
    1.35357669902                 0.0  
    1.35899099299                 0.0  
    1.36442696787                 0.0  
    1.36988472544                 0.0  
    1.37536426557                 0.0  
    1.38086568994                 0.0  
     1.3863892061                 0.0  
    1.39193470951                 0.0  
    1.39750240935                 0.0  
    1.40309251941                 0.0  
    1.40870482573                 0.0  
    1.41433965025                 0.0  
    1.41999699353                 0.0  
    1.42567696474                 0.0  
    1.43137967438                 0.0  
    1.43710523432                 0.0  
    1.44285364441                 0.0  
    1.44862501663                 0.0  
     1.4544195796                 0.0  
    1.46023721857                 0.0  
    1.46607816418                 0.0  
    1.47194253421                 0.0  
      1.477830329                 0.0  
    1.48374154662                 0.0  
    1.48967654556                 0.0  
    1.49563532798   1.16977253909e-11  
    1.50161777091                 0.0  
    1.50762424051                 0.0  
    1.51365473797                 0.0  
    1.51970938801                 0.0  
    1.52578819019                 0.0  
    1.53189139745                 0.0  
    1.53801901079                 0.0  
    1.54417102887                 0.0  
    1.55034770985                 0.0  
    1.55654905389                 0.0  
    1.56277532485                 0.0  
    1.56902639034                 0.0  
    1.57530251691                 0.0  
    1.58160370472                 0.0  
    1.58793008889                 0.0  
    1.59428180649                 0.0  
    1.60065899655                 0.0  
    1.60706165945                 0.0  
    1.61348993491                 0.0  
    1.61994382173                 0.0  
    1.62642360449                 0.0  
    1.63292928386                 0.0  
    1.63946100449                 0.0  
     1.6460189132                 0.0  
     1.6526028614                 0.0  
    1.65921329316                 0.0  
    1.66585021079                 0.0  
    1.67251361406                 0.0  
    1.67920365382                 0.0  
    1.68592048325                 0.0  
    1.69266410175                 0.0  
    1.69943482084   1.50802118658e-11  
    1.70623248366                 0.0  
    1.71305740532                 0.0  
     1.7199097473                 0.0  
    1.72678934875                 0.0  
    1.73369653225                 0.0  
    1.74063129799   1.30931313115e-11  
    1.74759380992                 0.0  
    1.75458423461                 0.0  
    1.76160257222                 0.0  
    1.76864899066                 0.0  
    1.77572348875   1.52270813106e-11  
    1.78282640892                 0.0  
     1.7899577528                 0.0  
    1.79711751932                 0.0  
    1.80430605936                 0.0  
    1.81152319598                 0.0  
    1.81876928446                 0.0  
    1.82604450707   1.51207084672e-11  
    1.83334868291                 0.0  
     1.8406819916                 0.0  
    1.84804480185                 0.0  
    1.85543692875                 0.0  
     1.8628585567                 0.0  
    1.87031006382                 0.0  
    1.87779126121                 0.0  
    1.88530253195                 0.0  
    1.89284368298                 0.0  
    1.90041510239   1.61531646827e-11  
    1.90801679125                 0.0  
    1.91564874769                 0.0  
    1.92331136998   1.60727208944e-11  
    1.93100465998                 0.0  
    1.93872861661                 0.0  
    1.94648364868                 0.0  
    1.95426955095                 0.0  
    1.96208652804                 0.0  
    1.96993499966                 0.0  
    1.97781475664   1.60926587893e-11  
    1.98572600968                 0.0  
    1.99366875669                 0.0  
    2.00164342911                 0.0  
    2.00965002913                 0.0  
     2.0176887777                 0.0  
    2.02575945264                 0.0  
    2.03386249764                 0.0  
    2.04199791323                 0.0  
    2.05016592587                 0.0  
    2.05836653531                 0.0  
    2.06659997086                 0.0  
    2.07486646606   1.69755112047e-11  
    2.08316602235                 0.0  
    2.09149863802                 0.0  
    2.09986454834   1.81191539063e-11  
    2.10826399303                 0.0  
    2.11669697217   1.71861422741e-11  
    2.12516397475                 0.0  
    2.13366451009                 0.0  
    2.14219906852   1.96015449829e-11  
    2.15076790095                 0.0  
    2.15937100899                 0.0  
    2.16800864708   1.90452085776e-11  
    2.17668055826                 0.0  
    2.18538725457   1.65185496212e-11  
    2.19412886786                 0.0  
     2.2029053986   1.73630890284e-11  
    2.21171697719   1.80727952625e-11  
    2.22056386918   3.75977569534e-11  
    2.22944607449   1.90610340571e-11  
     2.2383638626   1.77188482274e-11  
    2.24731737067                 0.0  
    2.25630659816                 0.0  
    2.26533182065   7.54391636479e-11  
    2.27439317825    3.7280536353e-11  
    2.28349081208                 0.0  
    2.29262472114                 0.0  
    2.30179518955                 0.0  
    2.31100236161    5.7035777584e-11  
    2.32024638274   3.72699121466e-11  
    2.32952739949                 0.0  
    2.33884555955                 0.0  
     2.3482008616   1.96994541363e-11  
    2.35759375493   2.06270759062e-11  
     2.3670240892                 0.0  
    2.37649216717   6.16195018258e-11  
    2.38599814264   2.10803404198e-11  
    2.39554217071   7.91450092594e-11  
    2.40512425024                 0.0  
    2.41474485293   3.91537212163e-11  
     2.4244038215                 0.0  
    2.43410131268   4.03166643052e-11  
    2.44383780997   5.88964638843e-11  
    2.45361315272                 0.0  
    2.46342750192   4.03016592137e-11  
    2.47328135334   6.38356829152e-11  
    2.48317437503   6.42568186608e-11  
    2.49310706713   1.22456497199e-10  
     2.5030796008   4.26952447107e-11  
    2.51309180473   2.00617603964e-11  
    2.52314419199   4.24329720642e-11  
    2.53323676388   4.41588858162e-11  
    2.54336969409   2.17835253578e-11  
      2.553543158   1.26262583469e-10  
    2.56375733277   2.31753374506e-11  
    2.57401239734   1.05025975057e-10  
    2.58430853246   8.91733860563e-11  
    2.59464573736    6.3020065776e-11  
    2.60502437702   1.07034642397e-10  
    2.61544445152   4.20565959511e-11  
    2.62590614476   1.14189535065e-10  
    2.63640983195   2.39725670263e-11  
    2.64695551462   2.28965452726e-11  
    2.65754319028   1.57132646968e-10  
    2.66817343412   1.34322179094e-10  
    2.67884605387   1.10330406636e-10  
    2.68956143808   4.34882799947e-11  
    2.70031978513   6.90494544993e-11  
    2.71112109538   1.37830899206e-10  
     2.7219655669   8.66167024858e-11  
    2.73285339999    9.1161100496e-11  
    2.74378479725   1.36970209257e-10  
    2.75475996361   6.94904079738e-11  
    2.76577889803   1.14488179844e-10  
     2.7768420153   1.66107814674e-10  
    2.78794952761   1.15400845592e-10  
    2.79910122283   6.97080858167e-11  
    2.81029773829   1.20905267329e-10  
    2.82153886012   1.15195754977e-10  
    2.83282501905   2.65173125525e-10  
    2.84415621465   1.46525846396e-10  
    2.85553288641    1.2041990171e-10  
     2.8669550358   1.71217153729e-10  
    2.87842288562   1.43804868598e-10  
    2.88993666146   2.46521335539e-10  
    2.90149636242   2.00622761684e-10  
    2.91310221432    7.5386781549e-11  
    2.92475467888   3.24313754971e-10  
    2.93645375843   2.69459095895e-10  
    2.94819945083   1.49952956645e-10  
    2.95999246544   2.73457807779e-10  
    2.97183232698   2.69551877134e-10  
    2.98371975291   1.71459121157e-10  
    2.99565450142   1.00543156135e-10  
    3.00763705757     1.027968464e-10  
    3.01966766914    2.0904366665e-10  
    3.03174633682   2.28864122352e-10  
     3.0438733091   3.03927404848e-10  
    3.05604883781   1.51007245818e-10  
    3.06827292179   2.85221767801e-10  
    3.08054607218   3.10226897808e-10  
    3.09286829073    2.9090253358e-10  
    3.10523983715   2.13001979962e-10  
       3.11766071   2.38573272986e-10  
    3.13013143684   2.10844097569e-10  
     3.1426520194   2.65821033947e-10  
     3.1552224546   2.63592821739e-10  
    3.16784328125   2.95957750033e-10  
    3.18051477514    3.2012644906e-10  
    3.19323693827    2.3641953011e-10  
    3.20600976777   3.76036946319e-10  
    3.21883382034   1.89492937554e-10  
    3.23170909668   3.28189450271e-10  
    3.24463587936   3.03028871949e-10  
    3.25761445513   2.66161618202e-10  
    3.27064511496   4.11279681218e-10  
    3.28372756669   2.21258452721e-10  
    3.29686239202   2.80177722133e-10  
    3.31004988796   2.78801131121e-10  
    3.32329005515   3.40030561421e-10  
    3.33658319242   4.42544142046e-10  
    3.34992960313   2.90154729067e-10  
    3.36332928717   1.99994157566e-10  
    3.37678254987   5.66334389723e-10  
    3.39028970127   5.37365082019e-10  
    3.40385105624   5.53402117054e-10  
    3.41746629822   5.44108031538e-10  
    3.43113637807   5.79010949476e-10  
    3.44486065569   4.01030911029e-10  
    3.45864009442   3.65890175941e-10  
    3.47247469798   6.19819327131e-10  
    3.48636479597   3.44117965006e-10  
    3.50031005569   5.02191060801e-10  
    3.51431147419   4.75176096879e-10  
    3.52836871873   3.64752701026e-10  
    3.54248212415   6.29974671945e-10  
    3.55665203068   6.02237924643e-10  
    3.57087878411   4.80126561543e-10  
    3.58516203559   8.56716378946e-10  
    3.59950283138   5.15328221782e-10  
    3.61390082286   5.55218727509e-10  
    3.62835636186   7.75585111351e-10  
    3.64286980603   5.98804443264e-10  
    3.65744115459   4.10485919643e-10  
     3.6720711358   5.95536304563e-10  
    3.68675938494   8.70899445225e-10  
    3.70150626634   8.09038585109e-10  
    3.71631252674   6.00442124261e-10  
    3.73117779346   6.13082031682e-10  
    3.74610244067   7.05465720854e-10  
     3.7610868489   1.04845197435e-09  
    3.77613101678    4.3181777254e-10  
    3.79123572024   5.45728966904e-10  
    3.80640057035   7.31483436708e-10  
    3.82162635332   6.78395260442e-10  
     3.8369126718    6.2871421926e-10  
    3.85226032249   7.41260443201e-10  
    3.86766930695   8.08879070881e-10  
    3.88314003164   7.18968424292e-10  
    3.89867249609   6.87826831387e-10  
    3.91426752862   8.59157828352e-10  
    3.92992429535   9.75508952144e-10  
    3.94564404997   5.91267562259e-10  
    3.96142679819   9.81157812271e-10  
    3.97727253972   8.07164874462e-10  
    3.99318170256   9.07840025702e-10  
    4.00915428459   8.89988259314e-10  
    4.02519071885   9.39791569405e-10  
    4.04129144627   1.03034427912e-09  
     4.0574569158   1.00309992758e-09  
    4.07368668043   1.09804342676e-09  
    4.08998118387   9.65267398556e-10  
    4.10634133737       8.9353659e-10  
    4.12276668611   9.73946173614e-10  
    4.13925768777   1.14980881677e-09  
     4.1558148085   1.19477082873e-09  
    4.17243804884   1.06807856183e-09  
    4.18912788102   1.08609511317e-09  
    4.20588430424   1.03239786837e-09  
    4.22270779694   1.17706248639e-09  
    4.23959884661   1.12044435761e-09  
    4.25655696277    1.7703883534e-09  
    4.27358312521   1.55868178445e-09  
    4.29067733583   1.20419708492e-09  
    4.30784009553   1.64748295687e-09  
    4.32507140516   9.59570862455e-10  
    4.34237177264   1.37475782237e-09  
    4.35974119784    1.7747888655e-09  
    4.37718045687   1.21510736934e-09  
    4.39468902883   1.17448271633e-09  
    4.41226796031   1.25670346616e-09  
    4.42991698849   1.44960882296e-09  
    4.44763664356   1.33309739827e-09  
    4.46542719446   1.17326243679e-09  
    4.48328891197   1.55288865111e-09  
    4.50122206872   1.65179932045e-09  
    4.51922693926   1.53362160484e-09  
    4.53730380009   1.45514665632e-09  
    4.55545292971   1.55024837025e-09  
    4.57367489354   1.32943614087e-09  
     4.5919694066    1.6049755451e-09  
    4.61033732575   1.99405569844e-09  
    4.62877865296   1.28324630097e-09  
     4.6472939715   1.33610377477e-09  
    4.66588298672   1.45180297222e-09  
    4.68454658297   1.76227999709e-09  
     4.7032847621   1.95185280099e-09  
     4.7220978225   2.08708246794e-09  
    4.74098637113    1.8034163318e-09  
    4.75995010145   1.91338754108e-09  
    4.77898993408   1.66486279947e-09  
    4.79810587133   1.75790789991e-09  
    4.81729854038   1.53305898082e-09  
    4.83656762537   2.32608778899e-09  
     4.8559137564   2.12270025387e-09  
    4.87533757653   1.78886106638e-09  
    4.89483876301   2.68472997635e-09  
    4.91441829106   2.19778850805e-09  
    4.93407583344   1.70464105517e-09  
     4.9538123818   1.93046524127e-09  
    4.97362760448   1.69742695029e-09  
    4.99352183074   2.45593914015e-09  
    5.01349607765    2.3603480885e-09  
    5.03355000696   1.75540225915e-09  
    5.05368430539   2.52470842305e-09  
    5.07389897276   2.03726512015e-09  
    5.09419470807   1.96466492256e-09  
    5.11457151245   1.92435842331e-09  
     5.1350297384   1.55083150174e-09  
    5.15556974197   2.22049607783e-09  
    5.17619188281   2.84353650662e-09  
    5.19689689217   2.53065106195e-09  
    5.21768440439   2.37657592652e-09  
    5.23855515541   2.43436838757e-09  
    5.25950952014   1.83462294057e-09  
    5.28054749769   2.34547523201e-09  
    5.30166946194   2.30563875297e-09  
    5.32287617669   1.85314015422e-09  
     5.3441676442   2.24991224322e-09  
    5.36554464285   2.70708520379e-09  
    5.38700678205   2.39046556233e-09  
    5.40855484569   2.64607593032e-09  
    5.43018883146   2.28564176927e-09  
     5.4519095384   2.57407191525e-09  
    5.47371737491   2.42359482642e-09  
    5.49561234274    2.9855688146e-09  
    5.51759443527    2.8959978231e-09  
    5.53966489128   2.29836977594e-09  
    5.56182371703   2.87487889881e-09  
    5.58407091037   3.02232788518e-09  
    5.60640731682   2.62256573661e-09  
    5.62883293749   2.85754280923e-09  
    5.65134819992   3.09420458992e-09  
    5.67395353681   2.86723112054e-09  
    5.69664938618   3.62230486015e-09  
    5.71943619141   3.05655804387e-09  
    5.74231350316   3.54468500142e-09  
     5.7652831125   2.76420429717e-09  
    5.78834412131   2.72032822417e-09  
    5.81149743365   3.11489201473e-09  
    5.83474351021   3.66220791633e-09  
    5.85808235018    3.1660288181e-09  
    5.88151488606   2.72496080835e-09  
    5.90504064664   4.22479589677e-09  
    5.92866105146   3.07926613932e-09  
    5.95237562645   3.04374972582e-09  
    5.97618533246   3.06366016364e-09  
    6.00008968111    2.9818786275e-09  
    6.02409013633    3.2041964831e-09  
     6.0481867053   3.99584884799e-09  
    6.07237938609   3.64144760835e-09  
     6.0966686737   3.27128712023e-09  
    6.12105558018   2.99374603477e-09  
    6.14553959755   3.07604138051e-09  
    6.17012174768   3.27027459125e-09  
    6.19480255328   3.87737910674e-09  
    6.21958149061   3.62746397237e-09  
    6.24446013397    3.2580026743e-09  
    6.26943795744   3.09277531244e-09  
    6.29451548781   4.27481246402e-09  
    6.31969380334   3.88443579701e-09  
    6.34497236227   3.29476084816e-09  
    6.37035225392   2.88855693906e-09  
    6.39583347869   3.29863522635e-09  
    6.42141715049   3.73067595243e-09  
    6.44710271082   4.11815112655e-09  
    6.47289128537   5.20364186259e-09  
    6.49878287572   3.73926152899e-09  
    6.52477805342   3.56551783671e-09  
      6.550876814   4.11644712981e-09  
    6.57708032125   4.22171749258e-09  
    6.60338857865   3.63685328463e-09  
    6.62980217829    3.9761234568e-09  
     6.6563217212   3.61672807056e-09  
    6.68294660092   3.81852590808e-09  
    6.70967863407   4.09922191543e-09  
    6.73651721316   4.08608673259e-09  
    6.76346356996   4.12243788359e-09  
    6.79051708144      4.90915037e-09  
    6.81767899338   4.14534339049e-09  
    6.84494994327   4.99676295846e-09  
    6.87232993526   3.88923374003e-09  
    6.89981896307   4.14451423439e-09  
    6.92741831705   3.26233033088e-09  
    6.95512800081   3.98583784179e-09  
    6.98294867158   4.59140958858e-09  
    7.01088032757   4.42798675266e-09  
     7.0389236311   4.24344203057e-09  
    7.06707925516    4.1007994807e-09  
    7.09534788362     5.550066606e-09  
    7.12372952024   3.40317496175e-09  
    7.15222415796   4.38458798365e-09  
    7.18083318331   3.41640071063e-09  
    7.20955660066   4.67806685607e-09  
    7.23839440342   4.97464973254e-09  
    7.26734801256   3.16563679694e-09  
     7.2964174335   3.91599109884e-09  
    7.32560339154   4.36223670582e-09  
     7.3549058873   3.57343637487e-09  
    7.38432565288   3.89242182246e-09  
    7.41386268406   4.89409218136e-09  
    7.44351771988   4.45566949504e-09  
    7.47329227265   4.86610990847e-09  
    7.50318559143   3.83226947821e-09  
    7.53319843542   4.90540814241e-09  
    7.56333079768   3.77839802544e-09  
    7.59358423039   4.52699907318e-09  
    7.62395874079   3.76444165562e-09  
    7.65445432458   4.16954356124e-09  
    7.68507177011   4.25375109703e-09  
    7.71581269039   3.58008380211e-09  
    7.74667546895   4.53961931977e-09  
    7.77766254505   4.37943410889e-09  
    7.80877310258   4.08328933806e-09  
    7.84000796151   4.17064682228e-09  
    7.87136795637   4.00422189913e-09  
    7.90285393657   5.20357671746e-09  
    7.93446505168   4.14889060774e-09  
    7.96620300486   4.65374004897e-09  
    7.99806779953   4.11589161944e-09  
    8.03006030517   5.13065090467e-09  
     8.0621805217    4.3221201289e-09  
    8.09442932911   4.84867983463e-09  
    8.12680672387   5.18715143208e-09  
    8.15931359673   5.91249413948e-09  
    8.19195085476   5.91621762588e-09  
    8.22471942171   3.98356204967e-09  
    8.25761745204   3.88323298446e-09  
    8.29064864545    4.6508104275e-09  
    8.32381114603   4.50694660901e-09  
    8.35710587897   4.70806131056e-09  
    8.39053474565   4.00590834137e-09  
    8.42409679606   4.95731040733e-09  
    8.45779298527   4.65713231011e-09  
    8.49162428634    5.8702350323e-09  
    8.52559070065   5.40660773509e-09  
    8.55969321454   4.64437142359e-09  
    8.59393182709   5.79410749009e-09  
    8.62830753824   4.94990373333e-09  
    8.66282136702   4.58162630917e-09  
    8.69747229125   5.57519390903e-09  
    8.73226235834   4.98049841068e-09  
    8.76719105115   4.53506248492e-09  
    8.80225993308   5.67887183723e-09  
    8.83746900884   5.06428735612e-09  
    8.87281880584   6.36718361416e-09  
    8.90830985498   3.79403412564e-09  
    8.94394323548   5.06748755697e-09  
    8.97971894935   5.25348482505e-09  
      9.015638092   4.03428060484e-09  
    9.05170066437   5.07075075832e-09  
    9.08790721605   5.45640932073e-09  
    9.12425886751   4.52423429672e-09  
    9.16075618987   6.38407011495e-09  
     9.1973991825   4.83925431014e-09  
    9.23418841136   5.44292004701e-09  
    9.27112561745   5.33827958321e-09  
    9.30820963329   4.10958418088e-09  
    9.34544280832   5.39455549739e-09  
    9.38282455567   5.34395812319e-09  
    9.42035546382   3.46113290149e-09  
    9.45803734441   4.60836179152e-09  
    9.49586959654   4.75126299998e-09  
    9.53385282337   5.66755456464e-09  
    9.57198825704   4.95108642256e-09  
    9.61027589683   4.00346016601e-09  
    9.64871699537   3.53894030386e-09  
    9.68731219181    3.8072879395e-09  
    9.72606148678   4.46841586778e-09  
     9.7649655154   3.77040641216e-09  
    9.80402557306   3.94659750144e-09  
    9.84324166221   4.30788803367e-09  
    9.88261443541   3.75589493649e-09  
    9.92214522171   3.48707880418e-09  
    9.96183335024   2.69884072207e-09  
    10.0016808383   3.01261356654e-09  
     10.041687693   2.96335163869e-09  
    10.0818545982   2.78840453529e-09  
    10.1221815468   2.89735888996e-09  
    10.1626706261   3.54509047762e-09  
    10.2033211391   3.38410618121e-09  
    10.2441344948    3.2259343205e-08  
