      wave_micron        flux_mjy  
  0.0151862453319             0.0  
  0.0152415497594             0.0  
  0.0153025154167             0.0  
  0.0153637250122             0.0  
   0.015425180221             0.0  
  0.0154868810502             0.0  
  0.0155488291952             0.0  
  0.0156110246563             0.0  
    0.01567346915             0.0  
  0.0157361626703             0.0  
  0.0157991069548             0.0  
   0.015862303773             0.0  
  0.0159257531313             0.0  
  0.0159894550112             0.0  
  0.0160534130204             0.0  
  0.0161176271782             0.0  
    0.01618209748             0.0  
  0.0162468257657             0.0  
  0.0163118139096             0.0  
  0.0163770600225             0.0  
  0.0164425678735             0.0  
  0.0165083393984             0.0  
  0.0165743726785             0.0  
  0.0166406696301             0.0  
  0.0167072322062             0.0  
  0.0167740623974             0.0  
  0.0168411572105             0.0  
   0.016908522642             0.0  
  0.0169761566919             0.0  
  0.0170440613842             0.0  
  0.0171122377454             0.0  
  0.0171806857636             0.0  
  0.0172494085612             0.0  
  0.0173184061489             0.0  
  0.0173876806522             0.0  
  0.0174572310007             0.0  
  0.0175270593267             0.0  
  0.0175971678042             0.0  
  0.0176675564402             0.0  
  0.0177382274428             0.0  
  0.0178091796948             0.0  
  0.0178804165444             0.0  
  0.0179519379969             0.0  
  0.0180237463309             0.0  
  0.0180958415518             0.0  
  0.0181682248063             0.0  
  0.0182408972502             0.0  
  0.0183138612366             0.0  
  0.0183871167722             0.0  
  0.0184606650422             0.0  
  0.0185345072419             0.0  
  0.0186086458034             0.0  
  0.0186830795002             0.0  
  0.0187578120217             0.0  
  0.0188328433799             0.0  
   0.018908174824             0.0  
  0.0189838076149             0.0  
  0.0190597430247             0.0  
  0.0191359823377             0.0  
  0.0192125255433             0.0  
  0.0192893765535             0.0  
  0.0193665340651             0.0  
  0.0194439993799             0.0  
  0.0195217751624             0.0  
  0.0195998627725             0.0  
  0.0196782622126             0.0  
  0.0197569748375             0.0  
  0.0198360034085             0.0  
  0.0199153465324             0.0  
  0.0199950084036             0.0  
  0.0200749890399             0.0  
  0.0201552884287             0.0  
  0.0202359094264             0.0  
  0.0203168534892             0.0  
  0.0203981206156             0.0  
   0.020479713743             0.0  
  0.0205616313812             0.0  
  0.0206438779969             0.0  
  0.0207264536059             0.0  
  0.0208093597257             0.0  
  0.0208925978913             0.0  
  0.0209761680966             0.0  
  0.0210600718742             0.0  
  0.0211443123573             0.0  
  0.0212288895558             0.0  
  0.0213138050564             0.0  
   0.021399060464             0.0  
  0.0214846574026             0.0  
  0.0215705958681             0.0  
   0.021656877484             0.0  
  0.0217435055676             0.0  
  0.0218304801344             0.0  
  0.0219178011671             0.0  
  0.0220054720439             0.0  
  0.0220934944899             0.0  
  0.0221818685095             0.0  
  0.0222705958296             0.0  
  0.0223596781988             0.0  
  0.0224491173879             0.0  
  0.0225389133917             0.0  
  0.0226290697965             0.0  
  0.0227195847868             0.0  
  0.0228104638233             0.0  
  0.0229017050792             0.0  
  0.0229933122501             0.0  
  0.0230852853412             0.0  
  0.0231776262249             0.0  
  0.0232703367986             0.0  
  0.0233634189851             0.0  
  0.0234568727853             0.0  
  0.0235507001277             0.0  
  0.0236449029677             0.0  
  0.0237394812916             0.0  
  0.0238344410841             0.0  
  0.0239297783475             0.0  
  0.0240254970945             0.0  
  0.0241215993701             0.0  
  0.0242180851719             0.0  
  0.0243149586469             0.0  
   0.024412217708             0.0  
  0.0245098665449             0.0  
  0.0246079051568             0.0  
   0.024706337828             0.0  
  0.0248051624068             0.0  
  0.0249043832227             0.0  
  0.0250040002793             0.0  
  0.0251040180052             0.0  
  0.0252044341848             0.0  
  0.0253052510271             0.0  
  0.0254064730603             0.0  
   0.025508098007             0.0  
  0.0256101304453             0.0  
  0.0257125703795             0.0  
  0.0258154201345             0.0  
  0.0259186820709             0.0  
  0.0260223585857             0.0  
  0.0261264472785             0.0  
  0.0262309529415             0.0  
  0.0263358755693             0.0  
  0.0264412200677             0.0  
  0.0265469839736             0.0  
  0.0266531722503             0.0  
   0.026759784909             0.0  
  0.0268668244763             0.0  
  0.0269742909428             0.0  
  0.0270821894517             0.0  
  0.0271905174168             0.0  
  0.0272992800437             0.0  
   0.027408477344             0.0  
  0.0275181119692             0.0  
  0.0276281839109             0.0  
  0.0277386958433             0.0  
  0.0278496504844             0.0  
  0.0279610505974             0.0  
    0.02807289341             0.0  
  0.0281851844569             0.0  
   0.028297926573             0.0  
  0.0284111169242             0.0  
  0.0285247611853             0.0  
  0.0286388622665             0.0  
  0.0287534172723             0.0  
   0.028868429072             0.0  
  0.0289839035587             0.0  
  0.0290998407737             0.0  
  0.0292162376922             0.0  
  0.0293331033349             0.0  
   0.029450437755             0.0  
  0.0295682378656             0.0  
  0.0296865097975             0.0  
  0.0298052566889             0.0  
  0.0299244785621             0.0  
  0.0300441753939             0.0  
  0.0301643535589             0.0  
  0.0302850098474             0.0  
  0.0304061507215             0.0  
  0.0305277762053             0.0  
  0.0306498862764             0.0  
  0.0307724842184             0.0  
  0.0308955767542             0.0  
  0.0310191571473             0.0  
  0.0311432355684             0.0  
   0.031267808621             0.0  
  0.0313928797303             0.0  
  0.0315184488667             0.0  
  0.0316445230436             0.0  
  0.0317711023035             0.0  
   0.031898186641             0.0  
  0.0320257796335             0.0  
  0.0321538812643             0.0  
  0.0322824988477             0.0  
  0.0324116287246             0.0  
  0.0325412745672             0.0  
  0.0326714401172             0.0  
  0.0328021253768             0.0  
  0.0329333341384             0.0  
  0.0330650663953             0.0  
  0.0331973259923             0.0  
  0.0333301168478             0.0  
  0.0334634350245             0.0  
  0.0335972923954             0.0  
  0.0337316790047             0.0  
  0.0338666068614             0.0  
  0.0340020739821             0.0  
  0.0341380803297             0.0  
  0.0342746341343             0.0  
  0.0344117312592             0.0  
  0.0345493800619             0.0  
  0.0346875763345             0.0  
  0.0348263264174             0.0  
  0.0349656324733             0.0  
   0.035105494499             0.0  
  0.0352459168363             0.0  
   0.035386899479             0.0  
  0.0355284490714             0.0  
  0.0356705611534             0.0  
  0.0358132446918             0.0  
  0.0359564974426             0.0  
  0.0361003239563             0.0  
  0.0362447242236             0.0  
  0.0363897028683             0.0  
  0.0365352622447             0.0  
  0.0366814023445             0.0  
  0.0368281279061             0.0  
  0.0369754413435             0.0  
   0.037123342652             0.0  
  0.0372718366889             0.0  
  0.0374209234529             0.0  
  0.0375706078835             0.0  
  0.0377208899839             0.0  
  0.0378717722387             0.0  
  0.0380232597152             0.0  
  0.0381753524251             0.0  
  0.0383280555238             0.0  
  0.0384813664089             0.0  
  0.0386352929064             0.0  
  0.0387898350439             0.0  
  0.0389449927899             0.0  
  0.0391007741739             0.0  
  0.0392571765096             0.0  
  0.0394142052156             0.0  
  0.0395718630527             0.0  
   0.039730150015             0.0  
   0.039889068853             0.0  
  0.0400486251849             0.0  
  0.0402088218867             0.0  
  0.0403696560937             0.0  
  0.0405311335129             0.0  
  0.0406932599743             0.0  
  0.0408560325667             0.0  
  0.0410194571599             0.0  
  0.0411835337443             0.0  
  0.0413482683014             0.0  
  0.0415136608397             0.0  
  0.0416797143802             0.0  
  0.0418464350782             0.0  
  0.0420138198473             0.0  
  0.0421818748882             0.0  
  0.0423506033619             0.0  
  0.0425200052653             0.0  
  0.0426900869832             0.0  
  0.0428608452837             0.0  
  0.0430322898797             0.0  
  0.0432044175118             0.0  
  0.0433772347439             0.0  
  0.0435507449271             0.0  
  0.0437249480686             0.0  
   0.043899847521             0.0  
  0.0440754466782             0.0  
   0.044251748976             0.0  
  0.0444287543985             0.0  
  0.0446064699073             0.0  
  0.0447848955181             0.0  
  0.0449640383375             0.0  
  0.0451438911989             0.0  
  0.0453244684591             0.0  
  0.0455057665374             0.0  
  0.0456877890588             0.0  
  0.0458705396955             0.0  
  0.0460540221685             0.0  
  0.0462382402479             0.0  
  0.0464231901229             0.0  
  0.0466088831745             0.0  
  0.0467953194487             0.0  
  0.0469825028285             0.0  
  0.0471704293711             0.0  
  0.0473591147907             0.0  
   0.047548551218             0.0  
  0.0477387425614             0.0  
  0.0479296968511             0.0  
   0.048121418203             0.0  
  0.0483139025256             0.0  
  0.0485071580195             0.0  
  0.0487011888768             0.0  
  0.0488959908834             0.0  
  0.0490915766829             0.0  
  0.0492879420471             0.0  
  0.0494850955426             0.0  
  0.0496830328255             0.0  
  0.0498817669577             0.0  
  0.0500812935832             0.0  
  0.0502816170811             0.0  
  0.0504827464078             0.0  
  0.0506846770853             0.0  
  0.0508874135835             0.0  
  0.0510909650607             0.0  
  0.0512953269164             0.0  
  0.0515005084112             0.0  
  0.0517065095584             0.0  
  0.0519133398359             0.0  
  0.0521209897077             0.0  
  0.0523294734927             0.0  
  0.0525387912309             0.0  
   0.052748947809             0.0  
  0.0529599432243             0.0  
  0.0531717823989             0.0  
  0.0533844703326             0.0  
  0.0535980070184             0.0  
  0.0538124026211             0.0  
  0.0540276520462             0.0  
  0.0542437603713             0.0  
  0.0544607380071             0.0  
  0.0546785797359             0.0  
  0.0548972960957             0.0  
  0.0551168817443             0.0  
  0.0553373527706             0.0  
  0.0555586983713             0.0  
  0.0557809348548             0.0  
  0.0560040567579             0.0  
  0.0562280751482             0.0  
  0.0564529844364             0.0  
  0.0566787958303             0.0  
  0.0569055150795             0.0  
  0.0571331364721             0.0  
  0.0573616656758             0.0  
  0.0575911143271             0.0  
  0.0578214765912             0.0  
  0.0580527642567             0.0  
  0.0582849773746             0.0  
  0.0585181159072             0.0  
  0.0587521858386             0.0  
  0.0589871994171             0.0  
  0.0592231443552             0.0  
  0.0594600391771             0.0  
  0.0596978776747             0.0  
  0.0599366724289             0.0  
  0.0601764171007             0.0  
  0.0604171244428             0.0  
  0.0606587944978             0.0  
  0.0609014272165             0.0  
   0.061145029075             0.0  
  0.0613896133384             0.0  
  0.0616351734263             0.0  
  0.0618817092309             0.0  
  0.0621292410506             0.0  
  0.0623777552976             0.0  
  0.0626272656272             0.0  
  0.0628777720403             0.0  
   0.063129288554             0.0  
  0.0633818010893             0.0  
  0.0636353308644             0.0  
   0.063889870777             0.0  
  0.0641454352523             0.0  
  0.0644020170518             0.0  
  0.0646596234095             0.0  
   0.064918261695             0.0  
  0.0651779318951             0.0  
   0.065438641478             0.0  
  0.0657003980535             0.0  
  0.0659632016714             0.0  
  0.0662270522815             0.0  
  0.0664919653869             0.0  
   0.066757933217             0.0  
  0.0670249635555             0.0  
  0.0672930643361             0.0  
  0.0675622355631             0.0  
   0.067832481211             0.0  
  0.0681038134915             0.0  
  0.0683762283497             0.0  
   0.068649734011             0.0  
  0.0689243304506             0.0  
  0.0692000302551             0.0  
  0.0694768292185             0.0  
  0.0697547358146             0.0  
  0.0700337543427             0.0  
  0.0703138891334             0.0  
  0.0705951445493             0.0  
  0.0708775249857             0.0  
  0.0711610348713             0.0  
  0.0714456786688             0.0  
  0.0717314654303             0.0  
  0.0720183906152             0.0  
   0.072306463311             0.0  
  0.0725956881234             0.0  
  0.0728860696955             0.0  
  0.0731776174494             0.0  
  0.0734703266627             0.0  
  0.0737642067987             0.0  
  0.0740592626587             0.0  
  0.0743554990853             0.0  
  0.0746529258973             0.0  
  0.0749515332222             0.0  
   0.075251340833             0.0  
  0.0755523488135             0.0  
  0.0758545571332             0.0  
  0.0761579759141             0.0  
  0.0764626051371             0.0  
  0.0767684551004             0.0  
  0.0770755310579             0.0  
  0.0773838330132             0.0  
   0.077693366195             0.0  
  0.0780041412693             0.0  
   0.078316158267             0.0  
   0.078629422573             0.0  
  0.0789439396258             0.0  
   0.079259714919             0.0  
  0.0795767540021             0.0  
  0.0798950624814             0.0  
  0.0802146403258             0.0  
  0.0805354988643             0.0  
  0.0808576438804             0.0  
  0.0811810753857             0.0  
  0.0815057991484             0.0  
  0.0818318209987             0.0  
  0.0821591468305             0.0  
  0.0824877826019             0.0  
   0.082817734337             0.0  
  0.0831490081274             0.0  
  0.0834816039632             0.0  
  0.0838155279262             0.0  
  0.0841507924355             0.0  
  0.0844873975438             0.0  
  0.0848253431751             0.0  
  0.0851646483849             0.0  
  0.0855053068237             0.0  
  0.0858473248539             0.0  
  0.0861907154896             0.0  
  0.0865354787741             0.0  
  0.0868816213016             0.0  
  0.0872291430099             0.0  
  0.0875780640725             0.0  
  0.0879283778012             0.0  
  0.0882800909551             0.0  
  0.0886332103769             0.0  
   0.088987742995             0.0  
  0.0893436887586             0.0  
  0.0897010688489             0.0  
  0.0900598690908             0.0  
  0.0904201109028             0.0  
  0.0907817943694             0.0  
  0.0911449194373             0.0  
  0.0915095007394             0.0  
  0.0918755382958             0.0  
  0.0922430395187             0.0  
  0.0926120119188             0.0  
  0.0929824554535             0.0  
  0.0933543853675             0.0  
  0.0937278094776             0.0  
  0.0941027200284             0.0  
  0.0944791246749             0.0  
  0.0948570471081             0.0  
  0.0952364714898             0.0  
  0.0956174217934             0.0  
  0.0959998899854             0.0  
  0.0963838840736             0.0  
  0.0967694204686             0.0  
  0.0971564992491             0.0  
  0.0975451287698             0.0  
  0.0979353090143             0.0  
  0.0983270483749             0.0  
  0.0987203553653             0.0  
  0.0991152386231             0.0  
  0.0995116981457             0.0  
  0.0999097426147             0.0  
    0.10030938084             0.0  
   0.100710621762             0.0  
   0.101113465403             0.0  
   0.101517920754             0.0  
   0.101923987748             0.0  
   0.102331684696             0.0  
   0.102741011658             0.0  
   0.103151977956             0.0  
   0.103564583561             0.0  
   0.103978847424             0.0  
   0.104394760008             0.0  
   0.104812340481             0.0  
   0.105231588867             0.0  
   0.105652514907             0.0  
   0.106075128499             0.0  
   0.106499419612             0.0  
   0.106925418218             0.0  
   0.107353124484             0.0  
   0.107782538416             0.0  
   0.108213670222             0.0  
   0.108646519823             0.0  
   0.109081108043             0.0  
   0.109517434971             0.0  
   0.109955500532             0.0  
   0.110395326059             0.0  
   0.110836900777             0.0  
   0.111280257246             0.0  
   0.111725373653             0.0  
   0.112172271863             0.0  
   0.112620963053             0.0  
   0.113071447266             0.0  
   0.113523735783             0.0  
   0.113977828572             0.0  
   0.114433737023             0.0  
   0.114891472716             0.0  
    0.11535103565             0.0  
   0.115812449396             0.0  
   0.116275690229             0.0  
   0.116740793807             0.0  
   0.117207760277             0.0  
   0.117676589609             0.0  
   0.118147293948             0.0  
   0.118619885655             0.0  
   0.119094364748             0.0  
   0.119570743719             0.0  
   0.120049022526             0.0  
    0.12052922666             0.0  
   0.121011343361             0.0  
   0.121495385402             0.0  
   0.121981365789             0.0  
   0.122469297759             0.0  
   0.122959168018             0.0  
   0.123451003131             0.0  
   0.123944816734             0.0  
   0.124440595291             0.0  
   0.124938352277             0.0  
   0.125438101413             0.0  
   0.125939856671             0.0  
   0.126443618128             0.0  
   0.126949385666             0.0  
   0.127457187735             0.0  
   0.127967024514             0.0  
   0.128478881376             0.0  
   0.128992801948             0.0  
   0.129508771677             0.0  
   0.130026805273             0.0  
   0.130546917724             0.0  
    0.13106910909             0.0  
   0.131593379236             0.0  
   0.132119758725             0.0  
   0.132648232174             0.0  
   0.133178830608             0.0  
   0.133711538364             0.0  
   0.134246386932             0.0  
   0.134783368412             0.0  
   0.135322506858             0.0  
   0.135863794217             0.0  
    0.13640724667             0.0  
   0.136952880717             0.0  
   0.137500688072             0.0  
   0.138050693715             0.0  
   0.138602897709             0.0  
   0.139157308481             0.0  
   0.139713934513             0.0  
   0.140272793062             0.0  
   0.140833884164             0.0  
   0.141397216493             0.0  
   0.141962807704             0.0  
   0.142530657824             0.0  
   0.143100784789             0.0  
    0.14367318862             0.0  
   0.144247878329             0.0  
   0.144824872283             0.0  
   0.145404170505             0.0  
   0.145985782226             0.0  
   0.146569726264             0.0  
   0.147156012234             0.0  
   0.147744630509             0.0  
   0.148335609884             0.0  
   0.148928950407             0.0  
   0.149524671689             0.0  
   0.150122763818             0.0  
   0.150723256556             0.0  
   0.151326149986             0.0  
   0.151931454179             0.0  
   0.152539179298             0.0  
   0.153149335602             0.0  
   0.153761933445             0.0  
    0.15437698328             0.0  
   0.154994495661             0.0  
   0.155614470527             0.0  
   0.156236929183             0.0  
   0.156861871606             0.0  
   0.157489319487             0.0  
   0.158119283907             0.0  
   0.158751753754             0.0  
   0.159386762292             0.0  
   0.160024309612             0.0  
   0.160664406987             0.0  
   0.161307065808             0.0  
   0.161952297587             0.0  
   0.162600102255             0.0  
   0.163250503087             0.0  
   0.163903500077             0.0  
   0.164559116943             0.0  
   0.165217353748             0.0  
   0.165878222483             0.0  
   0.166541735275             0.0  
   0.167207904386             0.0  
   0.167876742216             0.0  
   0.168548248734             0.0  
   0.169222436325             0.0  
   0.169899330296             0.0  
   0.170578917867             0.0  
   0.171261237522             0.0  
   0.171946289458             0.0  
   0.172634073617             0.0  
   0.173324602972             0.0  
   0.174017904054             0.0  
   0.174713976962             0.0  
   0.175412835149             0.0  
   0.176114478504             0.0  
   0.176818948161             0.0  
   0.177526216562             0.0  
   0.178236325294             0.0  
   0.178949274492             0.0  
   0.179665064019             0.0  
   0.180383722267             0.0  
    0.18110526375             0.0  
   0.181829673902             0.0  
   0.182556996418             0.0  
   0.183287231512             0.0  
   0.184020379125             0.0  
    0.18475645402             0.0  
   0.185495486389             0.0  
   0.186237461056             0.0  
   0.186982408495             0.0  
   0.187730344282             0.0  
   0.188481268478             0.0  
    0.18923519671             0.0  
    0.18999212884             0.0  
   0.190752096649             0.0  
   0.191515116419             0.0  
    0.19228117193             0.0  
   0.193050295632             0.0  
   0.193822487473             0.0  
   0.194597780629             0.0  
   0.195376175252             0.0  
   0.196157688231             0.0  
   0.196942319531             0.0  
    0.19773008612             0.0  
   0.198521005214             0.0  
   0.199315094279             0.0  
   0.200112353314             0.0  
    0.20091279988             0.0  
   0.201716451797             0.0  
   0.202523308997             0.0  
   0.203333407701             0.0  
   0.204146748093             0.0  
   0.204963330048             0.0  
   0.205783171868             0.0  
   0.206606311029             0.0  
   0.207432728761             0.0  
   0.208262462965             0.0  
   0.209095513742             0.0  
   0.209931900383             0.0  
   0.210771622814             0.0  
   0.211614720282             0.0  
   0.212461173033             0.0  
   0.213311020775             0.0  
   0.214164263564             0.0  
   0.215020921596             0.0  
   0.215880994763             0.0  
    0.21674452421             0.0  
   0.217611510156             0.0  
   0.218481952493             0.0  
   0.219355872072             0.0  
   0.220233311555             0.0  
   0.221114228075             0.0  
   0.221998686117             0.0  
   0.222886685943             0.0  
   0.223778227476             0.0  
   0.224673354985             0.0  
   0.225572046251             0.0  
   0.226474323402             0.0  
   0.227380231819             0.0  
   0.228289748794             0.0  
   0.229202897043             0.0  
   0.230119723105             0.0  
   0.231040203786             0.0  
   0.231964362419             0.0  
   0.232892222738             0.0  
   0.233823784687             0.0  
   0.234759072245             0.0  
   0.235698109808             0.0  
   0.236640897408             0.0  
   0.237587459704             0.0  
   0.238537821784             0.0  
   0.239491983793             0.0  
   0.240449945509             0.0  
   0.241411732136             0.0  
   0.242377395329             0.0  
   0.243346883189             0.0  
    0.24432027388             0.0  
   0.245297567815             0.0  
   0.246278765038             0.0  
    0.24726386522             0.0  
   0.248252922202             0.0  
   0.249245936192             0.0  
   0.250242934734             0.0  
   0.251243889998             0.0  
   0.252248857367             0.0  
   0.253257865238             0.0  
   0.254270885298             0.0  
   0.255287974471             0.0  
   0.256309132972             0.0  
   0.257334360629             0.0  
   0.258363715964             0.0  
   0.259397169641             0.0  
   0.260434751023             0.0  
   0.261476490028             0.0  
   0.262522386629             0.0  
   0.263572471153             0.0  
   0.264626774498             0.0  
   0.265685265663             0.0  
   0.266748006725             0.0  
   0.267814997867             0.0  
   0.268886270863             0.0  
   0.269961825843             0.0  
   0.271041662523             0.0  
   0.272125829369             0.0  
   0.273214342954             0.0  
   0.274307186659             0.0  
   0.275404426841             0.0  
   0.276506046976             0.0  
   0.277612063688             0.0  
   0.278722510916             0.0  
   0.279837405931             0.0  
   0.280956748664             0.0  
   0.282080573835             0.0  
     0.2832088991             0.0  
   0.284341742253             0.0  
   0.285479103186             0.0  
   0.286621017715             0.0  
    0.28776750405             0.0  
   0.288918580543             0.0  
   0.290074247075             0.0  
   0.291234540623             0.0  
   0.292399479992             0.0  
   0.293569084143             0.0  
   0.294743352973             0.0  
   0.295922324686             0.0  
   0.297106018732             0.0  
    0.29829443504             0.0  
    0.29948761278             0.0  
   0.300685571921             0.0  
   0.301888312441             0.0  
    0.30309587452             0.0  
   0.304308258181             0.0  
   0.305525483642             0.0  
   0.306747592131             0.0  
   0.307974583754             0.0  
   0.309206479307             0.0  
   0.310443299785             0.0  
   0.311685066389             0.0  
   0.312931822196             0.0  
   0.314183545656             0.0  
   0.315440280101             0.0  
   0.316702047589             0.0  
   0.317968848024             0.0  
   0.319240725932             0.0  
   0.320517681318             0.0  
    0.32179975953             0.0  
   0.323086960685             0.0  
   0.324379307693             0.0  
   0.325676823708             0.0  
   0.326979532134             0.0  
   0.328287432778             0.0  
   0.329600597068             0.0  
   0.330919001291             0.0  
   0.332242669315             0.0  
   0.333571649902             0.0  
   0.334905918403             0.0  
   0.336245548955             0.0  
   0.337590541904             0.0  
   0.338940897082             0.0  
   0.340296665061             0.0  
   0.341657845854             0.0  
   0.343024491036             0.0  
   0.344396574568             0.0  
   0.345774174887             0.0  
   0.347157265742             0.0  
   0.348545900161             0.0  
   0.349940078147             0.0  
   0.351339826487             0.0  
   0.352745199837             0.0  
   0.354156170793             0.0  
   0.355572794473             0.0  
   0.356995099023             0.0  
   0.358423056085             0.0  
   0.359856750479             0.0  
   0.361296182545             0.0  
   0.362741381197             0.0  
   0.364192346371             0.0  
   0.365649107033             0.0  
   0.367111692529             0.0  
   0.368580162657             0.0  
   0.370054457347             0.0  
   0.371534697329             0.0  
   0.373020821886             0.0  
   0.374512922982             0.0  
   0.376010969812             0.0  
   0.377514993083             0.0  
   0.379025055715             0.0  
   0.380541157981             0.0  
    0.38206333188             0.0  
   0.383591577294             0.0  
   0.385125959166             0.0  
   0.386666444678             0.0  
   0.388213132782             0.0  
   0.389765956915             0.0  
   0.391325051123             0.0  
   0.392890348197             0.0  
   0.394461915901             0.0  
   0.396039754161             0.0  
   0.397623897285             0.0  
   0.399214415358             0.0  
   0.400811273444             0.0  
   0.402414506544             0.0  
   0.404024150177             0.0  
   0.405640240394             0.0  
   0.407262813787             0.0  
   0.408891870496             0.0  
    0.41052744734             0.0  
   0.412169544098             0.0  
   0.413818235712             0.0  
   0.415473484303             0.0  
   0.417135404168             0.0  
   0.418803918566             0.0  
   0.420479143282             0.0  
    0.42216107887             0.0  
   0.423849725244             0.0  
    0.42554512175             0.0  
   0.427247308353             0.0  
   0.428956284932             0.0  
   0.430672091755             0.0  
   0.432394811114             0.0  
   0.434124360447             0.0  
   0.435860864087             0.0  
   0.437604322571             0.0  
   0.439354735776             0.0  
   0.441112145969             0.0  
    0.44287659611             0.0  
   0.444648086107             0.0  
   0.446426703405             0.0  
   0.448212404196             0.0  
   0.450005232208             0.0  
   0.451805277075             0.0  
    0.45361249401             0.0  
   0.455426927892             0.0  
    0.45724867063             0.0  
    0.45907762982             0.0  
    0.46091394446             0.0  
   0.462757615155             0.0  
   0.464608641808             0.0  
   0.466467071771             0.0  
   0.468332953209             0.0  
   0.470206286192             0.0  
   0.472087119393             0.0  
   0.473975452618             0.0  
   0.475871335061             0.0  
   0.477774816778             0.0  
    0.47968594871             0.0  
   0.481604680029             0.0  
   0.483531112768             0.0  
   0.485465247193             0.0  
   0.487407082836             0.0  
    0.48935672447             0.0  
   0.491314119229             0.0  
   0.493279373346   45.4575492667  
   0.495252541446             0.0  
   0.497233514987             0.0  
   0.499222456958             0.0  
   0.501219368051             0.0  
   0.503224248203             0.0  
   0.505237153073             0.0  
   0.507258082401             0.0  
   0.509287092547             0.0  
   0.511324240917             0.0  
   0.513369527656             0.0  
    0.51542301092             0.0  
   0.517484749951   45.5904100585  
   0.519554685619             0.0  
    0.52163287653   90.0220190508  
   0.523719382401             0.0  
   0.525814264075             0.0  
   0.527917521869             0.0  
    0.53002921747   46.8288977064  
   0.532149351069             0.0  
   0.534277922046             0.0  
   0.536415056314             0.0  
   0.538560690453             0.0  
   0.540714952292             0.0  
   0.542877809892   49.8489198775  
   0.545049328073             0.0  
   0.547229506639   50.5647523444  
    0.54941844476             0.0  
   0.551616109283   50.0840971412  
   0.553822566959             0.0  
   0.556037851638             0.0  
   0.558261997412   49.4215776442  
   0.560495073378   98.5626568627  
   0.562737044876    49.479816859  
   0.564987981235   149.660526067  
   0.567247953161   54.9152383823  
   0.569516925098   54.7622740677  
   0.571795004185   153.641199913  
    0.57408219074    250.68517848  
   0.576378520968   304.410242213  
   0.578684031361   351.535933539  
   0.580998758706   52.0742765355  
    0.58332274009   115.829187411  
   0.585656050859             0.0  
   0.587998653113   102.298618569  
   0.590350661093   213.709321375  
   0.592712075199   50.8680929888  
   0.595082894929   106.880537284  
   0.597463237368   53.2621592179  
   0.599853103008    56.239774665  
   0.602252491434   110.836833783  
   0.604661522677   230.639506303  
   0.607080156581   673.705689017  
   0.609508474096   283.191143236  
   0.611946516412   173.790964756  
   0.614394325111             0.0  
   0.616851900062   58.4632222599  
   0.619319282636   56.3984046215  
   0.621796557381   175.961950883  
   0.624283767493   354.942103414  
   0.626780869656    418.53878714  
   0.629287993483   300.592521532  
    0.63180518347   120.241805893  
   0.634332395511   123.301727312  
   0.636869717762   179.333111733  
   0.639417195011   365.641870717  
   0.641974872512    240.44370604  
   0.644542750024   378.345873184  
   0.647120918993   710.659148888  
   0.649709426118   577.596765462  
   0.652308271514   321.851065511  
   0.654917501763   252.913723537  
   0.657537163955    562.47615768  
   0.660167305694    185.76038896  
    0.66280797511   441.128614806  
   0.665459220872   374.721337738  
   0.668121042799    450.27274467  
    0.67079353927   599.899172104  
   0.673476710427   503.481964466  
   0.676170605981   391.139519885  
   0.678875276214   325.205244517  
   0.681590771994   196.529256063  
   0.684317144785   470.255278145  
   0.687054446662   389.744850765  
    0.68980262501   338.260336644  
   0.692561836779   202.236600977  
   0.695332082421             0.0  
   0.698113415263   339.058929885  
   0.700905889283   275.342212006  
   0.703709504325   145.775840937  
   0.706524369631             0.0  
   0.709350429842   68.2968304658  
   0.712187851239   149.365245601  
   0.715036578075             0.0  
   0.717896722797   285.405997842  
   0.720768342898   200.608350213  
   0.723651380715   68.4457670257  
   0.726546009278   135.213420909  
    0.72945217056   136.162014136  
   0.732369981607   70.0063527147  
   0.735299502293             0.0  
   0.738240672671   66.2952402559  
   0.741193612111    74.003387552  
   0.744158442711   223.874010244  
   0.747135042275    226.81699836  
   0.750123594847             0.0  
   0.753124100979   312.627920122  
   0.756136560078   210.469083252  
   0.759161097933   306.630763958  
    0.76219777895    69.283176201  
   0.765246538827    71.681729176  
   0.768307571306   145.267807254  
   0.771380745977   71.9766846716  
   0.774466325285   234.911749639  
   0.777564177525   72.3059105843  
    0.78067443531   71.5845388067  
   0.783797098384   149.221893285  
   0.786932302339             0.0  
   0.790080047785             0.0  
   0.793240334132   244.892609655  
   0.796413299943   71.9012053629  
   0.799598945532             0.0  
   0.802797341314   240.364087314  
   0.806008558748   298.118178018  
   0.809232597891   85.8707557775  
    0.81246953061   301.188521468  
   0.815719429854   463.345326231  
    0.81898229545   248.673429694  
   0.822258200786   233.867234162  
   0.825547220369   228.813392651  
   0.828849429845   230.036124767  
   0.832164829396   321.850116036  
   0.835493495177   331.850265542  
   0.838835426658   155.621713412  
   0.842190778997   298.264231524  
    0.84555955283    843.27377736  
   0.848941827263   565.371855031  
   0.852337602258   588.672453077  
    0.85574695751   236.254998381  
   0.859169892294   397.267745369  
   0.862606569239   89.5305831292  
   0.866056988902   243.349789031  
   0.869521234191   415.807696275  
   0.872999305016   515.726619419  
   0.876491284963    758.03600189  
   0.879997258979   771.091495974  
   0.883517313402   1024.58485959  
   0.887051361841   687.193497819  
    0.89059957708   343.172173361  
   0.894161959174   513.148567248  
   0.897738595996   443.858448287  
   0.901329576884    1076.5123776  
   0.904934902051   520.537214805  
    0.90855457033   193.244524772  
   0.912188855376      287.483456  
    0.91583757419   629.261552235  
   0.919500910695   360.813145452  
    0.92317895905   368.285502132  
   0.926871624892   192.700452553  
   0.930579096884   581.884357479  
   0.934301471767   369.002581531  
   0.938038653215    822.92164654  
   0.941790834809   368.944260728  
   0.945558017068   194.437974656  
   0.949340199073   174.025493326  
   0.953137579495   504.094418324  
   0.956950159285   290.656248501  
   0.960777937946   394.876792306  
   0.964621016469    90.977231642  
   0.968479497641    483.75007562  
   0.972353486075   416.473242858  
    0.97624287733   184.895201936  
   0.980147774721   189.078780769  
   0.984068390582   191.389118663  
   0.988004726545   299.911805074  
   0.991956673874   100.768154224  
   0.995924557853   414.946225586  
    0.99990827019   95.1374102668  
     1.0039079206    99.538709742  
    1.00792350839   307.580158048  
    1.01195514463   196.311238088  
    1.01600305669   695.759241287  
    1.02006701708             0.0  
     1.0241472537    103.63459222  
    1.02824388327   208.059219004  
    1.03235690673             0.0  
    1.03648632346   305.989303431  
    1.04063225109   101.483557102  
    1.04479480945   108.650828782  
    1.04897399887   99.2142880122  
     1.0531698181             0.0  
    1.05738251166   112.033999937  
    1.06161208096   215.982583129  
    1.06585852578   354.972349225  
    1.07012197099   114.847814038  
    1.07440241613   340.627700021  
    1.07870005221   133.708770678  
    1.08301481519   197.158694016  
    1.08734689895             0.0  
    1.09169630414             0.0  
    1.09606302978   327.148578009  
    1.10044734116   238.896016938  
    1.10484910523   107.041874041  
    1.10926852335   210.595696069  
     1.1137055958             0.0  
    1.11816039035   437.265931305  
    1.12263304497   206.677617948  
    1.12712355978   217.719878969  
    1.13163207491   117.398880364  
    1.13615859041   104.949985479  
    1.14070324858   111.092460069  
    1.14526604943   114.113017094  
    1.14984706437   106.883737552  
    1.15444651285   234.215179528  
    1.15906424797   329.569962272  
    1.16370056586   133.425894899  
    1.16835531727   108.744260961  
    1.17302872701   361.730340343  
    1.17772087188   110.460085657  
    1.18243175198   572.391978333  
    1.18716144357    476.02117376  
    1.19191010218   106.525064211  
    1.19667772807   235.034038118  
     1.2014644794   593.274715714  
    1.20627035656    334.24779607  
    1.21109543928   263.942579586  
      1.215939808   229.684196626  
    1.22080354391   352.846416839  
    1.22568681206   347.470343259  
     1.2305895296   129.500222918  
    1.23551186248    619.55006969  
    1.24045389501   473.601176408  
     1.2454157123   373.782669596  
     1.2503974003   348.730375674  
    1.25539895864   740.780964012  
    1.26042056078   240.078923397  
    1.26546229526   354.784433825  
    1.27052416224   413.216947977  
    1.27560624992    638.96573073  
    1.28070864744             0.0  
    1.28583144485   361.900097685  
    1.29097482537   122.715598933  
    1.29613869727   898.247889258  
    1.30132324497   523.726108108  
    1.30652856241    495.33597444  
    1.31175464935   253.374118264  
    1.31700169547   251.407466636  
     1.3222697011   381.476781005  
    1.32755876203   768.283516695  
    1.33286897515   393.268411073  
    1.33820043842   383.839760523  
    1.34355325091   135.365311262  
    1.34892751285    520.44213004  
    1.35432322412   529.091347556  
    1.35974048482   138.619680212  
    1.36517949934   149.586337982  
    1.37064016475   279.599606116  
      1.376122687   269.494724004  
    1.38162727663   407.021055398  
    1.38715372296   136.798748113  
    1.39270234299             0.0  
    1.39827313727   542.145121193  
    1.40386621331   675.332745405  
    1.40948167992    138.40360406  
    1.41511964725   436.727463186  
    1.42078011516   286.467069482  
    1.42646319391   559.294314391  
    1.43216910863   301.283721136  
    1.43789774632   162.985061886  
    1.44364933409   287.337176277  
    1.44942398792   146.031691227  
    1.45522170815    296.55241468  
    1.46104249287   288.098257475  
     1.4668866951    306.82951356  
    1.47275431694   341.287622644  
    1.47864523734             0.0  
    1.48455981683   288.221952723  
    1.49049805659   174.100442745  
    1.49646007942             0.0  
    1.50244588491             0.0  
    1.50845572211   140.297584371  
    1.51448959202             0.0  
    1.52054749331             0.0  
     1.5266296802             0.0  
    1.53273615283   143.425981662  
    1.53886717105             0.0  
    1.54502260448   157.458703421  
    1.55120271558   145.079835013  
    1.55740750452   590.184239478  
    1.56363710436    297.58522352  
    1.56989165006   446.219761085  
    1.57617127854             0.0  
    1.58247599015             0.0  
    1.58880592249   298.546021185  
    1.59516107439   456.963921619  
    1.60154172603   153.925077538  
    1.60794787812   163.244628725  
    1.61437967308   317.865546537  
    1.62083725547   158.991698859  
    1.62732047899             0.0  
    1.63382978091             0.0  
     1.6403651635   300.588574336  
    1.64692662655   164.927996635  
    1.65351431859    344.39592725  
    1.66012839044    157.86579922  
    1.66676884154   155.308821622  
    1.67343597864             0.0  
    1.68012964726   326.992418229  
     1.6868501577   153.805343785  
    1.69359766897   499.351155718  
    1.70037202268   467.624733173  
    1.70717353647   163.688535756  
    1.71400221054             0.0  
    1.72085820633   165.468640434  
    1.72774168785   335.550425957  
    1.73465265526    658.92898842  
    1.74159127391   326.175338115  
    1.74855754262   641.049927263  
    1.75555179861   1131.42719288  
    1.76257404347   962.676375768  
    1.76962427614   325.587413718  
    1.77670284213   998.530994667  
    1.78380956722   328.403643856  
    1.79094480125   502.669370697  
    1.79810872371   1024.18399727  
    1.80530115645   689.310079976  
    1.81252227635   1063.40565428  
    1.81977244648   1044.98040572  
    1.82705148476    694.71820381  
    1.83435957276   686.262048214  
    1.84169708283    1751.8237938  
    1.84906382895   2301.47698743  
    1.85646018835   1408.10446165  
     1.8638859709   901.472115227  
    1.87134155879   1302.87790253  
    1.87882695303   1823.34242729  
    1.88634215182    1091.5554525  
    1.89388754731   2216.15220863  
    1.90146314133   1093.89699552  
    1.90906893284    1495.9946302  
    1.91670532438   1273.28350536  
    1.92437211384    735.85491442  
    1.93206950273   1521.95162585  
    1.93979790433   579.095755273  
    1.94755711267   748.453637179  
    1.95534733522   583.137884113  
    1.96316856994   788.631791736  
    1.97102124165             0.0  
    1.97890535251   1006.38272129  
    1.98682112011    1183.6926362  
    1.99476832565   806.113003365  
    2.00274740602    1228.9353284  
    2.01075836178   411.677186794  
    2.01880141589   833.851988532  
    2.02687656812   1236.41003265  
    2.03498404427   578.863566491  
    2.04312407431   1894.85415514  
    2.05129665965   1023.89998852  
     2.0595017986   402.346567496  
    2.06773972286   759.181178822  
    2.07601066845   1795.98341764  
    2.08431463547   1170.35105139  
    2.09265210542   997.947653525  
    2.10102259513    1005.4053293  
    2.10942658742    1735.5695873  
    2.11786432936   1204.99078195  
    2.12633582256   3350.33164431  
    2.13484131755   2395.85208299  
     2.1433805613   3402.11558147  
    2.15195405802   4010.19962332  
    2.16056193754   2860.78379509  
    2.16920420033   3240.03613916  
    2.17788097479   2639.45053448  
     2.1865925224   2502.14382387  
    2.19533884309    4585.4601398  
    2.20412020221   2837.53250051  
    2.21293673483   3125.99196988  
    2.22178844042    4739.1942976  
    2.23067559034   9881.30742136  
    2.23959832256   8641.38914141  
    2.24855677603   8104.07636341  
    2.25755094977   10553.7782774  
    2.26658112356   13842.8638788  
    2.27564743949   20008.6560376  
    2.28475004076   20721.0515803  
    2.29388907166   19729.9497479  
    2.30306467764   26065.8448327  
    2.31227685738   19654.4111681  
    2.32152605332   20859.7535979  
    2.33081211742   18894.7937435  
    2.34013534778   16833.2995781  
    2.34949589586   17662.9011009  
     2.3588939144    22522.871798  
    2.36832940228   24128.6177736  
    2.37780282395   20413.4937896  
    2.38731402457   19867.9113008  
    2.39686315846   15076.4501563  
    2.40645070173   18161.8472523  
    2.41607649617   18609.7594154  
    2.42574070034   20776.9560442  
    2.43544380238   20533.1395067  
    2.44518547545   16453.0097406  
    2.45496621204   20014.0189602  
    2.46478618067   17322.0291886  
    2.47464521268   12880.3184709  
    2.48454381326   11973.7644912  
    2.49448198371   9025.27859868  
    2.50445989506   12405.0201807  
       2.51447772   15265.5995876  
    2.52453563299   13588.9847361  
    2.53463381022   10427.4390703  
    2.54477242968   9468.07377626  
    2.55495149062   8583.58456324  
    2.56517135243   11295.3182317  
    2.57543201517   9251.20268925  
    2.58573365996   7638.94322632  
    2.59607665626   8347.48861099  
    2.60646100556   6298.21298199  
    2.61688670542   10006.4537059  
    2.62735432224   5916.43000382  
    2.63786366667   6880.88978302  
    2.64841512134   6560.01643677  
    2.65900888157   7094.40155195  
    2.66964494773   8059.10924443  
    2.68032351485   8504.19535584  
    2.69104478018   9481.79409361  
    2.70180894321   6545.36755249  
    2.71261620574   7778.52817478  
    2.72346656674   4808.40890499  
    2.73436043466   8804.41345828  
    2.74529801844   4998.18651621  
     2.7562791092   7601.53671246  
    2.76730433452   10161.7314672  
    2.77837348379   9693.06460375  
    2.78948698116   9193.39919361  
    2.80064482621   8376.37084256  
     2.8118474517   5594.44666914  
    2.82309485907   4866.70073487  
    2.83438726773   8260.87171105  
    2.84572489981    6169.6770699  
    2.85710775442   7223.27688548  
    2.86853605393   6280.61069978  
      2.880010253   9713.80389263  
    2.89153035391   7152.79593566  
    2.90309635457   7232.99974676  
    2.91470895348   6219.78103356  
    2.92636768263   9006.76764222  
    2.93807324851   8624.82720608  
    2.94982541299   7523.46609863  
    2.96162465374   9212.97396619  
    2.97347121472   7334.92647698  
    2.98536509663   8534.13788948  
    2.99730654414   9356.57738569  
    3.00929580525   8555.73674999  
    3.02133287881   2645.00804293  
    3.03341826813   5533.59619449  
    3.04555197494   5608.78727877  
    3.05773425498   4613.56041755  
    3.06996510682   4319.70956446  
    3.08224504996    5831.6424951  
    3.09457408611    5600.7602467  
    3.10695221222   2860.62238904  
    3.11937995887   3673.36812982  
    3.13185759762   4590.92359998  
    3.14438513044   3502.04138087  
    3.15696255453   3831.36929583  
    3.16959041803   2371.97588801  
    3.18226872167   3922.04821568  
    3.19499774367   4531.72820331  
     3.2077777664   4501.03783387  
    3.22060907639   5010.52454934  
    3.23349138593   3924.83492522  
    3.24642526784   7518.67240045  
    3.25941101458   5222.13650426  
    3.27244862677   4199.82196699  
    3.28553839867   4465.25051735  
    3.29868062902   4947.25672709  
    3.31187531768   6338.41770605  
    3.32512276534   1962.35652122  
    3.33842327728   6231.25254207  
    3.35177716355   4037.32958589  
    3.36518411244   4909.11278571  
    3.37864506026   5957.48146942  
    3.39215937671   3773.52466408  
    3.40572801038   7912.49140523  
    3.41935096495   4104.43454822  
    3.43302856495   3053.76354021  
     3.4467604828   6979.33968775  
    3.46054770028    4473.4670612  
    3.47438988975   5497.45848415  
    3.48828738091   4460.43634343  
    3.50224050881   5073.46065332  
    3.51624961393   3909.01073493  
    3.53031435276   5945.05346694  
    3.54443575556   3448.09876102  
    3.55861347905   5951.15577842  
    3.57284786965   6813.66047501  
    3.58713927957   6551.18363226  
    3.60148770802   6148.61679093  
    3.61589387213   5912.76010176  
    3.63035741275   5732.76132107  
    3.64487868866   7021.33252626  
    3.65945843514    2977.1247609  
    3.67409628525   5816.23606041  
     3.6887926074   4781.38885778  
    3.70354777632   7416.26190288  
    3.71836179065   7912.63557186  
    3.73323541447   4191.13008925  
    3.74816826477   4825.86394476  
    3.76316111576   6733.48952728  
    3.77821357615   9206.01342803  
    3.79332643045   7321.64254816  
    3.80849968022   6788.00014319  
    3.82373372567   3870.79342828  
    3.83902856636   5200.93789491  
    3.85438501793   4546.68805347  
    3.86980225926   5678.89436902  
    3.88528152486   7625.14086567  
    3.90082282035   9728.58026032  
    3.91642614544   6843.81204254  
     3.9320919216    9168.0650358  
    3.94782014671   6922.94821243  
    3.96361124722      11629.2727  
     3.9794656573    6224.4760567  
    3.99538381902   6148.38506588  
    4.01136529223   8275.63762346  
    4.02741051384   5841.59463315  
    4.04352038115   9906.84833694  
    4.05969444633   10408.8927114  
    4.07593316003   7669.07813086  
    4.09223698126   8800.83909164  
    4.10860591058   9898.94266145  
    4.12504041299    10371.361179  
    4.14154048768   6420.88003353  
    4.15810660581   6336.72416275  
    4.17473924737   6554.01991592  
     4.1914379294   10673.2027131  
    4.20820361671   9650.42980001  
    4.22503631116   10093.9160587  
    4.24193650599   10968.1786588  
    4.25890420203   9026.42999061  
    4.27593989945   11522.5661745  
    4.29304359811   11396.0577831  
    4.31021606223   7831.12430464  
    4.32745677891   10484.4476131  
    4.34476677871   11139.7346825  
    4.36214580283   10319.2730696  
    4.37959437336   7581.20691862  
    4.39711275511   12624.0209767  
    4.41470121473    9338.9683127  
    4.43236002067    8482.2262533  
    4.45008944329   11688.4928245  
    4.46788975486   10674.9123262  
     4.4857612296   8476.03798487  
     4.5037044243   11285.2515694  
    4.52171905834   9694.85762081  
    4.53980597546   10475.3218573  
    4.55796517761   11900.0489597  
    4.57619723913    13189.305528  
    4.59450186987   9825.91083103  
    4.61287994068   7215.66575575  
    4.63133145335   14284.8647509  
    4.64985670171   15316.9596642  
    4.66845628346   10525.5622794  
    4.68712989672   11340.6665461  
    4.70587844804   14836.6103512  
    4.72470193969   10110.4310912  
    4.74360098925   8567.03050183  
    4.76257528571   15786.7025891  
    4.78162544951   13313.6579563  
    4.80075211388   13283.0486026  
    4.81995496102   15539.1845222  
    4.83923495122   9660.68333514  
    4.85859176224   13080.5694627  
    4.87802637057   11120.8110659  
    4.89753844961   13521.7624558  
     4.9171283236   15768.0621123  
    4.93679699404   11590.6036846  
    4.95654412786   17425.5336561  
    4.97637040127   17255.9163085  
    4.99627581409   8507.45910031  
    5.01626105463   16688.2155628  
    5.03632612401   14863.7216701  
    5.05647136933   15163.1806849  
    5.07669714118   11754.6112944  
    5.09700379373   13950.7748143  
    5.11739204703   14488.4179773  
    5.13786154103   21274.5648425  
    5.15841300039   17986.8460539  
    5.17904679429   14754.8145625  
    5.19976292187   13175.9437564  
    5.22056175127   14656.8945216  
    5.24144403461   17591.5806599  
    5.26240977412   18575.0203615  
    5.28345973627   19780.2029172  
    5.30459353645   16293.6654351  
    5.32581194655   17733.6836282  
    5.34711496429    19024.957447  
     5.3685033765    21773.827061  
    5.38997758533   21385.1043515  
     5.4115375925   16575.0649057  
    5.43318339149   15942.5432371  
    5.45491620212   16365.0559565  
    5.47673603057   18793.1940335  
    5.49864287472    15017.177382  
    5.52063756715   18068.9727443  
    5.54272010896   22406.1626624  
    5.56489092113     18618.05549  
    5.58715042976   21168.6789272  
    5.60949906616   15173.7881372  
    5.63193726694   19383.8460456  
    5.65446458961   21792.2400623  
    5.67708279786   21260.3526287  
    5.69979100731   23626.3289643  
    5.72259010817   17445.4198173  
    5.74548055411   20390.6594339  
    5.76846234429   20349.9914576  
      5.791536397   19140.3278409  
    5.81470224819    18109.675429  
    5.83796129572   20361.3318929  
    5.86131307274   19628.5230425  
    5.88475852542   20309.8375074  
    5.90829717285   16743.0884902  
    5.93193045656   17856.2880128  
    5.95565838363   25438.9050539  
    5.97948095214    23012.755215  
    6.00339864953   18717.6537005  
    6.02741247236    24993.407387  
    6.05152192044    35245.599428  
    6.07572799998   25048.9524993  
    6.10003122573   28259.1909174  
    6.12443108191   22028.5183175  
    6.14892911878   27857.3490797  
    6.17352481846   33395.8695568  
    6.19821869966   23575.3799936  
    6.22301182415   26677.1512678  
    6.24790365848   34200.7395347  
    6.27289527528   25762.2525438  
    6.29798667496   33959.3532889  
    6.32317895437   29133.6589864  
    6.34847156357   29456.4891156  
    6.37386561103   35378.8810142  
    6.39936109829   40431.1750755  
    6.42495858819   28167.6311217  
    6.45065807628   33257.0359267  
    6.47646070858   33896.2199049  
    6.50236648851    31202.720406  
    6.52837599909   28202.1038735  
    6.55448983217   26985.5376122  
    6.58070739056   28867.7717974  
     6.6070304631   27499.4979346  
    6.63345845158   36230.2813467  
    6.65999256893     30084.72519  
    6.68663220164   32631.0217063  
    6.71337857646   32256.0094368  
     6.7402323211   33381.9849678  
    6.76719343966    30814.261096  
    6.79426192596   30576.9522647  
    6.82143905059    23912.799554  
    6.84872481713   27955.8566445  
    6.87611987273   40552.0990763  
    6.90362421565   27927.4396435  
    6.93123849806   29914.3941088  
    6.95896338267   25712.6236945  
    6.98679954287   25467.3444327  
    7.01474698239   32346.5770199  
    7.04280569424   29646.2531394  
    7.07097704376   26395.4029478  
    7.09926103526   29299.9799087  
    7.12765766225   23107.3259964  
    7.15616832394   25909.4401481  
    7.18479302568   30937.4171438  
    7.21353248167   26169.9277014  
    7.24238669254   26018.1315891  
    7.27135637916   28759.6103504  
    7.30044153741   27035.9204953  
    7.32964289499   43902.4048707  
    7.35896194108   38942.2417731  
    7.38839793625   26480.5386068  
    7.41795162807   26468.6711466  
     7.4476230097   26086.7007031  
    7.47741360958   33804.2413679  
    7.50732343484   33087.4965029  
    7.53735248125   40009.7025241  
    7.56750152509   22894.7764688  
     7.5977721547   27795.2511396  
    7.62816277835   21447.3589722  
    7.65867579796   29932.2870773  
    7.68931040992    34092.451263  
    7.72006742165   27463.1046263  
    7.75094765492   30311.3244945  
    7.78195194613    22488.220747  
    7.81307945788   26181.7411745  
    7.84433186727    27258.253471  
    7.87570917764   33159.8102616  
    7.90721224521   36822.6165154  
    7.93884106988   33729.4123344  
    7.97059651818   37479.4536389  
    8.00247858663   28355.2695113  
    8.03448815236   31171.4030256  
    8.06662610855   30685.4671894  
    8.09889336484   33599.0453388  
     8.1312881039    35650.254069  
    8.16381396885   39324.8741386  
    8.19646913217   27453.9238468  
    8.22925450488   38039.8705611  
    8.26217195928   31314.7181369  
     8.2952205599   35499.8358916  
    8.32840124719   32495.9630106  
    8.36171497933   36127.8666673  
    8.39516175769   24449.7735083  
    8.42874255349   31926.5591869  
    8.46245736585   32688.3830569  
     8.4963071794   31891.4612091  
    8.53029299759   31484.0248203  
    8.56441381387   33414.3310818  
    8.59867164433   30483.5540077  
    8.63306597974   40788.7916172  
    8.66759835958    25976.763913  
    8.70226878849   26514.1280584  
    8.73707778582   33156.4464115  
    8.77202587434   31126.3225469  
    8.80711411676   36007.4453715  
    8.84234251506   32701.8091667  
    8.87771214789   32240.8012668  
    8.91322301618   37392.4265095  
    8.94887566111   44031.9268005  
    8.98467118599   34484.7908571  
    9.02061015324   28730.6809835  
    9.05669256222   23068.2188754  
    9.09291897023   46435.9062302  
    9.12929109163   31161.9156566  
    9.16580777681   32884.9584829  
    9.20247133927   44711.3754459  
     9.2392812011   31105.4135754  
    9.27623794181   33432.5317196  
    9.31334334528   29102.1416273  
    9.35059681985   25392.4306529  
    9.38799895942   30020.0783318  
    9.42555097729   30780.3830104  
    9.46325287276    26749.028448  
    9.50110587927   28254.0447786  
    9.53911062623   27315.0057193  
    9.57726711423   39260.8904364  
    9.61557596868   41325.8995479  
    9.65403846516   20831.2600476  
    9.69265460608   31539.7563619  
    9.73142503402   23147.0789096  
    9.77035105768   23655.4595438  
    9.80943201648   21835.8920366  
    9.84866989689   17550.5385258  
    9.88806470579   27309.5683271  
    9.92761711669   19215.5252468  
    9.96732712253   13014.1555517  
    10.0071967787   21165.2229596  
    10.0472253989    24991.757754  
    10.0874143706   302055.187289  
