      wave_micron        flux_mjy  
  0.0154221819325             0.0  
  0.0154783455809             0.0  
   0.015540258413             0.0  
  0.0156024189732             0.0  
  0.0156648289627             0.0  
  0.0157274883885             0.0  
  0.0157903989725             0.0  
   0.015853560715             0.0  
  0.0159169753591             0.0  
  0.0159806428986             0.0  
  0.0160445650983             0.0  
  0.0161087437552             0.0  
  0.0161731788756             0.0  
   0.016237870441             0.0  
  0.0163028221147             0.0  
  0.0163680339168             0.0  
  0.0164335058424             0.0  
  0.0164992397599             0.0  
  0.0165652375728             0.0  
  0.0166314973626             0.0  
   0.016698022957             0.0  
  0.0167648163217             0.0  
  0.0168318755082             0.0  
  0.0168992024628             0.0  
  0.0169667991687             0.0  
  0.0170346676472             0.0  
  0.0171028048591             0.0  
  0.0171712168936             0.0  
  0.0172399017199             0.0  
  0.0173088613934             0.0  
  0.0173780969564             0.0  
  0.0174476083969             0.0  
  0.0175173988859             0.0  
  0.0175874684342             0.0  
  0.0176578192002             0.0  
  0.0177284500972             0.0  
  0.0177993632902             0.0  
  0.0178705609874             0.0  
  0.0179420431955             0.0  
  0.0180138121572             0.0  
  0.0180858667379             0.0  
  0.0181582103376             0.0  
   0.018230842962             0.0  
  0.0183037669249             0.0  
  0.0183769822319             0.0  
  0.0184504900473             0.0  
  0.0185242915451             0.0  
  0.0185983891149             0.0  
  0.0186727827634             0.0  
  0.0187474736943             0.0  
  0.0188224631215             0.0  
  0.0188977535148             0.0  
  0.0189733436286             0.0  
  0.0190492372098             0.0  
  0.0191254342705             0.0  
  0.0192019360793             0.0  
  0.0192787439165             0.0  
  0.0193558590743             0.0  
  0.0194332828569             0.0  
  0.0195110152532             0.0  
  0.0195890602365             0.0  
  0.0196674164828             0.0  
  0.0197460853146             0.0  
  0.0198250694374             0.0  
  0.0199043702325             0.0  
  0.0199839877024             0.0  
  0.0200639232226             0.0  
  0.0201441795976             0.0  
  0.0202247554125             0.0  
  0.0203056549267             0.0  
  0.0203868781584             0.0  
  0.0204684250949             0.0  
  0.0205502986369             0.0  
  0.0206325002631             0.0  
  0.0207150299721             0.0  
  0.0207978907469             0.0  
  0.0208810810743             0.0  
  0.0209646054901             0.0  
  0.0210484640106             0.0  
  0.0211326581768             0.0  
  0.0212171895475             0.0  
  0.0213020581165             0.0  
  0.0213872654403             0.0  
  0.0214728147007             0.0  
  0.0215587059078             0.0  
  0.0216449406729             0.0  
  0.0217315206258             0.0  
  0.0218184474159             0.0  
  0.0219057210389             0.0  
  0.0219933431436             0.0  
  0.0220813170987             0.0  
  0.0221696429202             0.0  
  0.0222583205902             0.0  
  0.0223473535396             0.0  
  0.0224367435202             0.0  
  0.0225264905366             0.0  
  0.0226165963424             0.0  
  0.0227070627134             0.0  
   0.022797891448             0.0  
  0.0228890825408             0.0  
  0.0229806396339             0.0  
  0.0230725608835             0.0  
  0.0231648518352             0.0  
  0.0232575106339             0.0  
  0.0233505410324             0.0  
  0.0234439430362             0.0  
  0.0235377185467             0.0  
  0.0236318694907             0.0  
  0.0237263978211             0.0  
  0.0238213035385             0.0  
  0.0239165886016             0.0  
  0.0240122549961             0.0  
  0.0241083027081             0.0  
  0.0242047378153             0.0  
  0.0243015562579             0.0  
  0.0243987621108             0.0  
   0.024496357451             0.0  
  0.0245943422758             0.0  
  0.0246927207968             0.0  
  0.0247914908945             0.0  
  0.0248906568236             0.0  
  0.0249902185834             0.0  
  0.0250901805246             0.0  
  0.0251905404622             0.0  
  0.0252913027928             0.0  
  0.0253924675203             0.0  
   0.025494039142             0.0  
  0.0255960154078             0.0  
  0.0256983985612             0.0  
  0.0258011932004             0.0  
  0.0259043970131             0.0  
  0.0260080146481             0.0  
    0.02611204611             0.0  
  0.0262164937597             0.0  
  0.0263213599946             0.0  
  0.0264266472488             0.0  
  0.0265323530848             0.0  
   0.026638482369             0.0  
  0.0267450350961             0.0  
  0.0268520162481             0.0  
  0.0269594233237             0.0  
   0.027067261363             0.0  
  0.0271755303777             0.0  
  0.0272842329335             0.0  
  0.0273933690209             0.0  
   0.027502943863             0.0  
  0.0276129548334             0.0  
  0.0277234072187             0.0  
  0.0278343010305             0.0  
  0.0279456389615             0.0  
  0.0280574210034             0.0  
  0.0281696498716             0.0  
  0.0282823283267             0.0  
  0.0283954591745             0.0  
  0.0285090395999             0.0  
  0.0286230752233             0.0  
  0.0287375689239             0.0  
  0.0288525178234             0.0  
  0.0289679276849             0.0  
  0.0290838014637             0.0  
  0.0292001362195             0.0  
  0.0293169348659             0.0  
  0.0294342033877             0.0  
  0.0295519418269             0.0  
  0.0296701471117             0.0  
  0.0297888284028             0.0  
  0.0299079857543             0.0  
  0.0300276160314             0.0  
  0.0301477254602             0.0  
  0.0302683172275             0.0  
  0.0303893913559             0.0  
  0.0305109478221             0.0  
  0.0306329930995             0.0  
  0.0307555239287             0.0  
  0.0308785468721             0.0  
  0.0310020619542             0.0  
  0.0311260691522             0.0  
  0.0312505718008             0.0  
  0.0313755767274             0.0  
  0.0315010770906             0.0  
  0.0316270832193             0.0  
  0.0317535916642             0.0  
  0.0318806059038             0.0  
  0.0320081259079             0.0  
  0.0321361587989             0.0  
  0.0322647046199             0.0  
  0.0323937633655             0.0  
  0.0325233386688             0.0  
  0.0326534305126             0.0  
   0.032784046325             0.0  
  0.0329151823899             0.0  
  0.0330468424368             0.0  
  0.0331790302653             0.0  
  0.0333117458776             0.0  
  0.0334449931253             0.0  
  0.0335787720014             0.0  
  0.0337130864104             0.0  
  0.0338479403317             0.0  
  0.0339833297668             0.0  
   0.034119266773             0.0  
    0.03425574124             0.0  
  0.0343927653635             0.0  
  0.0345303371289             0.0  
  0.0346684564989             0.0  
  0.0348071318312             0.0  
  0.0349463589249             0.0  
  0.0350861462674             0.0  
  0.0352264895855             0.0  
  0.0353673953179             0.0  
  0.0355088656611             0.0  
  0.0356509006117             0.0  
   0.035793504579             0.0  
  0.0359366775568             0.0  
  0.0360804262925             0.0  
  0.0362247462568             0.0  
  0.0363696465556             0.0  
  0.0365151249103             0.0  
  0.0366611859421             0.0  
  0.0368078296413             0.0  
  0.0369550607037             0.0  
  0.0371028815203             0.0  
  0.0372512920825             0.0  
  0.0374002972022             0.0  
  0.0375498993313             0.0  
  0.0377000984646             0.0  
  0.0378508995351             0.0  
  0.0380023025414             0.0  
  0.0381543124999             0.0  
  0.0383069294135             0.0  
  0.0384601558058             0.0  
  0.0386139968225             0.0  
  0.0387684524758             0.0  
   0.038923528001             0.0  
  0.0390792207552             0.0  
  0.0392355386861             0.0  
  0.0393924818217             0.0  
  0.0395500501301             0.0  
  0.0397082517653             0.0  
  0.0398670839996             0.0  
  0.0400265523356             0.0  
   0.040186659577             0.0  
  0.0403474057178             0.0  
  0.0405087935511             0.0  
  0.0406708287828             0.0  
  0.0408335143331             0.0  
  0.0409968472931             0.0  
  0.0411608334584             0.0  
  0.0413254787495             0.0  
  0.0414907802101             0.0  
   0.041656743801             0.0  
  0.0418233695127             0.0  
  0.0419906634194             0.0  
  0.0421586255298             0.0  
   0.042327258912             0.0  
  0.0424965698167             0.0  
  0.0426665551097             0.0  
  0.0428372210879             0.0  
  0.0430085709616             0.0  
  0.0431806047274             0.0  
  0.0433533288696             0.0  
  0.0435267401058             0.0  
  0.0437008482999             0.0  
   0.043875650142             0.0  
  0.0440511522978             0.0  
  0.0442273581705             0.0  
  0.0444042677676             0.0  
  0.0445818844935             0.0  
  0.0447602117949             0.0  
  0.0449392531611             0.0  
  0.0451190085759             0.0  
  0.0452994851091             0.0  
  0.0454806827765             0.0  
  0.0456626087953             0.0  
  0.0458452558873             0.0  
  0.0460286386326             0.0  
  0.0462127533948             0.0  
  0.0463976038551             0.0  
   0.046583193743             0.0  
   0.046769526837             0.0  
   0.046956606966             0.0  
  0.0471444302599             0.0  
  0.0473330082767             0.0  
  0.0475223410627             0.0  
  0.0477124325616             0.0  
  0.0479032787694             0.0  
  0.0480948956441             0.0  
  0.0482872751942             0.0  
  0.0484804213891             0.0  
  0.0486743423835             0.0  
  0.0488690423574             0.0  
  0.0490645171557             0.0  
  0.0492607751063             0.0  
  0.0494578204664             0.0  
  0.0496556489567             0.0  
   0.049854273417             0.0  
  0.0500536895535             0.0  
  0.0502539060659             0.0  
  0.0504549185427             0.0  
  0.0506567402489             0.0  
  0.0508593667607             0.0  
  0.0510628025253             0.0  
  0.0512670566381             0.0  
  0.0514721245518             0.0  
  0.0516780108055             0.0  
  0.0518847246999             0.0  
   0.052092261563             0.0  
  0.0523006307993             0.0  
  0.0525098324223             0.0  
  0.0527198760571             0.0  
  0.0529307520196             0.0  
  0.0531424748511             0.0  
  0.0533550445924             0.0  
  0.0535684662058             0.0  
  0.0537827396889             0.0  
  0.0539978700401             0.0  
  0.0542138623369             0.0  
  0.0544307165721             0.0  
  0.0546484430685             0.0  
  0.0548670366526             0.0  
  0.0550865024807             0.0  
  0.0553068511252             0.0  
  0.0555280772875             0.0  
  0.0557501916691             0.0  
  0.0559731888451             0.0  
  0.0561970851542             0.0  
  0.0564218696252             0.0  
    0.05664755882             0.0  
  0.0568741471904             0.0  
   0.057101645976             0.0  
  0.0573300495008             0.0  
  0.0575593691465             0.0  
  0.0577896107521             0.0  
   0.058020768517             0.0  
   0.058252848197             0.0  
  0.0584858616093             0.0  
  0.0587198028284             0.0  
  0.0589546838262             0.0  
  0.0591905046543             0.0  
  0.0594272652747             0.0  
  0.0596649717642             0.0  
  0.0599036365615             0.0  
  0.0601432471883             0.0  
  0.0603838224564             0.0  
  0.0606253560613             0.0  
  0.0608678607795             0.0  
  0.0611113301733             0.0  
  0.0613557771937             0.0  
  0.0616012018839             0.0  
  0.0618476041939             0.0  
  0.0620949907005             0.0  
  0.0623433748748             0.0  
  0.0625927500343             0.0  
  0.0628431160694             0.0  
  0.0630944935939             0.0  
  0.0633468688088             0.0  
  0.0636002555816             0.0  
  0.0638546539134             0.0  
   0.064110078039             0.0  
  0.0643665136604             0.0  
  0.0646239823258             0.0  
  0.0648824768223             0.0  
  0.0651420117993             0.0  
  0.0654025799059             0.0  
  0.0656641884884             0.0  
  0.0659268450311             0.0  
  0.0661905495202             0.0  
  0.0664553095403             0.0  
  0.0667211328193             0.0  
  0.0669880194077             0.0  
  0.0672559692546             0.0  
   0.067524998104             0.0  
  0.0677950980645             0.0  
  0.0680662770408             0.0  
  0.0683385430896             0.0  
  0.0686118962156             0.0  
   0.068886340455             0.0  
   0.069161888209             0.0  
  0.0694385353599             0.0  
   0.069716290261             0.0  
  0.0699951528868             0.0  
  0.0702751360196             0.0  
   0.070556235388             0.0  
  0.0708384595976             0.0  
  0.0711218130144             0.0  
  0.0714063000362             0.0  
  0.0716919250936             0.0  
    0.07197869265             0.0  
  0.0722666072029             0.0  
  0.0725556732844             0.0  
  0.0728459000873             0.0  
  0.0731372830003             0.0  
  0.0734298312522             0.0  
  0.0737235495201             0.0  
  0.0740184425194             0.0  
  0.0743145198186             0.0  
  0.0746117766219             0.0  
  0.0749102225396             0.0  
  0.0752098624475             0.0  
  0.0755107012636             0.0  
  0.0758127489591             0.0  
  0.0761159955082             0.0  
  0.0764204609911             0.0  
  0.0767261454929             0.0  
  0.0770330489826             0.0  
  0.0773411817395             0.0  
  0.0776505437441             0.0  
  0.0779611454547             0.0  
  0.0782729922069             0.0  
  0.0785860840041             0.0  
  0.0789004261565             0.0  
  0.0792160294956             0.0  
   0.079532894053             0.0  
   0.079851025297             0.0  
  0.0801704287509             0.0  
  0.0804911099934             0.0  
  0.0808130746602             0.0  
  0.0811363284449             0.0  
  0.0814608713158             0.0  
  0.0817867147778             0.0  
  0.0821138647046             0.0  
  0.0824423211076             0.0  
  0.0827720898447             0.0  
   0.083103176837             0.0  
  0.0834355880695             0.0  
  0.0837693295932             0.0  
  0.0841044075257             0.0  
  0.0844408280531             0.0  
  0.0847785911656             0.0  
  0.0851177030393             0.0  
  0.0854581762863             0.0  
  0.0858000109601             0.0  
  0.0861432069836             0.0  
  0.0864877837083             0.0  
   0.086833734686             0.0  
   0.087181066378             0.0  
  0.0875297920005             0.0  
  0.0878799115976             0.0  
  0.0882314318658             0.0  
  0.0885843527423             0.0  
  0.0889386947135             0.0  
  0.0892944509877             0.0  
  0.0896516284288             0.0  
  0.0900102339858             0.0  
  0.0903702746949             0.0  
  0.0907317505044             0.0  
  0.0910946829245             0.0  
  0.0914590575601             0.0  
  0.0918248961623             0.0  
  0.0921921988168             0.0  
  0.0925609654697             0.0  
  0.0929312109813             0.0  
  0.0933029353717             0.0  
  0.0936761461684             0.0  
  0.0940508509988             0.0  
  0.0944270498198             0.0  
  0.0948047581127             0.0  
  0.0951839838158             0.0  
  0.0955647190532             0.0  
  0.0959469715991             0.0  
  0.0963307655121             0.0  
  0.0967160847083             0.0  
  0.0971029535334             0.0  
  0.0974913638291             0.0  
  0.0978813237277             0.0  
  0.0982728498947             0.0  
    0.09866594241             0.0  
   0.099060609758             0.0  
  0.0994568519222             0.0  
  0.0998546774253             0.0  
   0.100254094913             0.0  
   0.100655113158             0.0  
   0.101057732156             0.0  
   0.101461960725             0.0  
   0.101867807811             0.0  
   0.102275282494             0.0  
   0.102684384796             0.0  
   0.103095123848             0.0  
   0.103507499581             0.0  
   0.103921530592             0.0  
   0.104337216941             0.0  
   0.104754568095             0.0  
   0.105173584024             0.0  
   0.105594283976             0.0  
   0.106016658262             0.0  
   0.106440726351             0.0  
   0.106866488265             0.0  
   0.107293953898             0.0  
     0.1077231333             0.0  
   0.108154016287             0.0  
   0.108586633294             0.0  
   0.109020984491             0.0  
   0.109457069886             0.0  
   0.109894899843             0.0  
   0.110334474284             0.0  
   0.110775814355             0.0  
   0.111218920147             0.0  
   0.111663791584             0.0  
   0.112110450329             0.0  
   0.112558885443             0.0  
   0.113009129988             0.0  
   0.113461161814             0.0  
   0.113915003126             0.0  
   0.114370665274             0.0  
   0.114828148301             0.0  
   0.115287463664             0.0  
   0.115748611332             0.0  
   0.116211602869             0.0  
   0.116676450037             0.0  
   0.117143152835             0.0  
   0.117611735198             0.0  
   0.118082173035             0.0  
   0.118554502557             0.0  
   0.119028723913             0.0  
   0.119504837073             0.0  
   0.119982854371             0.0  
   0.120462788359             0.0  
   0.120944639055             0.0  
   0.121428419148             0.0  
   0.121914128591             0.0  
   0.122401793275             0.0  
   0.122891400238             0.0  
   0.123382962455             0.0  
   0.123876493133             0.0  
   0.124372005713             0.0  
   0.124869486696             0.0  
    0.12536896306             0.0  
   0.125870448651             0.0  
   0.126373929725             0.0  
   0.126879419965             0.0  
   0.127386933305             0.0  
   0.127896483936             0.0  
   0.128408071933             0.0  
   0.128921697178             0.0  
   0.129437388564             0.0  
   0.129955146271             0.0  
   0.130474955445             0.0  
   0.130996860392             0.0  
   0.131520846332             0.0  
   0.132046928203             0.0  
   0.132575121227             0.0  
   0.133105425465             0.0  
   0.133637840778             0.0  
   0.134172398206             0.0  
   0.134709082127             0.0  
   0.135247924046             0.0  
   0.135788908058             0.0  
   0.136332066143             0.0  
   0.136877390275             0.0  
   0.137424904887             0.0  
   0.137974601796             0.0  
   0.138526497437             0.0  
   0.139080608566             0.0  
   0.139636926768             0.0  
    0.14019547741             0.0  
   0.140756260558             0.0  
   0.141319284768             0.0  
   0.141884558656             0.0  
   0.142452099745             0.0  
   0.143021908073             0.0  
   0.143593992447             0.0  
   0.144168370799             0.0  
   0.144745043155             0.0  
   0.145324027728             0.0  
   0.145905324541             0.0  
   0.146488942746             0.0  
   0.147074900997             0.0  
   0.147663199313             0.0  
   0.148253847072             0.0  
   0.148846863384             0.0  
   0.149442258012             0.0  
    0.15004002118             0.0  
   0.150640182132             0.0  
   0.151242740914             0.0  
   0.151847717443             0.0  
   0.152455101654             0.0  
   0.153064923769             0.0  
   0.153677183874             0.0  
   0.154291892196             0.0  
   0.154909059057             0.0  
   0.155528694873             0.0  
    0.15615081016             0.0  
   0.156775415535             0.0  
   0.157402521715             0.0  
   0.158032128636             0.0  
   0.158664257937             0.0  
   0.159298909593             0.0  
   0.159936105631             0.0  
   0.160575857307             0.0  
   0.161218153334             0.0  
   0.161863027494             0.0  
    0.16251047988             0.0  
   0.163160521938             0.0  
   0.163813165237             0.0  
   0.164468421468             0.0  
   0.165126290561             0.0  
   0.165786796153             0.0  
   0.166449938238             0.0  
     0.1671157409             0.0  
   0.167784204206             0.0  
   0.168455340333             0.0  
   0.169129161595             0.0  
   0.169805680445             0.0  
   0.170484909475             0.0  
   0.171166848655             0.0  
   0.171851510563             0.0  
   0.172538920896             0.0  
   0.173229066678             0.0  
    0.17392198699             0.0  
   0.174617682033             0.0  
   0.175316151747             0.0  
   0.176017409306             0.0  
   0.176721481655             0.0  
   0.177428368893             0.0  
   0.178138084683             0.0  
   0.178850628912             0.0  
   0.179566043354             0.0  
   0.180284300021             0.0  
   0.181005441147             0.0  
   0.181729466868             0.0  
   0.182456377047             0.0  
   0.183186200516             0.0  
   0.183918952014             0.0  
    0.18465461675             0.0  
   0.185393239096             0.0  
   0.186134819272             0.0  
   0.186879357215             0.0  
    0.18762686792             0.0  
   0.188377382046             0.0  
   0.189130884183             0.0  
   0.189887405278             0.0  
   0.190646961147             0.0  
   0.191409551855             0.0  
   0.192175193269             0.0  
    0.19294388525             0.0  
   0.193715660074             0.0  
   0.194490534275             0.0  
    0.19526849138             0.0  
   0.196049564345             0.0  
   0.196833753116             0.0  
   0.197621091384             0.0  
   0.198411579304             0.0  
   0.199205234028             0.0  
    0.20000205552             0.0  
   0.200802061011             0.0  
   0.201605267985             0.0  
   0.202411694179             0.0  
   0.203221339593             0.0  
    0.20403422206             0.0  
   0.204850359677             0.0  
   0.205669752375             0.0  
   0.206492436937             0.0  
   0.207318413552             0.0  
    0.20814768209             0.0  
   0.208980261139             0.0  
   0.209816188758             0.0  
   0.210655445884             0.0  
   0.211498071008             0.0  
   0.212344064232             0.0  
   0.213193445145             0.0  
   0.214046213675             0.0  
   0.214902409677             0.0  
   0.215762013091             0.0  
    0.21662506424             0.0  
   0.217491563183             0.0  
   0.218361530429             0.0  
   0.219234965867             0.0  
   0.220111911284             0.0  
     0.2209923669             0.0  
   0.221876332607             0.0  
   0.222763829578             0.0  
    0.22365490114             0.0  
   0.224549503758             0.0  
   0.225447702921             0.0  
   0.226349498892             0.0  
   0.227254891597             0.0  
   0.228163925989             0.0  
   0.229076579506             0.0  
   0.229992874618             0.0  
   0.230912857412             0.0  
   0.231836504828             0.0  
   0.232763839934             0.0  
   0.233694909994             0.0  
    0.23462969145             0.0  
   0.235568207999             0.0  
   0.236510483745             0.0  
   0.237456518631             0.0  
   0.238406337007             0.0  
   0.239359963648             0.0  
   0.240317398589             0.0  
   0.241278666869             0.0  
   0.242243793968             0.0  
   0.243212780032             0.0  
   0.244185624836             0.0  
   0.245162353976             0.0  
    0.24614301991             0.0  
   0.247127569931             0.0  
   0.248116083417             0.0  
    0.24910856079             0.0  
   0.250105002093             0.0  
   0.251105406992             0.0  
   0.252109830165             0.0  
   0.253118271822             0.0  
   0.254130759937             0.0  
   0.255147266246             0.0  
   0.256167846992             0.0  
   0.257192531015             0.0  
   0.258221289561             0.0  
   0.259254180438             0.0  
   0.260291203866             0.0  
   0.261332359668             0.0  
   0.262377707278             0.0  
   0.263427216902             0.0  
    0.26448091836             0.0  
   0.265538842033             0.0  
   0.266600987898             0.0  
   0.267667386749             0.0  
   0.268738069965             0.0  
   0.269813006064             0.0  
   0.270892258088             0.0  
   0.271975826221             0.0  
   0.273063742733             0.0  
   0.274156007754             0.0  
   0.275252620997             0.0  
    0.27635363168             0.0  
   0.277459056633             0.0  
    0.27856887898             0.0  
    0.27968316611             0.0  
   0.280801901239             0.0  
   0.281925101253             0.0  
   0.283052800615             0.0  
   0.284185016866             0.0  
   0.285321749936             0.0  
   0.286463035083             0.0  
    0.28760889024             0.0  
   0.288759333475             0.0  
   0.289914364678             0.0  
   0.291074020225             0.0  
   0.292238318604             0.0  
   0.293407278456             0.0  
   0.294580899659             0.0  
   0.295759219764             0.0  
   0.296942257868             0.0  
   0.298130033227             0.0  
   0.299322545737             0.0  
   0.300519834195             0.0  
   0.301721918353             0.0  
   0.302928798139             0.0  
   0.304140513331             0.0  
   0.305357084209             0.0  
    0.30657851075             0.0  
    0.30780483376             0.0  
   0.309036053261             0.0  
   0.310272189784             0.0  
   0.311513285199             0.0  
   0.312759339614             0.0  
   0.314010374147             0.0  
   0.315266410121             0.0  
   0.316527469063             0.0  
   0.317793594723             0.0  
   0.319064765213             0.0  
   0.320341024541             0.0  
   0.321622395105             0.0  
    0.32290887681             0.0  
   0.324200514872             0.0  
   0.325497309296             0.0  
   0.326799306137             0.0  
   0.328106505512             0.0  
   0.329418930686             0.0  
   0.330736605174             0.0  
   0.332059552743             0.0  
   0.333387773198             0.0  
   0.334721339076             0.0  
   0.336060226296             0.0  
   0.337404459096             0.0  
   0.338754086995             0.0  
   0.340109084964             0.0  
   0.341469528289             0.0  
   0.342835417322             0.0  
   0.344206751893             0.0  
    0.34558358336             0.0  
   0.346965911735             0.0  
   0.348353789395             0.0  
   0.349747189896             0.0  
   0.351146192895             0.0  
   0.352550771731             0.0  
   0.353960980257             0.0  
   0.355376818476             0.0  
   0.356798313591             0.0  
   0.358225521107             0.0  
   0.359658413196             0.0  
    0.36109704583             0.0  
   0.362541447593             0.0  
   0.363991589687             0.0  
   0.365447558249             0.0  
   0.366909353625             0.0  
   0.368377005178             0.0  
   0.369850512842             0.0  
   0.371329906034             0.0  
   0.372815214556             0.0  
   0.374306499135             0.0  
   0.375803698768             0.0  
   0.377306936059             0.0  
    0.37881614935             0.0  
   0.380331432033             0.0  
   0.381852752824             0.0  
   0.383380142906             0.0  
    0.38491366618             0.0  
   0.386453322919             0.0  
   0.387999145622             0.0  
   0.389551134167             0.0  
   0.391109354508             0.0  
   0.392673773317             0.0  
   0.394244491082             0.0  
   0.395821440208             0.0  
   0.397404756821             0.0  
   0.398994372669             0.0  
   0.400590356569             0.0  
   0.402192708445             0.0  
    0.40380146314             0.0  
   0.405416691825             0.0  
   0.407038359024             0.0  
    0.40866650028             0.0  
   0.410301151665             0.0  
   0.411942349788             0.0  
   0.413590131812             0.0  
   0.415244497878             0.0  
   0.416905485377             0.0  
   0.418573094084             0.0  
   0.420247400108             0.0  
   0.421928364977             0.0  
   0.423616104768             0.0  
   0.425310541546             0.0  
   0.427011792894             0.0  
   0.428719859375             0.0  
   0.430434740904             0.0  
   0.432156477435             0.0  
   0.433885109556             0.0  
   0.435620637143             0.0  
    0.43736310109             0.0  
   0.439112584969             0.0  
   0.440869004932             0.0  
   0.442632487246             0.0  
   0.444403032456             0.0  
   0.446180640438             0.0  
   0.447965354113             0.0  
   0.449757217111             0.0  
   0.451556229337             0.0  
   0.453362479596             0.0  
   0.455175923398             0.0  
   0.456996605151             0.0  
   0.458824615881             0.0  
   0.460659910107             0.0  
   0.462502533404             0.0  
   0.464352579108             0.0  
    0.46620995338             0.0  
   0.468074797379             0.0  
   0.469947111716             0.0  
   0.471826896298   8.57929587257  
   0.473714199207             0.0  
   0.475609069359             0.0  
   0.477511506824             0.0  
   0.479421561033             0.0  
   0.481339231788             0.0  
   0.483264569046             0.0  
   0.485197623643             0.0  
    0.48713844731             0.0  
    0.48908698843             0.0  
    0.49104335062             0.0  
   0.493007534152             0.0  
   0.494979538549             0.0  
   0.496959470212             0.0  
   0.498947275454             0.0  
    0.50094306216             0.0  
   0.502946885801             0.0  
   0.504958636151             0.0  
   0.506978478729             0.0  
    0.50900641424             0.0  
   0.511042442618             0.0  
   0.513086620388             0.0  
   0.515138947285             0.0  
   0.517199480546             0.0  
   0.519268278468             0.0  
   0.521345341199             0.0  
   0.523430727797   9.57187374582  
   0.525524498426             0.0  
   0.527626593036   10.2901543511  
   0.529737071145             0.0  
   0.531855993396             0.0  
   0.533983421578             0.0  
   0.536119356013             0.0  
   0.538263859347             0.0  
   0.540416931774             0.0  
   0.542578572662             0.0  
   0.544748909884             0.0  
   0.546927879032             0.0  
   0.549115609922             0.0  
   0.551312070118             0.0  
   0.553517325448   10.7687485721  
   0.555731375711             0.0  
   0.557954321622             0.0  
   0.560186129508             0.0  
    0.56242686716             0.0  
   0.564676568953   31.6097946206  
   0.566935269508    10.586219283  
   0.569203038998   20.9323679639  
   0.571479842222   10.4455009771  
   0.573765749586             0.0  
   0.576060832897   32.3257432005  
   0.578365056043   75.7210237677  
   0.580678527832   109.292966793  
   0.583001248583   129.168997116  
   0.585333255065   33.5857984677  
   0.587674584337   32.3465329702  
   0.590025273757   88.4432508401  
   0.592385360989   66.6361980167  
    0.59475492255   21.9419248139  
    0.59713391995   10.9383783061  
   0.599522469205   10.9317013636  
   0.601920570721   24.0195378499  
   0.604328223989   46.1207023593  
   0.606745547913   23.5429704767  
   0.609172542992     34.23818419  
   0.611609208806   68.8951704067  
   0.614055667248   35.7369547605  
   0.616511877542   59.2100756806  
   0.618977921892    106.07838389  
    0.62145384213   58.6987705112  
   0.623939680483   61.3331744949  
    0.62643543682    99.705095741  
   0.628941153152   84.4562162847  
   0.631456915341   133.311435349  
   0.633982767257    49.487999935  
   0.636518664907   96.6591214518  
   0.639064739921    109.92504115  
   0.641621037484   48.5143116947  
   0.644187512807    39.171349316  
   0.646764255413   65.6806524936  
   0.649351310787   27.5187018388  
   0.651948724887    92.913514157  
   0.654556497467   123.109805868  
   0.657174721394   107.500470811  
   0.659803444093   65.0917052367  
    0.66244266568    133.78491178  
   0.665092433462   41.1769196347  
   0.667752795259   40.3218178548  
   0.670423799416   74.0363817656  
    0.67310549481   145.265217728  
   0.675797930866   44.0129752693  
   0.678501107401   28.2086688156  
   0.681215124321   127.314731772  
   0.683939981772   28.3469357539  
   0.686675730236   43.1698353176  
   0.689422420776    70.626812806  
   0.692180105052   89.7769720165  
   0.694948835326   86.8631764971  
   0.697728664482   57.9537292133  
   0.700519539089   60.6503185541  
   0.703321618534    106.50399412  
   0.706134903276   192.401098592  
   0.708959447472   87.7037580035  
   0.711795305937   13.9409050592  
   0.714642478514   152.739217399  
   0.717501076141   123.517826546  
   0.720371042598   62.2829653784  
   0.723252546752   61.2996741165  
   0.726145531988   112.492013024  
   0.729050112501   30.4116251147  
   0.731966346677   42.6379238125  
   0.734894175957   45.3407500851  
   0.737833776058   63.1151207659  
   0.740785088054   106.236112954  
   0.743748230808   62.3590139435  
   0.746723265124             0.0  
   0.749710130124   15.6500368207  
   0.752708947032   17.4266957633  
   0.755719839845   45.9615762815  
   0.758742684465   45.9442346841  
   0.761777667799   48.4725603638  
   0.764824790406   30.0757990388  
   0.767884051683   49.2332184973  
   0.770955579374   79.5151724485  
   0.774039438886   80.4207057296  
   0.777135564917    62.773250348  
    0.78024415422   33.3022401789  
   0.783365074359    52.314478989  
   0.786498591855   45.0394447219  
   0.789644572959   15.5733379892  
   0.792803152342   63.6723139828  
   0.795974329745   31.9465912586  
   0.799158242868   62.2535545877  
   0.802354892328   30.7341412687  
   0.805564277528    82.767977798  
   0.808786539182    47.254971163  
    0.81202167761   63.2025591186  
    0.81526976432   98.8763417571  
   0.818530871882   68.6754538797  
   0.821805000353   64.8069269777  
   0.825092222719   101.556469362  
   0.828392613059   125.984642845  
   0.831706171199   193.653599635  
   0.835032971668   132.675664099  
   0.838373090129   84.7163216955  
   0.841726603405   130.759305182  
   0.845093511678   101.719473817  
   0.848473892288   106.732091717  
   0.851867744698   101.278344768  
   0.855275226474   135.033664755  
   0.858696338263   152.984127779  
     0.8621311604   208.435139126  
   0.865579692848    307.59951333  
   0.869042016538   243.275946536  
   0.872518130734   208.143373987  
   0.876008200591   179.504180432  
   0.879512226677   52.8480491732  
   0.883030293186   127.174578004  
   0.886562400028   106.289556496  
   0.890108632087   72.4720106803  
   0.893669075629   236.556584799  
   0.897243818335   223.197586445  
   0.900832772471   362.681937349  
   0.904436113504   132.968035735  
   0.908053841492   151.285502522  
   0.911686045672   216.871658658  
    0.91533281677    135.09608041  
   0.918994155003   214.983633077  
   0.922670059186   238.176633501  
   0.926360807225   20.1421895311  
   0.930066213277   268.098872707  
   0.933786464124   193.272194808  
   0.937521655387   142.509105636  
   0.941271691238   328.261820627  
    0.94503676327   327.405135099  
   0.948816969728   284.359487208  
   0.952612212787   326.681791335  
   0.956422689039   162.902302357  
    0.96024839901    121.12431241  
   0.964089341764   167.198141231  
   0.967945719061   143.174312623  
   0.971817531867   206.130979239  
   0.975704779678   205.529494371  
   0.979607565052   123.305796546  
   0.983525992373   168.750688415  
    0.98746016788   104.862603459  
    0.99140998551   87.4736429226  
   0.995375550182   42.2949357245  
   0.999357077529   62.2119642307  
    1.00335456921   130.351253747  
     1.0073679148   105.391790364  
    1.01139744463   60.2832239374  
    1.01544304873   67.2753225774  
    1.01950483853   19.3074436327  
    1.02358281331   89.4390047534  
    1.02767708587   113.472865825  
    1.03178788711   43.2294889989  
    1.03591498602   21.6181626861  
    1.04005861403   20.7730767685  
    1.04421888967   41.4967742342  
     1.0483958139   43.8668139031  
    1.05258938609   65.2013900661  
    1.05679972569             0.0  
    1.06102695441   65.5700747771  
    1.06527107257   93.2945403741  
     1.0695320789   66.8650892141  
    1.07381022173    21.376891039  
    1.07810550248   135.071985349  
    1.08241792093   42.1442180397  
    1.08674760389   71.6774423976  
    1.09109455089   20.6569602833  
    1.09545895593   19.8412877726  
    1.09984075394   89.6131908523  
    1.10424014184             0.0  
    1.10865712028   64.9695980704  
    1.11309168825   21.2075253383  
    1.11754411518   93.0100716467  
    1.12201426596   89.8306338889  
    1.12650234506   126.351762245  
    1.13100835277   69.8410542734  
    1.13553235792   94.9708619656  
    1.14007450061             0.0  
    1.14463478098   45.5666851212  
    1.14921334131   67.6987137482  
    1.15381018168             0.0  
    1.15842544658   100.126947744  
    1.16305913603             0.0  
    1.16771132256   47.2784166103  
    1.17238222901   219.050939569  
     1.1770717062   96.3803118121  
    1.18178005487   45.9421300168  
    1.18650712344   46.0408796017  
    1.19125314023   74.8656397633  
    1.19601818322   48.2373177399  
    1.20080225251             0.0  
    1.20560542555   70.5528864272  
     1.2104278603    93.461005758  
    1.21526955699   142.935339234  
    1.22013067626   96.4668202959  
    1.22501121851   97.0469442864  
    1.22991126469   70.3690475711  
    1.23483089651   49.4970499701  
    1.23977019641   75.2245527952  
    1.24472933202    119.42552362  
    1.24970821917   147.474278013  
    1.25470702642   49.2703292169  
    1.25972583937   78.0986136535  
    1.26476474446   50.4851248845  
    1.26982382899   128.622675568  
    1.27490309256   215.696709651  
    1.28000271133   208.956238041  
    1.28512277523   231.769225865  
     1.2902632844   184.207948157  
    1.29542432843   127.595353117  
    1.30060599784   211.309594393  
    1.30580838408   58.0737569249  
     1.3110316732   158.463611424  
    1.31627577206   76.4859692056  
    1.32154086795   284.401782399  
    1.32682705626   269.465316008  
    1.33213433675   187.530029897  
    1.33746290205   26.0995628528  
    1.34281275249   169.644735741  
    1.34818398535   143.149211933  
    1.35357669902   170.835665237  
    1.35899099299   304.823844415  
    1.36442696787   172.770718223  
    1.36988472544    230.83493703  
    1.37536426557   116.147788077  
    1.38086568994    170.05325899  
     1.3863892061    58.731590203  
    1.39193470951   119.753476244  
    1.39750240935   144.005196764  
    1.40309251941   117.998231619  
    1.40870482573   29.5656281706  
    1.41433965025   56.1926322808  
    1.41999699353   150.488160532  
    1.42567696474   63.4101810437  
    1.43137967438   145.892864262  
    1.43710523432   89.9680079605  
    1.44285364441   116.261868562  
    1.44862501663   85.6072742244  
     1.4544195796   60.3786948671  
    1.46023721857   64.9401897245  
    1.46607816418             0.0  
    1.47194253421   184.762085686  
      1.477830329   89.4568741353  
    1.48374154662   188.520368349  
    1.48967654556   92.7309253488  
    1.49563532798   96.9264693836  
    1.50161777091   66.0867687555  
    1.50762424051   94.0549816466  
    1.51365473797             0.0  
    1.51970938801    29.021621605  
    1.52578819019   31.1255150459  
    1.53189139745   31.9879993493  
    1.53801901079   91.9494463039  
    1.54417102887             0.0  
    1.55034770985   155.798455912  
    1.55654905389   125.793135325  
    1.56277532485   93.8575251398  
    1.56902639034             0.0  
    1.57530251691   166.010038327  
    1.58160370472             0.0  
    1.58793008889   126.480604202  
    1.59428180649   93.8514452414  
    1.60065899655   63.2165777379  
    1.60706165945   35.4316076413  
    1.61348993491   64.7598490497  
    1.61994382173   71.3916128381  
    1.62642360449   29.3605442503  
    1.63292928386   35.5456441273  
    1.63946100449             0.0  
     1.6460189132   104.764270433  
     1.6526028614   66.1490082083  
    1.65921329316   67.1542473334  
    1.66585021079   101.857120175  
    1.67251361406   135.910545321  
    1.67920365382   171.887319418  
    1.68592048325   244.826205348  
    1.69266410175    243.87934157  
    1.69943482084   109.039843571  
    1.70623248366   218.771568895  
    1.71305740532   164.832711486  
     1.7199097473   308.987205758  
    1.72678934875   234.298997518  
    1.73369653225    105.49219419  
    1.74063129799   169.312623933  
    1.74759380992   168.694000797  
    1.75458423461   140.047586935  
    1.76160257222   337.357533343  
    1.76864899066   279.528286452  
    1.77572348875    212.34026207  
    1.78282640892   245.783424062  
     1.7899577528   140.972605097  
    1.79711751932   313.061250885  
    1.80430605936   324.777128495  
    1.81152319598   462.128675653  
    1.81876928446   221.390397206  
    1.82604450707   450.420772465  
    1.83334868291   292.771737947  
     1.8406819916   447.226267248  
    1.84804480185   526.372784221  
    1.85543692875   660.056725202  
     1.8628585567     609.4961547  
    1.87031006382   458.334248146  
    1.87779126121   615.203825153  
    1.88530253195    314.30089159  
    1.89284368298   515.513986511  
    1.90041510239   272.746341408  
    1.90801679125    476.75786147  
    1.91564874769   437.067359549  
    1.92331136998    524.89489354  
    1.93100465998   268.867703558  
    1.93872861661   383.294643393  
    1.94648364868   628.365152828  
    1.95426955095   291.529072656  
    1.96208652804   245.432915837  
    1.96993499966   244.286208727  
    1.97781475664   244.845805685  
    1.98572600968   171.756519997  
    1.99366875669   41.1023193157  
    2.00164342911   399.420711052  
    2.00965002913   83.9871634148  
     2.0176887777   256.548608908  
    2.02575945264   345.916007801  
    2.03386249764   216.265895229  
    2.04199791323   290.149336653  
    2.05016592587    272.17346258  
    2.05836653531   294.830743773  
    2.06659997086   456.090467814  
    2.07486646606   328.983736795  
    2.08316602235   259.865706889  
    2.09149863802   371.566335536  
    2.09986454834   211.645775169  
    2.10826399303   336.569980916  
    2.11669697217   999.742719061  
    2.12516397475   706.739003954  
    2.13366451009   749.615377934  
    2.14219906852    844.63179228  
    2.15076790095   579.382011497  
    2.15937100899   899.827870834  
    2.16800864708   713.507866553  
    2.17668055826   1297.39148024  
    2.18538725457   1427.33640877  
    2.19412886786    1579.0243196  
     2.2029053986   1702.15443035  
    2.21171697719   2110.74634966  
    2.22056386918   2254.96190131  
    2.22944607449   2591.98193716  
     2.2383638626   4325.31279586  
    2.24731737067   3595.22229062  
    2.25630659816   4224.21356912  
    2.26533182065   5427.16884915  
    2.27439317825   6137.51500483  
    2.28349081208   5054.21777889  
    2.29262472114    5225.7583894  
    2.30179518955   5230.46126316  
    2.31100236161   5424.67006705  
    2.32024638274   6493.94225691  
    2.32952739949   6216.35291501  
    2.33884555955    6879.8774933  
     2.3482008616   7332.58378298  
    2.35759375493   7627.15884758  
     2.3670240892   9510.84001881  
    2.37649216717   9020.01030116  
    2.38599814264   8191.82278486  
    2.39554217071   7130.40664637  
    2.40512425024   5761.35592356  
    2.41474485293   5514.10052711  
     2.4244038215   6135.47142714  
    2.43410131268   6235.54071509  
    2.44383780997   6100.25915512  
    2.45361315272   5055.65714273  
    2.46342750192   6161.91441437  
    2.47328135334    7619.5270573  
    2.48317437503   4984.48080861  
    2.49310706713   4493.73041706  
     2.5030796008   5154.14095228  
    2.51309180473   4369.86636459  
    2.52314419199   4306.45151388  
    2.53323676388   4159.67176461  
    2.54336969409   3458.36477335  
      2.553543158   5001.09631016  
    2.56375733277   3758.51660138  
    2.57401239734    5179.6312787  
    2.58430853246   3893.38061908  
    2.59464573736   3039.92328708  
    2.60502437702   3403.00839244  
    2.61544445152   3583.20942327  
    2.62590614476   3046.92766604  
    2.63640983195   2558.22808702  
    2.64695551462    3047.7243744  
    2.65754319028   2819.99368063  
    2.66817343412   2582.33296544  
    2.67884605387    3375.7433691  
    2.68956143808   3094.91668356  
    2.70031978513   2502.26815208  
    2.71112109538   2123.86501133  
     2.7219655669   1912.43004523  
    2.73285339999   1899.15234929  
    2.74378479725    2998.5327833  
    2.75475996361   2603.64006205  
    2.76577889803   3093.20766311  
     2.7768420153   2600.55737898  
    2.78794952761   2428.19647178  
    2.79910122283   1780.10978318  
    2.81029773829   2249.32025339  
    2.82153886012   2223.89871601  
    2.83282501905   1811.88745092  
    2.84415621465   2480.44043875  
    2.85553288641   2109.26031118  
     2.8669550358   3102.63334618  
    2.87842288562   1921.50499978  
    2.88993666146    1915.2579538  
    2.90149636242   2467.03261559  
    2.91310221432   1513.06987174  
    2.92475467888   1715.98281907  
    2.93645375843   2811.11039395  
    2.94819945083   2004.32892849  
    2.95999246544   2650.46704814  
    2.97183232698   2084.27755607  
    2.98371975291   2118.14407812  
    2.99565450142   1993.08119588  
    3.00763705757   1662.75917669  
    3.01966766914   1912.15291774  
    3.03174633682   1568.60383659  
     3.0438733091   1304.77821876  
    3.05604883781   1604.12237968  
    3.06827292179   1900.19259863  
    3.08054607218   1613.38907684  
    3.09286829073   1394.53881415  
    3.10523983715   920.154723627  
       3.11766071    888.56092888  
    3.13013143684   958.153490755  
     3.1426520194     1747.076996  
     3.1552224546   1177.89650083  
    3.16784328125   1480.34533532  
    3.18051477514    789.99139128  
    3.19323693827   758.177275558  
    3.20600976777   1150.76005445  
    3.21883382034   1116.05342251  
    3.23170909668   1090.35056598  
    3.24463587936   1538.35274272  
    3.25761445513   1051.15492152  
    3.27064511496   1104.48278665  
    3.28372756669   1264.99712145  
    3.29686239202   934.325748492  
    3.31004988796    804.15676129  
    3.32329005515    984.82757007  
    3.33658319242   845.637381456  
    3.34992960313   464.780750734  
    3.36332928717   743.853534359  
    3.37678254987   1169.60083121  
    3.39028970127   752.621606555  
    3.40385105624   818.675971292  
    3.41746629822   1093.18690389  
    3.43113637807   668.704185579  
    3.44486065569   1114.36570352  
    3.45864009442   1014.94218802  
    3.47247469798   977.700943096  
    3.48636479597   896.560472669  
    3.50031005569   1255.66081597  
    3.51431147419   720.666460243  
    3.52836871873    700.66910309  
    3.54248212415   256.509810882  
    3.55665203068    642.45986253  
    3.57087878411   608.621642206  
    3.58516203559   835.981192909  
    3.59950283138   871.566214209  
    3.61390082286   628.665261364  
    3.62835636186   655.391085567  
    3.64286980603   554.184509874  
    3.65744115459   499.172228695  
     3.6720711358   688.430992315  
    3.68675938494   505.493238305  
    3.70150626634   639.993320683  
    3.71631252674   1037.26878888  
    3.73117779346   810.093475195  
    3.74610244067   706.699408263  
     3.7610868489   938.966413463  
    3.77613101678   855.337599214  
    3.79123572024   1556.68574211  
    3.80640057035   800.499979904  
    3.82162635332   647.554655014  
     3.8369126718     975.5031583  
    3.85226032249   1194.12057688  
    3.86766930695   932.571776111  
    3.88314003164   1027.75943009  
    3.89867249609    1061.0721056  
    3.91426752862   1332.15066996  
    3.92992429535   1331.16988797  
    3.94564404997    859.75324744  
    3.96142679819   1078.31121536  
    3.97727253972   1382.75026668  
    3.99318170256   767.025158924  
    4.00915428459   983.291881406  
    4.02519071885   1236.04283532  
    4.04129144627   1060.91273174  
     4.0574569158   1178.15134542  
    4.07368668043   874.174120125  
    4.08998118387   1164.68764039  
    4.10634133737   1467.96760447  
    4.12276668611   886.637779858  
    4.13925768777   1419.54206048  
     4.1558148085   1931.66583636  
    4.17243804884   798.090061715  
    4.18912788102   1274.51076529  
    4.20588430424   1471.73639769  
    4.22270779694    2124.2650023  
    4.23959884661   1559.41825967  
    4.25655696277   1196.81674611  
    4.27358312521   1360.59411013  
    4.29067733583   796.530107347  
    4.30784009553   1560.51688578  
    4.32507140516   1106.83162424  
    4.34237177264   1395.85074492  
    4.35974119784   1494.39405619  
    4.37718045687   1355.55878917  
    4.39468902883   1260.76222548  
    4.41226796031   1443.93662344  
    4.42991698849   1784.23389397  
    4.44763664356   1674.83902582  
    4.46542719446   1459.04159016  
    4.48328891197   1549.44774291  
    4.50122206872   1037.62972725  
    4.51922693926   793.374574277  
    4.53730380009   1632.04283641  
    4.55545292971   1129.55643141  
    4.57367489354   1636.78620412  
     4.5919694066   772.307784217  
    4.61033732575   1011.31565836  
    4.62877865296   1036.50477593  
     4.6472939715   1501.58582998  
    4.66588298672   1956.75168771  
    4.68454658297   1544.29043448  
     4.7032847621   2730.58923563  
     4.7220978225   1110.88552375  
    4.74098637113   1535.66246224  
    4.75995010145   2318.12866851  
    4.77898993408   1749.68276876  
    4.79810587133   2106.84507842  
    4.81729854038   1116.84274657  
    4.83656762537    1966.4659314  
     4.8559137564   1950.87594671  
    4.87533757653   2275.89083366  
    4.89483876301   1965.85245663  
    4.91441829106    1849.1565744  
    4.93407583344   1555.75933696  
     4.9538123818     2270.864087  
    4.97362760448   2088.26405813  
    4.99352183074   1980.14460235  
    5.01349607765     1434.064273  
    5.03355000696    1897.4797993  
    5.05368430539   2186.74827383  
    5.07389897276   1862.79021664  
    5.09419470807   2215.94009249  
    5.11457151245    2021.3285717  
     5.1350297384   2520.33062607  
    5.15556974197   2005.15073856  
    5.17619188281   2059.38386429  
    5.19689689217   1163.68857091  
    5.21768440439   2352.89294095  
    5.23855515541   2188.60219033  
    5.25950952014   2162.71074812  
    5.28054749769   2591.02166952  
    5.30166946194   2781.08756979  
    5.32287617669   2276.79897661  
     5.3441676442   3002.62601493  
    5.36554464285   1625.48358007  
    5.38700678205    2622.5545945  
    5.40855484569   1689.19184531  
    5.43018883146   2572.13404441  
     5.4519095384   2473.68126419  
    5.47371737491   2525.56862793  
    5.49561234274   1354.53052479  
    5.51759443527    3396.2993672  
    5.53966489128    2836.9394709  
    5.56182371703   2530.73378837  
    5.58407091037    1585.4607615  
    5.60640731682   2761.07068279  
    5.62883293749   2345.20572467  
    5.65134819992   3286.97064787  
    5.67395353681   3156.32822433  
    5.69664938618   2309.14181318  
    5.71943619141   2276.70404124  
    5.74231350316   2787.71440105  
     5.7652831125   2515.48033058  
    5.78834412131   2870.27524475  
    5.81149743365   2933.78807282  
    5.83474351021   2749.85855618  
    5.85808235018   2756.00153175  
    5.88151488606   3225.81737963  
    5.90504064664   2789.12323262  
    5.92866105146   3249.07616157  
    5.95237562645   3997.45429042  
    5.97618533246   3680.67168183  
    6.00008968111   2690.97247216  
    6.02409013633   2545.58153753  
     6.0481867053   3364.70894038  
    6.07237938609    4523.9807681  
     6.0966686737   4596.09419643  
    6.12105558018   4552.59773808  
    6.14553959755   3453.95805954  
    6.17012174768   4060.04867188  
    6.19480255328   3794.77040214  
    6.21958149061   2861.26508729  
    6.24446013397   4191.99162065  
    6.26943795744   4518.28883832  
    6.29451548781   5725.09322399  
    6.31969380334   3325.84282214  
    6.34497236227   4815.14830711  
    6.37035225392   6441.89552756  
    6.39583347869   3774.86370056  
    6.42141715049   4749.63758821  
    6.44710271082   5478.24098644  
    6.47289128537   4719.29459475  
    6.49878287572   5256.65344404  
    6.52477805342   4410.45033864  
      6.550876814   7292.95281309  
    6.57708032125   4724.69557706  
    6.60338857865   5934.09389327  
    6.62980217829   5172.59427226  
     6.6563217212   3895.83078059  
    6.68294660092   4363.58584482  
    6.70967863407   4801.68967127  
    6.73651721316    3692.8127554  
    6.76346356996   3882.48393177  
    6.79051708144   5657.79813648  
    6.81767899338   3625.02924787  
    6.84494994327   4418.92668606  
    6.87232993526   2500.68673799  
    6.89981896307   5674.97441033  
    6.92741831705   4726.46018913  
    6.95512800081    5005.4575119  
    6.98294867158    4036.9473238  
    7.01088032757   4006.26197349  
     7.0389236311   3848.92421131  
    7.06707925516   3668.44443825  
    7.09534788362   4183.68285007  
    7.12372952024   2945.99347294  
    7.15222415796   4404.59814936  
    7.18083318331   3131.65036177  
    7.20955660066    4724.4887281  
    7.23839440342    4773.8842918  
    7.26734801256   2948.01366043  
     7.2964174335   3711.24654357  
    7.32560339154    4536.6478075  
     7.3549058873   4474.87606795  
    7.38432565288   3686.71610496  
    7.41386268406   3550.06133081  
    7.44351771988    2893.3710943  
    7.47329227265   3648.33764648  
    7.50318559143   3302.69179299  
    7.53319843542   5415.09303798  
    7.56333079768    4354.5991152  
    7.59358423039   3219.74462811  
    7.62395874079   3363.87674672  
    7.65445432458   4608.67596492  
    7.68507177011   3101.98015574  
    7.71581269039   3706.93441788  
    7.74667546895   3597.97741905  
    7.77766254505   3241.58985764  
    7.80877310258     3812.742294  
    7.84000796151   4990.12447901  
    7.87136795637   5469.71737188  
    7.90285393657   4621.47769825  
    7.93446505168   4540.20727226  
    7.96620300486   2520.16728908  
    7.99806779953   3752.89187196  
    8.03006030517   3725.13419017  
     8.0621805217   3429.75226718  
    8.09442932911   6146.92007651  
    8.12680672387   3897.14197648  
    8.15931359673   4600.33094828  
    8.19195085476   2997.05439466  
    8.22471942171   3548.72957907  
    8.25761745204   4873.31500404  
    8.29064864545   4172.59843179  
    8.32381114603   5351.87578286  
    8.35710587897   4796.35991181  
    8.39053474565   4423.82349634  
    8.42409679606   3057.63193192  
    8.45779298527   3568.43904532  
    8.49162428634   4209.30775522  
    8.52559070065   3946.80183251  
    8.55969321454   4426.60203226  
    8.59393182709   3438.52831115  
    8.62830753824   4335.99558838  
    8.66282136702   4508.44970813  
    8.69747229125   3880.27215794  
    8.73226235834    2607.6914408  
    8.76719105115   3407.07727564  
    8.80225993308    2595.8918319  
    8.83746900884   4724.60712695  
    8.87281880584   3582.80362698  
    8.90830985498   2885.95706492  
    8.94394323548   5530.37575482  
    8.97971894935   4120.68922197  
      9.015638092   4845.62954687  
    9.05170066437   3097.28799237  
    9.08790721605   3540.49602867  
    9.12425886751   3273.58914696  
    9.16075618987   1850.20531398  
     9.1973991825   4706.20337495  
    9.23418841136   4301.82090692  
    9.27112561745    4574.3897386  
    9.30820963329   3541.39837095  
    9.34544280832   2394.94407192  
    9.38282455567   3188.34772793  
    9.42035546382   4403.53641754  
    9.45803734441   2652.36446991  
    9.49586959654   3628.25973733  
    9.53385282337   5992.47592803  
    9.57198825704   3710.10721451  
    9.61027589683   3692.87560907  
    9.64871699537   2273.95588616  
    9.68731219181   2302.63706586  
    9.72606148678   3272.94688921  
     9.7649655154   3328.42412482  
    9.80402557306   2783.07915146  
    9.84324166221   3209.04467492  
    9.88261443541   5454.14950291  
    9.92214522171   4119.41214985  
    9.96183335024   3690.77748837  
    10.0016808383   3776.11079576  
     10.041687693   2439.68440347  
    10.0818545982   4465.65620134  
    10.1221815468   2674.41098775  
    10.1626706261   3942.48153494  
    10.2033211391   4033.07128536  
    10.2441344948   49848.1267693  
