      wave_micron        flux_mjy  
  0.0156853443263             0.0  
  0.0157424663449             0.0  
  0.0158054356507             0.0  
  0.0158686569118             0.0  
  0.0159321318584             0.0  
  0.0159958604977             0.0  
  0.0160598445808             0.0  
  0.0161240841083             0.0  
  0.0161885808528             0.0  
  0.0162533348082             0.0  
  0.0163183477691             0.0  
  0.0163836215635             0.0  
  0.0164491561976             0.0  
  0.0165149516526             0.0  
  0.0165810116545             0.0  
  0.0166473362235             0.0  
  0.0167139253547             0.0  
  0.0167807809484             0.0  
  0.0168479049407             0.0  
  0.0169152953802             0.0  
  0.0169829561599             0.0  
  0.0170508892791             0.0  
  0.0171190927561             0.0  
  0.0171875685703             0.0  
  0.0172563187389             0.0  
  0.0173253453176             0.0  
  0.0173946452152             0.0  
  0.0174642246251             0.0  
  0.0175340814816             0.0  
  0.0176042178752             0.0  
  0.0176746348662             0.0  
  0.0177453324422             0.0  
  0.0178163138284             0.0  
  0.0178875790356             0.0  
  0.0179591302593             0.0  
   0.018030966394             0.0  
  0.0181030896418             0.0  
  0.0181755022485             0.0  
  0.0182482042211             0.0  
  0.0183211978404             0.0  
  0.0183944819524             0.0  
  0.0184680600153             0.0  
  0.0185419320346             0.0  
  0.0186161003639             0.0  
  0.0186905650087             0.0  
  0.0187653271533             0.0  
  0.0188403879917             0.0  
  0.0189157499541             0.0  
  0.0189914130476             0.0  
  0.0190673784962             0.0  
  0.0191436475346             0.0  
  0.0192202226747             0.0  
  0.0192971026499             0.0  
  0.0193742912707             0.0  
  0.0194517885495             0.0  
  0.0195295957766             0.0  
  0.0196077142543             0.0  
  0.0196861452965             0.0  
  0.0197648902299             0.0  
  0.0198439490432             0.0  
  0.0199233257773             0.0  
  0.0200030190859             0.0  
  0.0200830303139             0.0  
   0.020163362213             0.0  
   0.020244016188             0.0  
  0.0203249922415             0.0  
  0.0204062917725             0.0  
  0.0204879176333             0.0  
  0.0205698683849             0.0  
  0.0206521483595             0.0  
  0.0207347575754             0.0  
  0.0208176960197             0.0  
  0.0209009666426             0.0  
  0.0209845709483             0.0  
   0.021068508935             0.0  
  0.0211527836369             0.0  
  0.0212373935147             0.0  
  0.0213223431819             0.0  
  0.0214076326548             0.0  
  0.0214932635009             0.0  
  0.0215792373054             0.0  
  0.0216655540623             0.0  
  0.0217522153544             0.0  
  0.0218392244177             0.0  
  0.0219265812629             0.0  
  0.0220142875284             0.0  
   0.022102344872             0.0  
  0.0221907549711             0.0  
  0.0222795178215             0.0  
     0.0223686351             0.0  
  0.0224581102329             0.0  
  0.0225479432363             0.0  
  0.0226381340923             0.0  
    0.02272868629             0.0  
  0.0228196016112             0.0  
  0.0229108800607             0.0  
  0.0230025234219             0.0  
  0.0230945335011             0.0  
  0.0231869121271             0.0  
  0.0232796592944             0.0  
  0.0233727787076             0.0  
  0.0234662684912             0.0  
  0.0235601342854             0.0  
  0.0236543742035             0.0  
  0.0237489920624             0.0  
  0.0238439878675             0.0  
  0.0239393635529             0.0  
  0.0240351210781             0.0  
  0.0241312624294             0.0  
  0.0242277876074             0.0  
  0.0243246986042             0.0  
  0.0244219974394             0.0  
  0.0245196840988             0.0  
  0.0246177647639             0.0  
  0.0247162353057             0.0  
  0.0248150998684             0.0  
  0.0249143605646             0.0  
  0.0250140173915             0.0  
  0.0251140746327             0.0  
  0.0252145301323             0.0  
  0.0253153882178             0.0  
  0.0254166488883             0.0  
   0.025518316569             0.0  
  0.0256203890373             0.0  
  0.0257228707652             0.0  
  0.0258257617563             0.0  
  0.0259290665849             0.0  
  0.0260327829623             0.0  
  0.0261369131704             0.0  
  0.0262414618859             0.0  
  0.0263464267569             0.0  
  0.0264518125117             0.0  
  0.0265576191548             0.0  
  0.0266638490876             0.0  
  0.0267705047483             0.0  
  0.0268775886124             0.0  
   0.026985098201             0.0  
  0.0270930384635             0.0  
  0.0272014093945             0.0  
   0.027310216061             0.0  
  0.0274194559189             0.0  
  0.0275291340945             0.0  
  0.0276392505996             0.0  
  0.0277498080437             0.0  
  0.0278608064171             0.0  
  0.0279722510321             0.0  
  0.0280841392175             0.0  
  0.0281964763499             0.0  
  0.0283092624414             0.0  
  0.0284225002304             0.0  
  0.0285361897086             0.0  
  0.0286503336378             0.0  
  0.0287649348254             0.0  
  0.0288799961254             0.0  
  0.0289955146745             0.0  
  0.0291114961891             0.0  
  0.0292279435974             0.0  
  0.0293448539722             0.0  
  0.0294622331746             0.0  
  0.0295800842108             0.0  
  0.0296984040898             0.0  
  0.0298171957753             0.0  
  0.0299364653541             0.0  
   0.030056212869             0.0  
  0.0301764351955             0.0  
   0.030297141651             0.0  
  0.0304183322902             0.0  
   0.030540003925             0.0  
  0.0306621628877             0.0  
  0.0307848124195             0.0  
  0.0309079525434             0.0  
  0.0310315832356             0.0  
    0.03115571108             0.0  
  0.0312803327616             0.0  
  0.0314054549548             0.0  
  0.0315310776845             0.0  
  0.0316572009275             0.0  
  0.0317838280754             0.0  
  0.0319109660721             0.0  
  0.0320386079596             0.0  
  0.0321667642428             0.0  
  0.0322954314137             0.0  
  0.0324246130101             0.0  
  0.0325543090014             0.0  
  0.0326845266313             0.0  
  0.0328152659439             0.0  
  0.0329465269336             0.0  
  0.0330783132954             0.0  
   0.033210625012             0.0  
   0.033343469638             0.0  
  0.0334768433941             0.0  
  0.0336107500733             0.0  
  0.0337451935402             0.0  
   0.033880173797             0.0  
  0.0340156947608             0.0  
  0.0341517564247             0.0  
  0.0342883627599             0.0  
  0.0344255178135             0.0  
  0.0345632175188             0.0  
   0.034701474139             0.0  
  0.0348402773911             0.0  
  0.0349796396789             0.0  
  0.0351195589536             0.0  
   0.035260035177             0.0  
  0.0354010768498             0.0  
  0.0355426796991             0.0  
  0.0356848523573             0.0  
  0.0358275904781             0.0  
  0.0359709006102             0.0  
  0.0361147849876             0.0  
  0.0362592436068             0.0  
  0.0364042809523             0.0  
  0.0365498970178             0.0  
  0.0366960986659             0.0  
  0.0368428812899             0.0  
  0.0369902541514             0.0  
  0.0371382149325             0.0  
  0.0372867683334             0.0  
  0.0374359143444             0.0  
  0.0375856577413             0.0  
  0.0377360009557             0.0  
  0.0378869439793             0.0  
  0.0380384917058             0.0  
  0.0381906466288             0.0  
  0.0383434087434             0.0  
  0.0384967830666             0.0  
   0.038650769597             0.0  
  0.0388053734364             0.0  
   0.038960594588             0.0  
  0.0391164356184             0.0  
  0.0392729017611             0.0  
  0.0394299930284             0.0  
  0.0395877147451             0.0  
  0.0397460642231             0.0  
  0.0399050495458             0.0  
  0.0400646707415             0.0  
   0.040224927778             0.0  
  0.0403858289483             0.0  
  0.0405473714781             0.0  
  0.0407095609641             0.0  
  0.0408724002575             0.0  
  0.0410358893525             0.0  
  0.0412000310899             0.0  
  0.0413648312727             0.0  
  0.0415302928712             0.0  
  0.0416964129266             0.0  
  0.0418631973335             0.0  
  0.0420306521135             0.0  
  0.0421987742598             0.0  
   0.042367569835             0.0  
  0.0425370388292             0.0  
  0.0427071874205             0.0  
  0.0428780156177             0.0  
   0.043049526541             0.0  
  0.0432217265482             0.0  
  0.0433946124512             0.0  
  0.0435681906547             0.0  
  0.0437424644236             0.0  
  0.0439174337544             0.0  
   0.044093105242             0.0  
  0.0442694755483             0.0  
  0.0444465547052             0.0  
  0.0446243393465             0.0  
  0.0448028362515             0.0  
  0.0449820488816             0.0  
  0.0451619772443             0.0  
  0.0453426248022             0.0  
  0.0455239950608             0.0  
   0.045706091569             0.0  
  0.0458889143101             0.0  
  0.0460724704748             0.0  
   0.046256760079             0.0  
   0.046441790463             0.0  
  0.0466275542247             0.0  
  0.0468140661927             0.0  
  0.0470013226687             0.0  
  0.0471893273967             0.0  
  0.0473780841697             0.0  
  0.0475675968309             0.0  
  0.0477578692744             0.0  
  0.0479488975641             0.0  
   0.048140693455             0.0  
  0.0483332569947             0.0  
  0.0485265921937             0.0  
  0.0487206949799             0.0  
  0.0489155815836             0.0  
   0.049111243877             0.0  
   0.049307685897             0.0  
  0.0495049159376             0.0  
  0.0497029382501             0.0  
  0.0499017486086             0.0  
   0.050101355483             0.0  
  0.0503017632032             0.0  
  0.0505029674168             0.0  
  0.0507049811828             0.0  
   0.050907800134             0.0  
  0.0511114331187             0.0  
    0.05131587565             0.0  
  0.0515211412192             0.0  
  0.0517272253272             0.0  
  0.0519341324971             0.0  
  0.0521418719793             0.0  
  0.0523504391491             0.0  
  0.0525598386228             0.0  
  0.0527700798601             0.0  
  0.0529811581091             0.0  
  0.0531930829348             0.0  
   0.053405854351             0.0  
   0.053619482147             0.0  
  0.0538339564734             0.0  
  0.0540492921197             0.0  
  0.0542654891273             0.0  
  0.0544825525434             0.0  
  0.0547004823653             0.0  
  0.0549192836769             0.0  
  0.0551389616421             0.0  
  0.0553595162538             0.0  
  0.0555809580109             0.0  
  0.0558032816516             0.0  
  0.0560264924201             0.0  
  0.0562506010693             0.0  
  0.0564756022102             0.0  
  0.0567015067269             0.0  
  0.0569283091019             0.0  
  0.0571560259525             0.0  
  0.0573846461207             0.0  
  0.0576141864508             0.0  
  0.0578446412999             0.0  
  0.0580760220995             0.0  
  0.0583083230765             0.0  
  0.0585415558071             0.0  
  0.0587757262298             0.0  
  0.0590108284451             0.0  
  0.0592468683068             0.0  
   0.059483857834             0.0  
      0.059721791             0.0  
   0.059960679981             0.0  
  0.0602005248295             0.0  
  0.0604413255067             0.0  
  0.0606830881933             0.0  
  0.0609258255401             0.0  
  0.0611695248559             0.0  
  0.0614142052735             0.0  
  0.0616598603809             0.0  
  0.0619065031726             0.0  
  0.0621541271011             0.0  
  0.0624027453381             0.0  
  0.0626523579279             0.0  
  0.0629029648195             0.0  
  0.0631545727019             0.0  
  0.0634071952761             0.0  
  0.0636608257455             0.0  
  0.0639154639987             0.0  
  0.0641711310012             0.0  
  0.0644278127187             0.0  
  0.0646855232552             0.0  
  0.0649442626117             0.0  
  0.0652040452661             0.0  
  0.0654648566764             0.0  
  0.0657267187584             0.0  
  0.0659896241762             0.0  
  0.0662535878291             0.0  
  0.0665186022408             0.0  
  0.0667846748831             0.0  
  0.0670518133677             0.0  
  0.0673200176808             0.0  
  0.0675892955364             0.0  
  0.0678596547942             0.0  
  0.0681310955057             0.0  
  0.0684036176189             0.0  
  0.0686772371465             0.0  
  0.0689519460626             0.0  
  0.0692277524068             0.0  
  0.0695046643732             0.0  
  0.0697826819665             0.0  
  0.0700618092917             0.0  
  0.0703420589619             0.0  
   0.070623426789             0.0  
  0.0709059212687             0.0  
  0.0711895423753             0.0  
  0.0714743031091             0.0  
  0.0717601991258             0.0  
  0.0720472391778             0.0  
  0.0723354277057             0.0  
  0.0726247691824             0.0  
  0.0729152681139             0.0  
    0.07320692904             0.0  
  0.0734997565348             0.0  
  0.0737937552076             0.0  
  0.0740889344083             0.0  
  0.0743852894469             0.0  
  0.0746828297095             0.0  
  0.0749815599532             0.0  
  0.0752814849739             0.0  
  0.0755826145031             0.0  
  0.0758849436633             0.0  
  0.0761884822289             0.0  
  0.0764932351588             0.0  
  0.0767992074549             0.0  
  0.0771064092587             0.0  
  0.0774148303731             0.0  
  0.0777244912211             0.0  
  0.0780353918892             0.0  
  0.0783475323458             0.0  
  0.0786609230457             0.0  
  0.0789755639691             0.0  
  0.0792914657527             0.0  
   0.079608633823             0.0  
  0.0799270681838             0.0  
  0.0802467742357             0.0  
   0.080567762995             0.0  
  0.0808900344938             0.0  
   0.081213594294             0.0  
  0.0815384480128             0.0  
  0.0818646013243             0.0  
  0.0821920599602             0.0  
  0.0825208297115             0.0  
  0.0828509105458             0.0  
  0.0831823141643             0.0  
   0.083515046541             0.0  
  0.0838491076875             0.0  
  0.0841845035616             0.0  
  0.0845212401854             0.0  
  0.0848593236462             0.0  
   0.085198760098             0.0  
   0.085539555763             0.0  
  0.0858817169328             0.0  
  0.0862252435974             0.0  
  0.0865701420383             0.0  
  0.0869164250829             0.0  
  0.0872640927855             0.0  
  0.0876131450676             0.0  
  0.0879636016111             0.0  
  0.0883154558578             0.0  
   0.088668714379             0.0  
  0.0890233906167             0.0  
  0.0893794846157             0.0  
  0.0897370031866             0.0  
  0.0900959462655             0.0  
  0.0904563346886             0.0  
  0.0908181615483             0.0  
  0.0911814338254             0.0  
  0.0915461585877             0.0  
  0.0919123429913             0.0  
  0.0922799869838             0.0  
  0.0926491124422             0.0  
   0.093019704726             0.0  
  0.0933917859573             0.0  
  0.0937653562234             0.0  
  0.0941404154694             0.0  
  0.0945169788091             0.0  
  0.0948950462631             0.0  
  0.0952746254872             0.0  
  0.0956557242391             0.0  
  0.0960383424748             0.0  
    0.09642249594             0.0  
  0.0968081927081             0.0  
  0.0971954247693             0.0  
    0.09758420003             0.0  
  0.0979745429595             0.0  
  0.0983664371996             0.0  
  0.0987599075112             0.0  
  0.0991549455969             0.0  
  0.0995515597278             0.0  
  0.0999497668536             0.0  
   0.100349567056             0.0  
   0.100750968963             0.0  
    0.10115397256             0.0  
   0.101558586513             0.0  
   0.101964819616             0.0  
   0.102372680792             0.0  
   0.102782170036             0.0  
   0.103193296316             0.0  
   0.103606068731             0.0  
   0.104020496516             0.0  
   0.104436579694             0.0  
   0.104854327552             0.0  
   0.105273740019             0.0  
   0.105694836009             0.0  
   0.106117615583             0.0  
   0.106542088371             0.0  
   0.106968254342             0.0  
    0.10739613307             0.0  
   0.107825714704             0.0  
   0.108257019043             0.0  
   0.108690046111             0.0  
    0.10912480597             0.0  
   0.109561308842             0.0  
   0.109999544368             0.0  
   0.110439543503             0.0  
   0.110881306421             0.0  
   0.111324833128             0.0  
   0.111770134167             0.0  
   0.112217209458             0.0  
   0.112666080506             0.0  
   0.113116747406             0.0  
   0.113569210079             0.0  
    0.11402349056             0.0  
    0.11447957772             0.0  
   0.114937505188             0.0  
   0.115397250435             0.0  
   0.115858836044             0.0  
    0.11632227356             0.0  
   0.116787563027             0.0  
   0.117254716096             0.0  
   0.117723732736             0.0  
   0.118194624709             0.0  
   0.118667403978             0.0  
    0.11914207054             0.0  
   0.119618648741             0.0  
   0.120097114076             0.0  
   0.120577503377             0.0  
   0.121059816793             0.0  
   0.121544054295             0.0  
   0.122030228427             0.0  
   0.122518351955             0.0  
   0.123008424898             0.0  
    0.12350046016             0.0  
   0.123994457695             0.0  
   0.124490443835             0.0  
   0.124988405397             0.0  
   0.125488355577             0.0  
   0.125990307807             0.0  
   0.126494275758             0.0  
   0.127000245701             0.0  
   0.127508245074             0.0  
    0.12801828796             0.0  
   0.128530360378             0.0  
   0.129044476247             0.0  
   0.129560649739             0.0  
   0.130078895284             0.0  
   0.130599212962             0.0  
   0.131121602652             0.0  
   0.131646093737             0.0  
   0.132172686404             0.0  
   0.132701365544             0.0  
   0.133232176219             0.0  
   0.133765103397             0.0  
   0.134300162271             0.0  
   0.134837368321             0.0  
   0.135376721612             0.0  
   0.135918222001             0.0  
   0.136461901057             0.0  
   0.137007742892             0.0  
   0.137555779549             0.0  
   0.138105994852             0.0  
   0.138658421326             0.0  
   0.139213050809             0.0  
   0.139769908149             0.0  
   0.140328985025             0.0  
   0.140890298152             0.0  
   0.141453864571             0.0  
   0.142019675725             0.0  
   0.142587757413             0.0  
   0.143158109703             0.0  
   0.143730741295             0.0  
   0.144305660953             0.0  
     0.1448828865             0.0  
   0.145462417974             0.0  
   0.146044264332             0.0  
   0.146628443812             0.0  
    0.14721495644             0.0  
   0.147803820742             0.0  
   0.148395036739             0.0  
   0.148988613741             0.0  
   0.149584570717             0.0  
    0.15018290769             0.0  
   0.150783634197             0.0  
   0.151386769673             0.0  
   0.151992324049             0.0  
   0.152600287381             0.0  
   0.153210689412             0.0  
    0.15382353019             0.0  
   0.154438829972             0.0  
   0.155056578518             0.0  
    0.15567680657             0.0  
   0.156299514214             0.0  
    0.15692471185             0.0  
   0.157552409977             0.0  
    0.15818261919             0.0  
   0.158815350183             0.0  
   0.159450613755             0.0  
   0.160088420804             0.0  
   0.160728771267             0.0  
   0.161371687153             0.0  
   0.162017168434             0.0  
   0.162665237514             0.0  
   0.163315905841             0.0  
   0.163969161936             0.0  
   0.164625040157             0.0  
   0.165283540598             0.0  
   0.165944674901             0.0  
   0.166608454833             0.0  
   0.167274892283             0.0  
   0.167943987181             0.0  
   0.168615763567             0.0  
   0.169290221434             0.0  
    0.16996738528             0.0  
   0.170647255169             0.0  
   0.171329843488             0.0  
   0.172015162761             0.0  
   0.172703225652             0.0  
   0.173394044972             0.0  
   0.174087620686             0.0  
   0.174783965587             0.0  
   0.175483105814             0.0  
   0.176185028167             0.0  
   0.176889772394             0.0  
   0.177597338699             0.0  
   0.178307727023             0.0  
   0.179020950763             0.0  
   0.179737037323             0.0  
   0.180455986807             0.0  
   0.181177813108             0.0  
   0.181902516113             0.0  
   0.182630138307             0.0  
   0.183360651225             0.0  
   0.184094097823             0.0  
   0.184830478239             0.0  
   0.185569792332             0.0  
   0.186312069427             0.0  
   0.187057324515             0.0  
   0.187805542552             0.0  
   0.188556768668             0.0  
   0.189311003085             0.0  
   0.190068245741             0.0  
   0.190828511884             0.0  
   0.191591832701             0.0  
   0.192358192514             0.0  
     0.1931276228             0.0  
   0.193900139646             0.0  
   0.194675743117             0.0  
    0.19545444935             0.0  
   0.196236258206             0.0  
    0.19702120251             0.0  
   0.197809299078             0.0  
   0.198600531156             0.0  
   0.199394932263             0.0  
   0.200192502344             0.0  
   0.200993275664             0.0  
   0.201797252382             0.0  
   0.202604449942             0.0  
   0.203414868307             0.0  
   0.204228525003             0.0  
    0.20504543781             0.0  
   0.205865624771             0.0  
   0.206689085885             0.0  
   0.207515839287             0.0  
   0.208345903386             0.0  
   0.209179278109             0.0  
   0.210016000869             0.0  
   0.210856071857             0.0  
   0.211699490941             0.0  
   0.212546277026             0.0  
   0.213396468821             0.0  
   0.214250046937             0.0  
   0.215107050522             0.0  
    0.21596747968             0.0  
   0.216831354335             0.0  
   0.217698674411             0.0  
   0.218569480447             0.0  
   0.219443752038             0.0  
   0.220321530195             0.0  
   0.221202814979             0.0  
    0.22208762725             0.0  
   0.222975966893             0.0  
   0.223867876408             0.0  
   0.224763356022             0.0  
    0.22566240562             0.0  
   0.226565046741             0.0  
   0.227471323449             0.0  
   0.228381191466             0.0  
   0.229294717399             0.0  
   0.230211901517             0.0  
   0.231132743741             0.0  
   0.232057289795             0.0  
    0.23298551673             0.0  
   0.233917447399             0.0  
   0.234853128678             0.0  
   0.235792537111             0.0  
   0.236735696159             0.0  
   0.237682653894             0.0  
   0.238633386357             0.0  
   0.239587917649             0.0  
   0.240546272283             0.0  
   0.241508450202             0.0  
   0.242474476173             0.0  
   0.243444375393             0.0  
   0.244418147897             0.0  
   0.245395819152             0.0  
   0.246377415072             0.0  
   0.247362935807             0.0  
   0.248352381126             0.0  
   0.249345777063             0.0  
   0.250343176971             0.0  
   0.251344527244             0.0  
   0.252349908614             0.0  
    0.25335932151             0.0  
   0.254372765977             0.0  
   0.255390241673             0.0  
   0.256411804211             0.0  
   0.257437453804             0.0  
   0.258467218904             0.0  
   0.259501070763             0.0  
   0.260539066586             0.0  
   0.261581235703             0.0  
   0.262627548869             0.0  
   0.263678064881             0.0  
   0.264732783961             0.0  
    0.26579170593             0.0  
   0.266854891235             0.0  
   0.267922309574             0.0  
   0.268993991277             0.0  
   0.270069967242             0.0  
   0.271150237445             0.0  
   0.272234833207             0.0  
   0.273323786442             0.0  
   0.274417065131             0.0  
   0.275514733392             0.0  
   0.276616791411             0.0  
   0.277723272009             0.0  
   0.278834175318             0.0  
   0.279949501047             0.0  
   0.281069299253             0.0  
   0.282193587055             0.0  
   0.283322347287             0.0  
   0.284455648488             0.0  
   0.285593473589             0.0  
   0.286735839763             0.0  
    0.28788278206             0.0  
   0.289034318324             0.0  
    0.29019044848             0.0  
    0.29135120839             0.0  
   0.292516616291             0.0  
   0.293686690561             0.0  
   0.294861431089             0.0  
   0.296040874868             0.0  
   0.297225040705             0.0  
   0.298413947558             0.0  
   0.299607595302             0.0  
    0.30080602213             0.0  
   0.302009247464             0.0  
    0.30321729089             0.0  
     0.3044301523             0.0  
   0.305647871155             0.0  
   0.306870467543             0.0  
   0.308097941391             0.0  
   0.309330333157             0.0  
   0.310567663464             0.0  
   0.311809932292             0.0  
   0.313057181141             0.0  
   0.314309410034             0.0  
   0.315566639853             0.0  
   0.316828913182             0.0  
   0.318096230131             0.0  
   0.319368612178             0.0  
   0.320646081009             0.0  
   0.321928658521             0.0  
   0.323216389208             0.0  
   0.324509250809             0.0  
   0.325807288084             0.0  
   0.327110523813             0.0  
   0.328418957898             0.0  
   0.329732636328             0.0  
   0.331051559108             0.0  
   0.332375773078             0.0  
   0.333705278357             0.0  
   0.335040098608             0.0  
   0.336380257747             0.0  
   0.337725779946             0.0  
   0.339076665006             0.0  
   0.340432986705             0.0  
   0.341794720546             0.0  
   0.343161891185             0.0  
   0.344534548985             0.0  
   0.345912668488             0.0  
   0.347296326266             0.0  
   0.348685522677             0.0  
   0.350080257549             0.0  
   0.351480583114             0.0  
   0.352886499387             0.0  
   0.354298059636             0.0  
   0.355715236968             0.0  
   0.357138112398             0.0  
   0.358566658811             0.0  
   0.360000930978             0.0  
   0.361440928903             0.0  
   0.362886680252             0.0  
   0.364338241478             0.0  
   0.365795584278             0.0  
   0.367258765579             0.0  
   0.368727814453             0.0  
   0.370202701609             0.0  
   0.371683514657             0.0  
   0.373170253946             0.0  
   0.374662949342             0.0  
   0.376161600777             0.0  
   0.377666238169             0.0  
    0.37917689183             0.0  
   0.380693623523             0.0  
   0.382216371204             0.0  
   0.383745259568             0.0  
   0.385280225907             0.0  
   0.386821365205             0.0  
   0.388368645644             0.0  
   0.389922098941             0.0  
   0.391481790084             0.0  
   0.393047719354             0.0  
   0.394619919803             0.0  
   0.396198391308             0.0  
   0.397783200948             0.0  
   0.399374314825             0.0  
   0.400971835143             0.0  
   0.402575693153             0.0  
   0.404186027304             0.0  
    0.40580276818             0.0  
   0.407425985771             0.0  
   0.409055680001             0.0  
   0.410691886307             0.0  
   0.412334677075             0.0  
   0.413984016222             0.0  
   0.415639939898             0.0  
   0.417302484792             0.0  
   0.418971688138             0.0  
    0.42064758773             0.0  
   0.422330183714             0.0  
   0.424019514119             0.0  
   0.425715578715             0.0  
    0.42741845491             0.0  
   0.429128103577             0.0  
   0.430844642772             0.0  
   0.432567993229             0.0  
   0.434298274541             0.0  
   0.436035487278             0.0  
   0.437779631355             0.0  
   0.439530747406             0.0  
   0.441288876713             0.0  
   0.443054019149             0.0  
   0.444826216307             0.0  
   0.446605553183             0.0  
   0.448391944501             0.0  
   0.450185518681             0.0  
   0.451986276277             0.0  
   0.453794217163             0.0  
   0.455609384994             0.0  
   0.457431824142             0.0  
   0.459261534513             0.0  
   0.461098606424             0.0  
   0.462942994629             0.0  
   0.464794744293             0.0  
   0.466653947995             0.0  
   0.468520559477             0.0  
   0.470394625092             0.0  
    0.47227623977             0.0  
   0.474165308069             0.0  
   0.476061973558             0.0  
   0.477966236859             0.0  
   0.479878097875             0.0  
    0.48179760551             0.0  
   0.483724809516             0.0  
   0.485659709962             0.0  
   0.487602357123             0.0  
   0.489552750798             0.0  
   0.491510941797             0.0  
   0.493476981822             0.0  
   0.495450923487             0.0  
   0.497432714296             0.0  
   0.499422459632             0.0  
   0.501420159773   3.19750780345  
   0.503425814233             0.0  
    0.50543953123             0.0  
   0.507461256159             0.0  
   0.509491098746             0.0  
   0.511529115411             0.0  
   0.513575194045             0.0  
   0.515629502992             0.0  
   0.517692042968             0.0  
   0.519762813907             0.0  
   0.521841873299             0.0  
   0.523929220874             0.0  
   0.526024914845             0.0  
   0.528129014504             0.0  
   0.530241520001   3.26554787556  
   0.532362491404     3.619931271  
   0.534491989902             0.0  
    0.53662995442             0.0  
   0.538776445492             0.0  
   0.540931524796   3.33077830467  
   0.543095255176             0.0  
   0.545267636958             0.0  
   0.547448733858             0.0  
   0.549638546073             0.0  
    0.55183707296             0.0  
   0.554044444575   3.64561748213  
    0.55626059541   3.63876845672  
   0.558485657495             0.0  
   0.560719597844   3.45353217493  
   0.562962483405             0.0  
   0.565214313975             0.0  
   0.567475191987             0.0  
   0.569745083194             0.0  
   0.572024056544   7.42975020665  
   0.574312146998   3.57392445285  
   0.576609389767             0.0  
   0.578915856223   3.60246391821  
   0.581231510563   3.58187592266  
   0.583556424395   7.24852884023  
   0.585890670752   7.24554947294  
   0.588234212906   7.74079170147  
   0.590587161519             0.0  
   0.592949516918   11.4725686462  
   0.595321316499   7.43453942688  
   0.597702597952   15.0415577852  
   0.600093399275   26.2526330694  
   0.602493758773   11.1976341441  
   0.604903754268   7.72397039189  
   0.607323346614   7.53976835376  
   0.609752653807   15.1662737768  
    0.61219167626   8.00115453884  
   0.614640413456   8.00824318771  
   0.617098986326   7.92976465118  
   0.619567395379    16.084477013  
   0.622045640186   19.6082332682  
   0.624533844723   15.9650368864  
   0.627031967515   7.70322888554  
   0.629540092171   12.2394794996  
   0.632058261237   8.34866431641  
   0.634586517658   20.5722924923  
   0.637124861303   16.8913598946  
   0.639673334899   16.3359868286  
   0.642232025774   8.41133386063  
   0.644800978545   25.3588832697  
   0.647380148471   43.2059763997  
   0.649969669425   35.3297798472  
   0.652569587365   22.0514258064  
   0.655179856736    25.459020339  
   0.657800568591   17.6685002003  
   0.660431769189   26.4637038354  
   0.663073505274   58.9927856247  
   0.665725776595   62.9796453747  
   0.668388677604    31.977096192  
   0.671062256533    40.912244953  
   0.673746513503   59.1313010975  
   0.676441496628   22.6896113556  
   0.679147254542   31.3815811434  
   0.681863836416   32.2234083731  
   0.684591291962   19.3218091375  
   0.687329671447   4.51377862163  
   0.690078974684   14.2566540826  
   0.692839303287   29.3863266536  
   0.695610657402             0.0  
   0.698393088372   9.55023351869  
   0.701186648134   9.27334269102  
   0.703991389227   19.2774934458  
   0.706807364806   13.6744664068  
   0.709634628657   14.1342758074  
   0.712473126437   4.64519922976  
   0.715323020253   9.69167234936  
   0.718184310573   10.2650622678  
   0.721057052476   20.2867224537  
   0.723941301714   10.1752818804  
   0.726837058126   25.9536567853  
   0.729744434544    5.1832094834  
    0.73266337379   21.6135761913  
   0.735594047609    10.335447574  
   0.738536398423   15.3282094338  
   0.741490542374   5.80138804591  
   0.744456538845   21.5774847004  
   0.747434328278   11.0032564947  
   0.750424089387    14.933633783  
   0.753425762242   16.7181023758  
   0.756439467734   11.1841523144  
   0.759465267704   27.3646770036  
   0.762503100235   20.9327709699  
   0.765553088621    20.750218878  
   0.768615358973   10.4368080421  
   0.771689785078   4.92284517908  
   0.774776557029   10.5311917092  
   0.777875675396   17.1201585108  
   0.780987139566   21.1541242228  
   0.784111079464   21.1382148395  
   0.787247561611   33.3222189163  
   0.790396519592   16.8582244708  
   0.793558153516   20.9854618523  
   0.796732328688   16.7946683458  
   0.799919316178   17.6363378806  
   0.803118979953   21.3713506504  
   0.806331456982   11.6348200263  
   0.809556747003   10.6460480069  
   0.812794990065   15.1117205884  
   0.816046186795    21.917447255  
   0.819310336587   5.01942820564  
   0.822587582554   27.5604686777  
   0.825877925024   11.6001771763  
   0.829181436724   21.9832948741  
   0.832498191461      18.2605235  
   0.835828189296   10.5858655136  
   0.839171504458   22.3573275672  
   0.842528212291   10.9558450709  
   0.845898312618   20.9701698179  
   0.849281881239    56.510569208  
   0.852678995109   21.9403894595  
   0.856089732362   34.8761982913  
   0.859514093183   11.0291800471  
   0.862952156231   23.4548788513  
    0.86640392096   46.3077838671  
   0.869869547625   23.8769609586  
   0.873349036885   51.2273869549  
   0.876842470444   28.7774041171  
   0.880349848266   76.6265862812  
    0.88387125266   71.0064001668  
   0.887406682882   42.1659648615  
   0.890956306903   70.8848792395  
   0.894520125299   59.9517640565  
   0.898098223703   55.3829197028  
   0.901690602022   18.3880295003  
    0.90529734659   56.6034557566  
   0.908918545144   31.9756886329  
   0.912554286861   70.0124824993  
    0.91620448251     95.70951952  
   0.919869310553   51.6501388278  
   0.923548771048   96.6039812944  
   0.927242954756   72.9518259097  
   0.930951953949   40.0500415784  
    0.93467576885   53.0603454762  
   0.938414398252   25.5017846855  
   0.942168124804   33.9273576236  
   0.945936759492   97.6729527941  
   0.949720492285   93.7047758526  
   0.953519420436   62.4411598973  
   0.957333446481   67.6171288194  
   0.961162765282   134.998609862  
   0.965007476762   59.9041681075  
   0.968867481426   53.3934980965  
    0.97274297922   20.7903184156  
   0.976633970679     40.07255608  
   0.980540454853   6.63193636311  
   0.984462636942   14.0983395215  
   0.988400517931   7.45313587128  
   0.992354097304   41.0181784116  
   0.996323479373   14.5527541878  
     1.0003087703   28.4121239839  
    1.00431007814   20.4925463597  
    1.00832729502   14.9418440619  
    1.01236052764   7.50959487446  
    1.01640999533   21.1697169428  
    1.02047569976   6.75865565059  
    1.02455752863   22.5790957948  
    1.02865581791   21.3198307819  
    1.03277045575   23.0544207534  
    1.03690155548             0.0  
    1.04104911636   6.59647406361  
    1.04521325314             0.0  
    1.04939420063    22.596571572  
    1.05359172389    28.905390578  
    1.05780605831   14.8222344586  
    1.06203732443   7.14336161861  
    1.06628552323   29.3749219395  
    1.07055065407   7.93983327606  
    1.07483283844   15.2817956653  
    1.07913220012   7.91362411774  
    1.08344873944             0.0  
     1.0877824551   29.6081573264  
    1.09213359969   22.7874194685  
    1.09650217463   7.38759266087  
     1.1008881797   23.6915214895  
     1.1052917439     15.71609334  
    1.10971286672   8.30758665551  
    1.11415174547   22.2795679322  
      1.118608314   8.56869711702  
    1.12308277256   15.0326642529  
    1.12757512183   14.6947740016  
    1.13208536077   7.54788702931  
    1.13661376343    17.839431177  
    1.14116019235             0.0  
    1.14572485554   8.21962342938  
    1.15030775326   7.54782023575  
    1.15490895553   7.45224417307  
    1.15952860483   7.76279207326  
    1.16416670132   32.6367856059  
     1.1688233897   7.62593420529  
    1.17349867003   8.61679586535  
     1.1781926893   32.5548177123  
    1.18290544752   8.48744318499  
    1.18763701844   24.1334092337  
    1.19238762871   25.8348241467  
    1.19715712662   7.81847548556  
    1.20194581802   8.49174472364  
    1.20675354877   8.65832416955  
    1.21158055106   42.4334391092  
    1.21642690421   26.3091144207  
    1.22129260833             0.0  
    1.22617774218   32.8182031248  
    1.23108246641   33.2205660648  
    1.23600678128   31.4286583665  
    1.24095085014   18.2419967872  
    1.24591467342   41.6992015988  
    1.25089833345    26.598390618  
    1.25590191332   25.8302731462  
    1.26092549688   33.8504992484  
    1.26596925462   68.8665822282  
    1.27103310096    16.488238137  
    1.27611720729   65.9466879615  
    1.28122166071   58.3786207396  
    1.28634654912   25.6872426725  
     1.2914919613   43.4139320474  
    1.29665789685   44.0805739725  
    1.30184453495   33.0193088018  
    1.30705196705   17.3712011447  
    1.31228019329   17.2243951538  
     1.3175293048   46.0401058471  
    1.32279939364   37.0874985361  
    1.32809055282   71.2461310852  
    1.33340297157   44.0344771557  
    1.33873655515   53.6118961469  
    1.34409149405   21.1753929187  
    1.34946788529   55.9020615649  
    1.35486572862   28.5512450415  
    1.36028521997   30.0582259149  
    1.36572635965   18.5257143777  
    1.37118924663   102.620309878  
    1.37667398097   27.2884670809  
    1.38218066385   49.0560851184  
     1.3877093976   70.5361822659  
    1.39326028573   20.0120422985  
    1.39883332813   48.8715590534  
    1.40442862818   41.6813400156  
    1.41004639701   103.678022485  
    1.41568652828   29.7841415907  
    1.42134923472   30.8002719864  
     1.4270347338             0.0  
    1.43274280789   41.3720220564  
    1.43847378442   42.0768424662  
    1.44422766398   39.7423998547  
    1.45000455759   30.5814582911  
    1.45580457763   31.5853043128  
    1.46162783788   85.0649556214  
     1.4674743382   19.6555920559  
    1.47334419247   52.4138989024  
    1.47923763322             0.0  
    1.48515454374    20.636022868  
    1.49109515859   20.0371593924  
    1.49705959758   41.8819577195  
    1.50304786104   11.6497986084  
    1.50905994702    34.421687566  
    1.51509622013   11.0552621436  
    1.52115668254   10.2492907653  
    1.52724120921   21.5748217148  
    1.53335017254   32.1168374833  
    1.53948357374             0.0  
    1.54564153965   11.1661912576  
    1.55182406983   20.2522783362  
    1.55803142154             0.0  
    1.56426359579             0.0  
    1.57052059122    21.122186162  
     1.5768026704   10.0191799686  
    1.58310983348   44.8311557602  
    1.58944234883   10.9166037354  
    1.59580008182   33.9940391752  
    1.60218330351   21.0318746718  
    1.60859201408   10.6371603624  
    1.61502635096             0.0  
    1.62148645356   31.6680549901  
    1.62797246329   10.8099503688  
    1.63448438051   20.8749500971  
    1.64102234735   10.7999850632  
    1.64758636258   22.0625221998  
    1.65417671562   71.8169150163  
    1.66079340718   21.6859773213  
    1.66743658437             0.0  
     1.6741063965   12.4874096355  
    1.68080269246   22.0269332672  
    1.68752592389   34.0973303233  
    1.69427609314             0.0  
    1.70105319998     57.09322251  
    1.70785739784   69.3357471345  
    1.71468884249   81.4049340446  
    1.72154753335   10.8600541476  
    1.72843378724   22.6415698158  
    1.73534744462   35.8340186081  
    1.74228882598   24.8035046157  
    1.74925809556   72.2945843329  
    1.75625508976   68.3764382601  
    1.76328013667   58.3800820837  
    1.77033323648   48.1104368981  
    1.77741455594   105.052905733  
    1.78452426446   35.1974429373  
     1.7916623622   34.9859887974  
    1.79882901993   11.6691777437  
    1.80602423647   72.4086583066  
    1.81324836008   61.0671944068  
    1.82050139242   75.3257175483  
     1.8277833324   106.786890207  
    1.83509453688   85.7784044215  
    1.84243482592   84.3696037575  
    1.84980456084   123.592116553  
    1.85720392704   74.1544744697  
    1.86463274053   111.592660668  
    1.87209118398   61.3473378108  
     1.8795796324   113.978589994  
    1.88709789773    88.423171943  
    1.89464616751   89.4010096072  
    1.90222482632   208.738922946  
    1.90983368203   143.814305239  
    1.91747312426   118.760562069  
    1.92514295664   38.8969245323  
    1.93284357391   79.4679526277  
    1.94057497714    94.103519887  
    1.94833716444   93.7774190639  
    1.95613054087   137.576204494  
     1.9639551083     151.6775079  
    1.97181086567     126.5215442  
    1.97969822875   99.1385417171  
    1.98761698878   111.571054777  
     1.9955673539   160.468978228  
    2.00354975096   141.198045297  
    2.01156396724   14.5844574691  
    2.01961021701   57.5411506723  
    2.02768849818   97.3459238313  
    2.03579924952   101.957408072  
    2.04394247327   102.340657283  
    2.05211839415   56.9038108365  
    2.06032678619   139.859005951  
    2.06856810064   104.720060221  
    2.07684233806   56.7059608146  
    2.08514972876   30.7735178573  
    2.09349027249   55.5660188447  
    2.10186420246   87.1716998355  
    2.11027175621   117.240154554  
    2.11871293521   156.700711889  
     2.1271877377   95.4509281238  
    2.13569640299   97.3894871548  
    2.14423917486   85.5228390625  
    2.15281605342   95.9731572675  
    2.16142753599   140.941880795  
    2.17007312352   137.708141945  
     2.1787533147   114.049457078  
    2.18746836472   171.206541621  
    2.19621827524   182.883681501  
    2.20500330503   242.807014703  
    2.21382319273   144.909937727  
    2.22267845914   288.712399248  
    2.23156923834    322.90197718  
    2.24049553083    544.15364259  
    2.24945746922   394.081882357  
    2.25845532359   409.207568673  
    2.26748909386    449.19291479  
     2.2765590541   568.270655505  
    2.28566534384   649.243541512  
     2.2948079625   962.679808436  
    2.30398719039   681.008817348  
    2.31320316998   782.927617309  
    2.32245604483   897.980541406  
    2.33174581389   1415.57885947  
    2.34107276615   1499.70234879  
    2.35043704837   1454.02183235  
    2.35983880845   1908.98992443  
    2.36927819543   1370.99219609  
    2.37875535953    1827.6933766  
    2.38827029941    1806.4090259  
    2.39782347203   2192.37666332  
    2.40741472448   2363.36493305  
    2.41704436467   2829.10196327  
    2.42671254905   2578.24368156  
    2.43641943535   2693.24763818  
    2.44616502242   2529.76001485  
       2.45594979   1995.51887835  
    2.46577357813   1144.39372888  
    2.47563654622   1532.42087319  
    2.48553918601   1869.12908913  
    2.49548133412   1557.38251069  
    2.50546315429   1744.98813122  
    2.51548515073   2034.76876086  
    2.52554698583   2112.58087931  
    2.53564916829   1763.48956844  
    2.54579187216   1305.78591112  
    2.55597492322   1393.62021156  
     2.5661988433   1429.95866764  
    2.57646363371   981.025722222  
    2.58676947111   1072.64124972  
    2.59711653388   1065.36453496  
    2.60750500219   1075.67788131  
    2.61793505804    1171.1702706  
    2.62840688526   920.383321857  
    2.63892048307   830.624182482  
    2.64947622269   1153.67208283  
    2.66007410417   834.069258199  
    2.67071431458   859.987402742  
    2.68139723552   977.830849587  
    2.69212286854    728.48613452  
    2.70289121112    576.10862915  
    2.71370284826   706.646893252  
     2.7245575844   762.578538448  
    2.73545581473   817.898015931  
    2.74639774102   876.225975037  
    2.75738336362   761.929901242  
    2.76841288399   811.002995482  
    2.77948650585   581.177160104  
    2.79060443525   642.054981538  
    2.80176688064   467.675594462  
    2.81297384093   620.322144562  
    2.82422573799   646.248004073  
    2.83552278766   684.975416867  
    2.84686477416   980.619200343  
    2.85825234572   777.661575493  
     2.8696852848   502.835986551  
    2.88116402948   609.521175289  
    2.89268857934   737.873353655  
    2.90425938136    642.88563952  
    2.91587643703   474.989554277  
    2.92753997296   755.468087166  
    2.93925021859   783.881390726  
      2.951007173   637.760452549  
    2.96281106587   836.712421613  
    2.97466236678   578.335038071  
    2.98656107812   732.868136979  
     2.9985071977   715.110753067  
      3.010501447   660.666340591  
    3.02254334263   723.903523101  
    3.03463361427   661.044687413  
    3.04677201599   626.862780202  
    3.05895904115   296.706718061  
    3.07119494173   429.035309933  
    3.08347971845   625.993135607  
    3.09581362403   640.915437351  
    3.10819691461   626.849988014  
    3.12062958899   436.045010292  
    3.13311216706   321.973428914  
    3.14564465057   289.407928559  
    3.15822730368   317.771093938  
    3.17086012492   327.826579099  
    3.18354365085    240.64223145  
    3.19627788324   750.156492788  
    3.20906281894   252.623203405  
    3.22189900597   286.892688767  
    3.23478672482   496.890276663  
    3.24772597752   352.633539914  
    3.26071676117   496.596053002  
    3.27375964194   208.436174982  
    3.28685462056   423.190908234  
    3.30000198442   421.190480343  
    3.31320202516   507.226441973  
    3.32645503871   219.209817217  
    3.33976072794   332.560284484  
    3.35311968447   236.455143642  
    3.36653221038   473.007729343  
     3.3799983063    310.11404234  
    3.39351827618   316.675555634  
    3.40709242856   217.017094967  
    3.42072076331   263.746008472  
    3.43440359099   272.381555238  
    3.44814122692   247.857191497  
    3.46193399134   594.810318875  
    3.47578156229   164.371586398  
    3.48968490685   321.365989981  
    3.50364337402   321.428433005  
    3.51765794355   457.422308251  
    3.53172861925   277.132471244  
    3.54585573632   390.940541956  
     3.5600389564   298.944636429  
    3.57427929354   331.945074469  
    3.58857640934   252.219878917  
    3.60293064433   231.902166128  
    3.61734234457   326.168897858  
    3.63181186174   321.685355092  
    3.64633884103   276.209253581  
    3.66092434656   319.080295924  
    3.67556802377   339.250590113  
    3.69027023047   334.972688108  
    3.70503133043   120.530638652  
    3.71985132286   210.489741782  
    3.73473094844   354.950784531  
    3.74966983622     183.0635336  
    3.76466835677   315.626786306  
    3.77972726954    374.37586145  
    3.79484619552   336.921773287  
    3.81002551525   458.287266644  
    3.82526561575   216.734246348  
    3.84056649563   290.217807001  
    3.85592894407   432.555021272  
    3.87135256549   352.917317232  
    3.88683815953   614.596142633  
    3.90238532204   298.659208868  
    3.91799486333   436.803273493  
    3.93366678499   354.995333758  
     3.9494015004   602.150931087  
    3.96519900909   434.030125126  
    3.98106015352   334.325034558  
    3.99698408556   439.811497698  
    4.01297208033   473.864432177  
    4.02902414361   590.353288424  
    4.04514027511   438.993451508  
    4.06132091013   720.623707045  
    4.07756604651   345.735421276  
     4.0938761247   342.537927408  
    4.11025159314   535.062945473  
    4.12669290844    488.65374086  
    4.14319961597    685.91896051  
      4.159772167   536.251902013  
    4.17641148833   617.978176353  
     4.1931171174   527.074290258  
    4.20988951967   406.538739906  
    4.22672916926   538.438312509  
    4.24363606672    321.91408271  
    4.26061069234   567.333871498  
    4.27765304529   707.478042871  
     4.2947636122   673.011410298  
    4.31194288887   442.208102102  
    4.32919037643   661.826217612  
    4.34650707141   527.707557781  
    4.36389297573   450.132955599  
    4.38134859885    824.14733781  
    4.39887394162   603.512217258  
    4.41646952064   915.560612073  
    4.43413533578    768.65841337  
    4.45187217638    557.35982851  
    4.46967951266   577.568284867  
    4.48755840908    691.93790543  
    4.50550859831    628.14756582  
     4.5235306196     589.5920267  
    4.54162474648   547.202191712  
    4.55979125434   557.368364932  
    4.57803042047   903.370078099  
    4.59634252412   617.487957109  
     4.6147278465   688.382288258  
    4.63318667084   650.508130142  
    4.65171957222   742.703799206  
    4.67032626082   657.283580275  
    4.68900760809   872.616446296  
    4.70776361606   737.640399234  
    4.72659487793   726.063700977  
    4.74550109403   674.533279613  
    4.76448316381     516.1408128  
    4.78354108914   793.427531528  
     4.8026751735   717.959898949  
    4.82188603423   976.552451524  
    4.84117335953   824.195275678  
    4.86053808574   992.459587725  
    4.87998021521   563.251124815  
    4.89950038583   905.831385627  
    4.91909827634   1163.80155904  
    4.93877452759   644.641239544  
    4.95852979362   754.118902751  
    4.97836374618   979.447494685  
    4.99827737711   458.186216938  
     5.0182703536   687.547535689  
    5.03834368422   1018.41020702  
    5.05849703165   1233.78730235  
    5.07873073078   1254.93662744  
    5.09904581601   1346.39874335  
    5.11944194334   674.176075548  
    5.13991981119   730.983138019  
    5.16047941939   893.794381924  
    5.18112147886   1118.45580549  
    5.20184599077   551.935509387  
    5.22265331361   727.847968198  
     5.2435438095   927.515001738  
    5.26451784426   939.610868307  
    5.28557616158    994.80457658  
     5.3067183896   784.292410993  
    5.32794527679   851.204558001  
    5.34925720446    1111.1538337  
    5.37065417172   927.452968465  
    5.39213655882   690.329554331  
    5.41370514258   1394.37261776  
    5.43535992532   1052.87275261  
    5.45710169869   1139.14706113  
    5.47893006545   1320.99377992  
    5.50084582284   927.270595477  
    5.52284896853    1409.1705414  
    5.54494031519   1100.15077274  
    5.56712027819   1145.20910681  
    5.58938885932   952.033066782  
    5.61174605182   1070.53190054  
    5.63419311564   915.367494624  
    5.65673005712   1044.49135953  
    5.67935687409   1258.99000588  
    5.70207442649   1099.61303534  
    5.72488271545   803.216556303  
     5.7477821758    794.63205466  
    5.77077324765   1166.58869096  
    5.79385637646   1666.69206965  
     5.8170320132   1146.23637092  
    5.84029970084   971.186783041  
    5.86366126104   1229.10903733  
    5.88711578034    761.01366842  
    5.91066417822    1076.2569493  
    5.93430692324   1382.20016604  
    5.95804401457   1088.92998474  
    5.98187640063   687.466359763  
    6.00580360217   1119.11360453  
    6.02982706295   1374.72841023  
     6.0539463008    1804.1213167  
    6.07816229297   1334.09468116  
    6.10247454277    1449.7001603  
    6.12688453908   1286.11230428  
    6.15139228923   1086.55270856  
    6.17599779122    1403.5586208  
    6.20070154853   1754.15268983  
    6.22550459046   1436.14571927  
    6.25040640037   1970.28580952  
    6.27540801757   1077.18010004  
    6.30050997369   1361.59292052  
    6.32571173604   1337.81916325  
     6.3510149058   2172.09260754  
    6.37641894807   1513.72073904  
    6.40192439863   2355.07783092  
    6.42753235412   2356.31529426  
    6.45324226357   1610.53449329  
    6.47905523486   1697.42040865  
    6.50497126841   1774.21872401  
    6.53099149713   1643.30505909  
      6.557115353    1770.0458002  
    6.58334398091   1438.37976469  
    6.60967738247   1683.72655502  
      6.636116139   2145.61760079  
    6.66266024591   2299.75887567  
     6.6893108869   2488.19247956  
    6.71606806547   2093.36552866  
    6.74293238382   1861.59300221  
    6.76990445326   2404.48737437  
    6.79698365696   2143.87720173  
    6.82417184254   2069.81867964  
    6.85146839216   1791.01648879  
    6.87887455859   1671.70654202  
    6.90638970817   1715.67938397  
    6.93401510795   1964.49945544  
    6.96175140629   2103.52878333  
    6.98959860741   2179.79842406  
    7.01755670493   1764.15685485  
    7.04562701121   1537.72896224  
    7.07380952993   1416.21020644  
    7.10210492952    2272.2490458  
    7.13051320818   1384.75156035  
    7.15903503951   1677.41055635  
      7.187671108   1803.24000843  
    7.21642210919   1534.13395285  
     7.2452880469   1597.86902507  
    7.27426891394   1521.66409717  
     7.3033661205   1380.11442831  
    7.33257967105   1980.53531405  
    7.36190955887   1138.31628655  
    7.39135722917   1636.72226045  
    7.42092268746   1912.34947662  
    7.45060667143   2189.21385478  
    7.48040918171   2104.81046709  
     7.5103309629   1781.57144879  
    7.54037201069   1893.46943869  
    7.57053307674   1968.14046946  
    7.60081569915    1477.8730013  
     7.6312191142   1332.30721695  
    7.66174409401   2191.76796848  
    7.69239063155   1471.42324185  
    7.72316030546    1450.2612918  
    7.75405312312    1359.8767143  
    7.78506908015   1434.84771692  
    7.81620897836   1503.18819126  
    7.84747445827   2102.83594016  
    7.87886387586   2128.38204022  
    7.91037971196   2107.91631466  
    7.94202113658   1104.42681719  
    7.97378898366   1962.36842532  
    8.00568410198    1472.9222663  
    8.03770735543   1354.78206383  
    8.06985787909   1351.08549633  
    8.10213740517   1758.82923653  
    8.13454593714   1983.32546969  
    8.16708435933    2376.9903542  
    8.19975267166   1641.49720783  
    8.23255176913   1460.36811854  
    8.26548164815   2177.37263787  
    8.29854321466   2215.78060944  
    8.33173739122   2109.80088853  
    8.36506511734   2665.43065663  
      8.398524516   1904.16066666  
    8.43211935001   1962.66591741  
    8.46584773181   1854.02787534  
    8.49971060237   2044.26239184  
     8.5337098955   2241.83101482  
    8.56784464499   2102.17957027  
    8.60211582222   1979.11803414  
    8.63652441684   2122.83199356  
    8.67107043027   1991.00239333  
    8.70575486565   1954.50229022  
    8.74057772207   1973.11814714  
    8.77554001652   2631.62912933  
    8.81064278543   2051.53817219  
    8.84588498917   1989.96523751  
    8.88126871009   1492.35602172  
    8.91679342222   1616.40828424  
    8.95246071565   2229.06545908  
    8.98827059515   1692.49389382  
    9.02422359715   1941.39862659  
    9.06032026159    2160.7410481  
    9.09656168612   1655.23862007  
    9.13294787279   1853.45207633  
    9.16947993568   1559.38534545  
    9.20615787578   1486.65746949  
    9.24298225202   1712.16793428  
      9.279954204   2050.88381618  
    9.31707431261   1858.28145851  
    9.35434257718    1440.6535653  
    9.39175957335   1618.19739841  
     9.4293270718   1450.68520759  
    9.46704388515   1481.11608086  
    9.50491240293    1491.1026251  
    9.54293202825   1881.83883712  
    9.58110335964   2010.69035293  
    9.61942823963   1228.88224123  
     9.6579060571   1794.16799517  
    9.69653742549   1783.65216285  
    9.73532359794    1292.4765676  
    9.77426457375   1487.10668541  
    9.81336162691   1295.51893225  
    9.85261540749   1495.75197003  
     9.8920259161   2318.07257274  
    9.93159379873   1383.57878995  
    9.97132037286    1656.5045102  
     10.011205641   1647.99104806  
    10.0512502668   1587.30611843  
     10.091455602   1427.10142973  
    10.1318209644   1369.84829209  
    10.1723484056   1345.02279112  
    10.2130379328   1751.30070651  
    10.2538902416   2330.05306959  
    10.2949053247   2295.59401079  
    10.3360853051   1517.43551966  
     10.377429474   2725.97492482  
    10.4189392642   22530.0319797  
