      wave_micron        flux_mjy  
  0.0154221819325             0.0  
  0.0154783455809             0.0  
   0.015540258413             0.0  
  0.0156024189732             0.0  
  0.0156648289627             0.0  
  0.0157274883885             0.0  
  0.0157903989725             0.0  
   0.015853560715             0.0  
  0.0159169753591             0.0  
  0.0159806428986             0.0  
  0.0160445650983             0.0  
  0.0161087437552             0.0  
  0.0161731788756             0.0  
   0.016237870441             0.0  
  0.0163028221147             0.0  
  0.0163680339168             0.0  
  0.0164335058424             0.0  
  0.0164992397599             0.0  
  0.0165652375728             0.0  
  0.0166314973626             0.0  
   0.016698022957             0.0  
  0.0167648163217             0.0  
  0.0168318755082             0.0  
  0.0168992024628             0.0  
  0.0169667991687             0.0  
  0.0170346676472             0.0  
  0.0171028048591             0.0  
  0.0171712168936             0.0  
  0.0172399017199             0.0  
  0.0173088613934             0.0  
  0.0173780969564             0.0  
  0.0174476083969             0.0  
  0.0175173988859             0.0  
  0.0175874684342             0.0  
  0.0176578192002             0.0  
  0.0177284500972             0.0  
  0.0177993632902             0.0  
  0.0178705609874             0.0  
  0.0179420431955             0.0  
  0.0180138121572             0.0  
  0.0180858667379             0.0  
  0.0181582103376             0.0  
   0.018230842962             0.0  
  0.0183037669249             0.0  
  0.0183769822319             0.0  
  0.0184504900473             0.0  
  0.0185242915451             0.0  
  0.0185983891149             0.0  
  0.0186727827634             0.0  
  0.0187474736943             0.0  
  0.0188224631215             0.0  
  0.0188977535148             0.0  
  0.0189733436286             0.0  
  0.0190492372098             0.0  
  0.0191254342705             0.0  
  0.0192019360793             0.0  
  0.0192787439165             0.0  
  0.0193558590743             0.0  
  0.0194332828569             0.0  
  0.0195110152532             0.0  
  0.0195890602365             0.0  
  0.0196674164828             0.0  
  0.0197460853146             0.0  
  0.0198250694374             0.0  
  0.0199043702325             0.0  
  0.0199839877024             0.0  
  0.0200639232226             0.0  
  0.0201441795976             0.0  
  0.0202247554125             0.0  
  0.0203056549267             0.0  
  0.0203868781584             0.0  
  0.0204684250949             0.0  
  0.0205502986369             0.0  
  0.0206325002631             0.0  
  0.0207150299721             0.0  
  0.0207978907469             0.0  
  0.0208810810743             0.0  
  0.0209646054901             0.0  
  0.0210484640106             0.0  
  0.0211326581768             0.0  
  0.0212171895475             0.0  
  0.0213020581165             0.0  
  0.0213872654403             0.0  
  0.0214728147007             0.0  
  0.0215587059078             0.0  
  0.0216449406729             0.0  
  0.0217315206258             0.0  
  0.0218184474159             0.0  
  0.0219057210389             0.0  
  0.0219933431436             0.0  
  0.0220813170987             0.0  
  0.0221696429202             0.0  
  0.0222583205902             0.0  
  0.0223473535396             0.0  
  0.0224367435202             0.0  
  0.0225264905366             0.0  
  0.0226165963424             0.0  
  0.0227070627134             0.0  
   0.022797891448             0.0  
  0.0228890825408             0.0  
  0.0229806396339             0.0  
  0.0230725608835             0.0  
  0.0231648518352             0.0  
  0.0232575106339             0.0  
  0.0233505410324             0.0  
  0.0234439430362             0.0  
  0.0235377185467             0.0  
  0.0236318694907             0.0  
  0.0237263978211             0.0  
  0.0238213035385             0.0  
  0.0239165886016             0.0  
  0.0240122549961             0.0  
  0.0241083027081             0.0  
  0.0242047378153             0.0  
  0.0243015562579             0.0  
  0.0243987621108             0.0  
   0.024496357451             0.0  
  0.0245943422758             0.0  
  0.0246927207968             0.0  
  0.0247914908945             0.0  
  0.0248906568236             0.0  
  0.0249902185834             0.0  
  0.0250901805246             0.0  
  0.0251905404622             0.0  
  0.0252913027928             0.0  
  0.0253924675203             0.0  
   0.025494039142             0.0  
  0.0255960154078             0.0  
  0.0256983985612             0.0  
  0.0258011932004             0.0  
  0.0259043970131             0.0  
  0.0260080146481             0.0  
    0.02611204611             0.0  
  0.0262164937597             0.0  
  0.0263213599946             0.0  
  0.0264266472488             0.0  
  0.0265323530848             0.0  
   0.026638482369             0.0  
  0.0267450350961             0.0  
  0.0268520162481             0.0  
  0.0269594233237             0.0  
   0.027067261363             0.0  
  0.0271755303777             0.0  
  0.0272842329335             0.0  
  0.0273933690209             0.0  
   0.027502943863             0.0  
  0.0276129548334             0.0  
  0.0277234072187             0.0  
  0.0278343010305             0.0  
  0.0279456389615             0.0  
  0.0280574210034             0.0  
  0.0281696498716             0.0  
  0.0282823283267             0.0  
  0.0283954591745             0.0  
  0.0285090395999             0.0  
  0.0286230752233             0.0  
  0.0287375689239             0.0  
  0.0288525178234             0.0  
  0.0289679276849             0.0  
  0.0290838014637             0.0  
  0.0292001362195             0.0  
  0.0293169348659             0.0  
  0.0294342033877             0.0  
  0.0295519418269             0.0  
  0.0296701471117             0.0  
  0.0297888284028             0.0  
  0.0299079857543             0.0  
  0.0300276160314             0.0  
  0.0301477254602             0.0  
  0.0302683172275             0.0  
  0.0303893913559             0.0  
  0.0305109478221             0.0  
  0.0306329930995             0.0  
  0.0307555239287             0.0  
  0.0308785468721             0.0  
  0.0310020619542             0.0  
  0.0311260691522             0.0  
  0.0312505718008             0.0  
  0.0313755767274             0.0  
  0.0315010770906             0.0  
  0.0316270832193             0.0  
  0.0317535916642             0.0  
  0.0318806059038             0.0  
  0.0320081259079             0.0  
  0.0321361587989             0.0  
  0.0322647046199             0.0  
  0.0323937633655             0.0  
  0.0325233386688             0.0  
  0.0326534305126             0.0  
   0.032784046325             0.0  
  0.0329151823899             0.0  
  0.0330468424368             0.0  
  0.0331790302653             0.0  
  0.0333117458776             0.0  
  0.0334449931253             0.0  
  0.0335787720014             0.0  
  0.0337130864104             0.0  
  0.0338479403317             0.0  
  0.0339833297668             0.0  
   0.034119266773             0.0  
    0.03425574124             0.0  
  0.0343927653635             0.0  
  0.0345303371289             0.0  
  0.0346684564989             0.0  
  0.0348071318312             0.0  
  0.0349463589249             0.0  
  0.0350861462674             0.0  
  0.0352264895855             0.0  
  0.0353673953179             0.0  
  0.0355088656611             0.0  
  0.0356509006117             0.0  
   0.035793504579             0.0  
  0.0359366775568             0.0  
  0.0360804262925             0.0  
  0.0362247462568             0.0  
  0.0363696465556             0.0  
  0.0365151249103             0.0  
  0.0366611859421             0.0  
  0.0368078296413             0.0  
  0.0369550607037             0.0  
  0.0371028815203             0.0  
  0.0372512920825             0.0  
  0.0374002972022             0.0  
  0.0375498993313             0.0  
  0.0377000984646             0.0  
  0.0378508995351             0.0  
  0.0380023025414             0.0  
  0.0381543124999             0.0  
  0.0383069294135             0.0  
  0.0384601558058             0.0  
  0.0386139968225             0.0  
  0.0387684524758             0.0  
   0.038923528001             0.0  
  0.0390792207552             0.0  
  0.0392355386861             0.0  
  0.0393924818217             0.0  
  0.0395500501301             0.0  
  0.0397082517653             0.0  
  0.0398670839996             0.0  
  0.0400265523356             0.0  
   0.040186659577             0.0  
  0.0403474057178             0.0  
  0.0405087935511             0.0  
  0.0406708287828             0.0  
  0.0408335143331             0.0  
  0.0409968472931             0.0  
  0.0411608334584             0.0  
  0.0413254787495             0.0  
  0.0414907802101             0.0  
   0.041656743801             0.0  
  0.0418233695127             0.0  
  0.0419906634194             0.0  
  0.0421586255298             0.0  
   0.042327258912             0.0  
  0.0424965698167             0.0  
  0.0426665551097             0.0  
  0.0428372210879             0.0  
  0.0430085709616             0.0  
  0.0431806047274             0.0  
  0.0433533288696             0.0  
  0.0435267401058             0.0  
  0.0437008482999             0.0  
   0.043875650142             0.0  
  0.0440511522978             0.0  
  0.0442273581705             0.0  
  0.0444042677676             0.0  
  0.0445818844935             0.0  
  0.0447602117949             0.0  
  0.0449392531611             0.0  
  0.0451190085759             0.0  
  0.0452994851091             0.0  
  0.0454806827765             0.0  
  0.0456626087953             0.0  
  0.0458452558873             0.0  
  0.0460286386326             0.0  
  0.0462127533948             0.0  
  0.0463976038551             0.0  
   0.046583193743             0.0  
   0.046769526837             0.0  
   0.046956606966             0.0  
  0.0471444302599             0.0  
  0.0473330082767             0.0  
  0.0475223410627             0.0  
  0.0477124325616             0.0  
  0.0479032787694             0.0  
  0.0480948956441             0.0  
  0.0482872751942             0.0  
  0.0484804213891             0.0  
  0.0486743423835             0.0  
  0.0488690423574             0.0  
  0.0490645171557             0.0  
  0.0492607751063             0.0  
  0.0494578204664             0.0  
  0.0496556489567             0.0  
   0.049854273417             0.0  
  0.0500536895535             0.0  
  0.0502539060659             0.0  
  0.0504549185427             0.0  
  0.0506567402489             0.0  
  0.0508593667607             0.0  
  0.0510628025253             0.0  
  0.0512670566381             0.0  
  0.0514721245518             0.0  
  0.0516780108055             0.0  
  0.0518847246999             0.0  
   0.052092261563             0.0  
  0.0523006307993             0.0  
  0.0525098324223             0.0  
  0.0527198760571             0.0  
  0.0529307520196             0.0  
  0.0531424748511             0.0  
  0.0533550445924             0.0  
  0.0535684662058             0.0  
  0.0537827396889             0.0  
  0.0539978700401             0.0  
  0.0542138623369             0.0  
  0.0544307165721             0.0  
  0.0546484430685             0.0  
  0.0548670366526             0.0  
  0.0550865024807             0.0  
  0.0553068511252             0.0  
  0.0555280772875             0.0  
  0.0557501916691             0.0  
  0.0559731888451             0.0  
  0.0561970851542             0.0  
  0.0564218696252             0.0  
    0.05664755882             0.0  
  0.0568741471904             0.0  
   0.057101645976             0.0  
  0.0573300495008             0.0  
  0.0575593691465             0.0  
  0.0577896107521             0.0  
   0.058020768517             0.0  
   0.058252848197             0.0  
  0.0584858616093             0.0  
  0.0587198028284             0.0  
  0.0589546838262             0.0  
  0.0591905046543             0.0  
  0.0594272652747             0.0  
  0.0596649717642             0.0  
  0.0599036365615             0.0  
  0.0601432471883             0.0  
  0.0603838224564             0.0  
  0.0606253560613             0.0  
  0.0608678607795             0.0  
  0.0611113301733             0.0  
  0.0613557771937             0.0  
  0.0616012018839             0.0  
  0.0618476041939             0.0  
  0.0620949907005             0.0  
  0.0623433748748             0.0  
  0.0625927500343             0.0  
  0.0628431160694             0.0  
  0.0630944935939             0.0  
  0.0633468688088             0.0  
  0.0636002555816             0.0  
  0.0638546539134             0.0  
   0.064110078039             0.0  
  0.0643665136604             0.0  
  0.0646239823258             0.0  
  0.0648824768223             0.0  
  0.0651420117993             0.0  
  0.0654025799059             0.0  
  0.0656641884884             0.0  
  0.0659268450311             0.0  
  0.0661905495202             0.0  
  0.0664553095403             0.0  
  0.0667211328193             0.0  
  0.0669880194077             0.0  
  0.0672559692546             0.0  
   0.067524998104             0.0  
  0.0677950980645             0.0  
  0.0680662770408             0.0  
  0.0683385430896             0.0  
  0.0686118962156             0.0  
   0.068886340455             0.0  
   0.069161888209             0.0  
  0.0694385353599             0.0  
   0.069716290261             0.0  
  0.0699951528868             0.0  
  0.0702751360196             0.0  
   0.070556235388             0.0  
  0.0708384595976             0.0  
  0.0711218130144             0.0  
  0.0714063000362             0.0  
  0.0716919250936             0.0  
    0.07197869265             0.0  
  0.0722666072029             0.0  
  0.0725556732844             0.0  
  0.0728459000873             0.0  
  0.0731372830003             0.0  
  0.0734298312522             0.0  
  0.0737235495201             0.0  
  0.0740184425194             0.0  
  0.0743145198186             0.0  
  0.0746117766219             0.0  
  0.0749102225396             0.0  
  0.0752098624475             0.0  
  0.0755107012636             0.0  
  0.0758127489591             0.0  
  0.0761159955082             0.0  
  0.0764204609911             0.0  
  0.0767261454929             0.0  
  0.0770330489826             0.0  
  0.0773411817395             0.0  
  0.0776505437441             0.0  
  0.0779611454547             0.0  
  0.0782729922069             0.0  
  0.0785860840041             0.0  
  0.0789004261565             0.0  
  0.0792160294956             0.0  
   0.079532894053             0.0  
   0.079851025297             0.0  
  0.0801704287509             0.0  
  0.0804911099934             0.0  
  0.0808130746602             0.0  
  0.0811363284449             0.0  
  0.0814608713158             0.0  
  0.0817867147778             0.0  
  0.0821138647046             0.0  
  0.0824423211076             0.0  
  0.0827720898447             0.0  
   0.083103176837             0.0  
  0.0834355880695             0.0  
  0.0837693295932             0.0  
  0.0841044075257             0.0  
  0.0844408280531             0.0  
  0.0847785911656             0.0  
  0.0851177030393             0.0  
  0.0854581762863             0.0  
  0.0858000109601             0.0  
  0.0861432069836             0.0  
  0.0864877837083             0.0  
   0.086833734686             0.0  
   0.087181066378             0.0  
  0.0875297920005             0.0  
  0.0878799115976             0.0  
  0.0882314318658             0.0  
  0.0885843527423             0.0  
  0.0889386947135             0.0  
  0.0892944509877             0.0  
  0.0896516284288             0.0  
  0.0900102339858             0.0  
  0.0903702746949             0.0  
  0.0907317505044             0.0  
  0.0910946829245             0.0  
  0.0914590575601             0.0  
  0.0918248961623             0.0  
  0.0921921988168             0.0  
  0.0925609654697             0.0  
  0.0929312109813             0.0  
  0.0933029353717             0.0  
  0.0936761461684             0.0  
  0.0940508509988             0.0  
  0.0944270498198             0.0  
  0.0948047581127             0.0  
  0.0951839838158             0.0  
  0.0955647190532             0.0  
  0.0959469715991             0.0  
  0.0963307655121             0.0  
  0.0967160847083             0.0  
  0.0971029535334             0.0  
  0.0974913638291             0.0  
  0.0978813237277             0.0  
  0.0982728498947             0.0  
    0.09866594241             0.0  
   0.099060609758             0.0  
  0.0994568519222             0.0  
  0.0998546774253             0.0  
   0.100254094913             0.0  
   0.100655113158             0.0  
   0.101057732156             0.0  
   0.101461960725             0.0  
   0.101867807811             0.0  
   0.102275282494             0.0  
   0.102684384796             0.0  
   0.103095123848             0.0  
   0.103507499581             0.0  
   0.103921530592             0.0  
   0.104337216941             0.0  
   0.104754568095             0.0  
   0.105173584024             0.0  
   0.105594283976             0.0  
   0.106016658262             0.0  
   0.106440726351             0.0  
   0.106866488265             0.0  
   0.107293953898             0.0  
     0.1077231333             0.0  
   0.108154016287             0.0  
   0.108586633294             0.0  
   0.109020984491             0.0  
   0.109457069886             0.0  
   0.109894899843             0.0  
   0.110334474284             0.0  
   0.110775814355             0.0  
   0.111218920147             0.0  
   0.111663791584             0.0  
   0.112110450329             0.0  
   0.112558885443             0.0  
   0.113009129988             0.0  
   0.113461161814             0.0  
   0.113915003126             0.0  
   0.114370665274             0.0  
   0.114828148301             0.0  
   0.115287463664             0.0  
   0.115748611332             0.0  
   0.116211602869             0.0  
   0.116676450037             0.0  
   0.117143152835             0.0  
   0.117611735198             0.0  
   0.118082173035             0.0  
   0.118554502557             0.0  
   0.119028723913             0.0  
   0.119504837073             0.0  
   0.119982854371             0.0  
   0.120462788359             0.0  
   0.120944639055             0.0  
   0.121428419148             0.0  
   0.121914128591             0.0  
   0.122401793275             0.0  
   0.122891400238             0.0  
   0.123382962455             0.0  
   0.123876493133             0.0  
   0.124372005713             0.0  
   0.124869486696             0.0  
    0.12536896306             0.0  
   0.125870448651             0.0  
   0.126373929725             0.0  
   0.126879419965             0.0  
   0.127386933305             0.0  
   0.127896483936             0.0  
   0.128408071933             0.0  
   0.128921697178             0.0  
   0.129437388564             0.0  
   0.129955146271             0.0  
   0.130474955445             0.0  
   0.130996860392             0.0  
   0.131520846332             0.0  
   0.132046928203             0.0  
   0.132575121227             0.0  
   0.133105425465             0.0  
   0.133637840778             0.0  
   0.134172398206             0.0  
   0.134709082127             0.0  
   0.135247924046             0.0  
   0.135788908058             0.0  
   0.136332066143             0.0  
   0.136877390275             0.0  
   0.137424904887             0.0  
   0.137974601796             0.0  
   0.138526497437             0.0  
   0.139080608566             0.0  
   0.139636926768             0.0  
    0.14019547741             0.0  
   0.140756260558             0.0  
   0.141319284768             0.0  
   0.141884558656             0.0  
   0.142452099745             0.0  
   0.143021908073             0.0  
   0.143593992447             0.0  
   0.144168370799             0.0  
   0.144745043155             0.0  
   0.145324027728             0.0  
   0.145905324541             0.0  
   0.146488942746             0.0  
   0.147074900997             0.0  
   0.147663199313             0.0  
   0.148253847072             0.0  
   0.148846863384             0.0  
   0.149442258012             0.0  
    0.15004002118             0.0  
   0.150640182132             0.0  
   0.151242740914             0.0  
   0.151847717443             0.0  
   0.152455101654             0.0  
   0.153064923769             0.0  
   0.153677183874             0.0  
   0.154291892196             0.0  
   0.154909059057             0.0  
   0.155528694873             0.0  
    0.15615081016             0.0  
   0.156775415535             0.0  
   0.157402521715             0.0  
   0.158032128636             0.0  
   0.158664257937             0.0  
   0.159298909593             0.0  
   0.159936105631             0.0  
   0.160575857307             0.0  
   0.161218153334             0.0  
   0.161863027494             0.0  
    0.16251047988             0.0  
   0.163160521938             0.0  
   0.163813165237             0.0  
   0.164468421468             0.0  
   0.165126290561             0.0  
   0.165786796153             0.0  
   0.166449938238             0.0  
     0.1671157409             0.0  
   0.167784204206             0.0  
   0.168455340333             0.0  
   0.169129161595             0.0  
   0.169805680445             0.0  
   0.170484909475             0.0  
   0.171166848655             0.0  
   0.171851510563             0.0  
   0.172538920896             0.0  
   0.173229066678             0.0  
    0.17392198699             0.0  
   0.174617682033             0.0  
   0.175316151747             0.0  
   0.176017409306             0.0  
   0.176721481655             0.0  
   0.177428368893             0.0  
   0.178138084683             0.0  
   0.178850628912             0.0  
   0.179566043354             0.0  
   0.180284300021             0.0  
   0.181005441147             0.0  
   0.181729466868             0.0  
   0.182456377047             0.0  
   0.183186200516             0.0  
   0.183918952014             0.0  
    0.18465461675             0.0  
   0.185393239096             0.0  
   0.186134819272             0.0  
   0.186879357215             0.0  
    0.18762686792             0.0  
   0.188377382046             0.0  
   0.189130884183             0.0  
   0.189887405278             0.0  
   0.190646961147             0.0  
   0.191409551855             0.0  
   0.192175193269             0.0  
    0.19294388525             0.0  
   0.193715660074             0.0  
   0.194490534275             0.0  
    0.19526849138             0.0  
   0.196049564345             0.0  
   0.196833753116             0.0  
   0.197621091384             0.0  
   0.198411579304             0.0  
   0.199205234028             0.0  
    0.20000205552             0.0  
   0.200802061011             0.0  
   0.201605267985             0.0  
   0.202411694179             0.0  
   0.203221339593             0.0  
    0.20403422206             0.0  
   0.204850359677             0.0  
   0.205669752375             0.0  
   0.206492436937             0.0  
   0.207318413552             0.0  
    0.20814768209             0.0  
   0.208980261139             0.0  
   0.209816188758             0.0  
   0.210655445884             0.0  
   0.211498071008             0.0  
   0.212344064232             0.0  
   0.213193445145             0.0  
   0.214046213675             0.0  
   0.214902409677             0.0  
   0.215762013091             0.0  
    0.21662506424             0.0  
   0.217491563183             0.0  
   0.218361530429             0.0  
   0.219234965867             0.0  
   0.220111911284             0.0  
     0.2209923669             0.0  
   0.221876332607             0.0  
   0.222763829578             0.0  
    0.22365490114             0.0  
   0.224549503758             0.0  
   0.225447702921             0.0  
   0.226349498892             0.0  
   0.227254891597             0.0  
   0.228163925989             0.0  
   0.229076579506             0.0  
   0.229992874618             0.0  
   0.230912857412             0.0  
   0.231836504828             0.0  
   0.232763839934             0.0  
   0.233694909994             0.0  
    0.23462969145             0.0  
   0.235568207999             0.0  
   0.236510483745             0.0  
   0.237456518631             0.0  
   0.238406337007             0.0  
   0.239359963648             0.0  
   0.240317398589             0.0  
   0.241278666869             0.0  
   0.242243793968             0.0  
   0.243212780032             0.0  
   0.244185624836             0.0  
   0.245162353976             0.0  
    0.24614301991             0.0  
   0.247127569931             0.0  
   0.248116083417             0.0  
    0.24910856079             0.0  
   0.250105002093             0.0  
   0.251105406992             0.0  
   0.252109830165             0.0  
   0.253118271822             0.0  
   0.254130759937             0.0  
   0.255147266246             0.0  
   0.256167846992             0.0  
   0.257192531015             0.0  
   0.258221289561             0.0  
   0.259254180438             0.0  
   0.260291203866             0.0  
   0.261332359668             0.0  
   0.262377707278             0.0  
   0.263427216902             0.0  
    0.26448091836             0.0  
   0.265538842033             0.0  
   0.266600987898             0.0  
   0.267667386749             0.0  
   0.268738069965             0.0  
   0.269813006064             0.0  
   0.270892258088             0.0  
   0.271975826221             0.0  
   0.273063742733             0.0  
   0.274156007754             0.0  
   0.275252620997             0.0  
    0.27635363168             0.0  
   0.277459056633             0.0  
    0.27856887898             0.0  
    0.27968316611             0.0  
   0.280801901239             0.0  
   0.281925101253             0.0  
   0.283052800615             0.0  
   0.284185016866             0.0  
   0.285321749936             0.0  
   0.286463035083             0.0  
    0.28760889024             0.0  
   0.288759333475             0.0  
   0.289914364678             0.0  
   0.291074020225             0.0  
   0.292238318604             0.0  
   0.293407278456             0.0  
   0.294580899659             0.0  
   0.295759219764             0.0  
   0.296942257868             0.0  
   0.298130033227             0.0  
   0.299322545737             0.0  
   0.300519834195             0.0  
   0.301721918353             0.0  
   0.302928798139             0.0  
   0.304140513331             0.0  
   0.305357084209             0.0  
    0.30657851075             0.0  
    0.30780483376             0.0  
   0.309036053261             0.0  
   0.310272189784             0.0  
   0.311513285199             0.0  
   0.312759339614             0.0  
   0.314010374147             0.0  
   0.315266410121             0.0  
   0.316527469063             0.0  
   0.317793594723             0.0  
   0.319064765213             0.0  
   0.320341024541             0.0  
   0.321622395105             0.0  
    0.32290887681             0.0  
   0.324200514872             0.0  
   0.325497309296             0.0  
   0.326799306137             0.0  
   0.328106505512             0.0  
   0.329418930686             0.0  
   0.330736605174             0.0  
   0.332059552743             0.0  
   0.333387773198             0.0  
   0.334721339076             0.0  
   0.336060226296             0.0  
   0.337404459096             0.0  
   0.338754086995             0.0  
   0.340109084964             0.0  
   0.341469528289             0.0  
   0.342835417322             0.0  
   0.344206751893             0.0  
    0.34558358336             0.0  
   0.346965911735             0.0  
   0.348353789395             0.0  
   0.349747189896             0.0  
   0.351146192895             0.0  
   0.352550771731             0.0  
   0.353960980257             0.0  
   0.355376818476             0.0  
   0.356798313591             0.0  
   0.358225521107             0.0  
   0.359658413196             0.0  
    0.36109704583             0.0  
   0.362541447593             0.0  
   0.363991589687             0.0  
   0.365447558249             0.0  
   0.366909353625             0.0  
   0.368377005178             0.0  
   0.369850512842             0.0  
   0.371329906034             0.0  
   0.372815214556             0.0  
   0.374306499135             0.0  
   0.375803698768             0.0  
   0.377306936059             0.0  
    0.37881614935             0.0  
   0.380331432033             0.0  
   0.381852752824             0.0  
   0.383380142906             0.0  
    0.38491366618             0.0  
   0.386453322919             0.0  
   0.387999145622             0.0  
   0.389551134167             0.0  
   0.391109354508             0.0  
   0.392673773317             0.0  
   0.394244491082             0.0  
   0.395821440208             0.0  
   0.397404756821             0.0  
   0.398994372669             0.0  
   0.400590356569             0.0  
   0.402192708445             0.0  
    0.40380146314             0.0  
   0.405416691825             0.0  
   0.407038359024             0.0  
    0.40866650028             0.0  
   0.410301151665             0.0  
   0.411942349788             0.0  
   0.413590131812             0.0  
   0.415244497878             0.0  
   0.416905485377             0.0  
   0.418573094084             0.0  
   0.420247400108             0.0  
   0.421928364977             0.0  
   0.423616104768             0.0  
   0.425310541546             0.0  
   0.427011792894             0.0  
   0.428719859375             0.0  
   0.430434740904             0.0  
   0.432156477435             0.0  
   0.433885109556             0.0  
   0.435620637143             0.0  
    0.43736310109             0.0  
   0.439112584969             0.0  
   0.440869004932             0.0  
   0.442632487246             0.0  
   0.444403032456             0.0  
   0.446180640438             0.0  
   0.447965354113             0.0  
   0.449757217111             0.0  
   0.451556229337             0.0  
   0.453362479596             0.0  
   0.455175923398             0.0  
   0.456996605151             0.0  
   0.458824615881             0.0  
   0.460659910107             0.0  
   0.462502533404             0.0  
   0.464352579108             0.0  
    0.46620995338             0.0  
   0.468074797379             0.0  
   0.469947111716             0.0  
   0.471826896298             0.0  
   0.473714199207             0.0  
   0.475609069359             0.0  
   0.477511506824             0.0  
   0.479421561033             0.0  
   0.481339231788             0.0  
   0.483264569046             0.0  
   0.485197623643     71.28848146  
    0.48713844731             0.0  
    0.48908698843             0.0  
    0.49104335062             0.0  
   0.493007534152             0.0  
   0.494979538549             0.0  
   0.496959470212             0.0  
   0.498947275454             0.0  
    0.50094306216             0.0  
   0.502946885801             0.0  
   0.504958636151             0.0  
   0.506978478729             0.0  
    0.50900641424             0.0  
   0.511042442618             0.0  
   0.513086620388             0.0  
   0.515138947285             0.0  
   0.517199480546             0.0  
   0.519268278468   71.8620267838  
   0.521345341199             0.0  
   0.523430727797   83.2307528708  
   0.525524498426   145.149160988  
   0.527626593036             0.0  
   0.529737071145             0.0  
   0.531855993396   89.1278226328  
   0.533983421578             0.0  
   0.536119356013             0.0  
   0.538263859347   171.304264006  
   0.540416931774   75.2949071338  
   0.542578572662             0.0  
   0.544748909884             0.0  
   0.546927879032             0.0  
   0.549115609922             0.0  
   0.551312070118             0.0  
   0.553517325448             0.0  
   0.555731375711   250.553769176  
   0.557954321622             0.0  
   0.560186129508   88.9808503059  
    0.56242686716   173.032433134  
   0.564676568953             0.0  
   0.566935269508             0.0  
   0.569203038998             0.0  
   0.571479842222   180.817439508  
   0.573765749586             0.0  
   0.576060832897   458.230018074  
   0.578365056043   180.866682635  
   0.580678527832   211.090040575  
   0.583001248583   288.259520626  
   0.585333255065             0.0  
   0.587674584337   189.800462513  
   0.590025273757   91.4759294107  
   0.592385360989   102.992584294  
    0.59475492255   190.544411909  
    0.59713391995   100.605586472  
   0.599522469205   98.4869534231  
   0.601920570721   101.111615332  
   0.604328223989             0.0  
   0.606745547913     95.33193553  
   0.609172542992   196.879990422  
   0.611609208806   100.859231826  
   0.614055667248   202.465626588  
   0.616511877542   103.050077593  
   0.618977921892    199.18511898  
    0.62145384213   103.943564551  
   0.623939680483   407.221842476  
    0.62643543682             0.0  
   0.628941153152             0.0  
   0.631456915341   226.336062348  
   0.633982767257             0.0  
   0.636518664907             0.0  
   0.639064739921   105.710414659  
   0.641621037484   430.928736737  
   0.644187512807             0.0  
   0.646764255413   104.011170304  
   0.649351310787   112.498326021  
   0.651948724887   99.5844304855  
   0.654556497467             0.0  
   0.657174721394   680.616255724  
   0.659803444093   110.031354869  
    0.66244266568   328.007636414  
   0.665092433462   337.108464438  
   0.667752795259   114.241231908  
   0.670423799416   123.312949631  
    0.67310549481   336.218012613  
   0.675797930866   722.706762827  
   0.678501107401   240.997664103  
   0.681215124321   127.018730288  
   0.683939981772   233.709356748  
   0.686675730236   352.359113651  
   0.689422420776   605.433197741  
   0.692180105052   226.643851576  
   0.694948835326             0.0  
   0.697728664482   221.110740422  
   0.700519539089   368.011553733  
   0.703321618534   673.997473098  
   0.706134903276   373.843082577  
   0.708959447472   354.637412072  
   0.711795305937             0.0  
   0.714642478514   1115.02640772  
   0.717501076141   912.978597468  
   0.720371042598   272.090194332  
   0.723252546752    375.44652678  
   0.726145531988   248.220426255  
   0.729050112501   240.540935084  
   0.731966346677   868.496462484  
   0.734894175957   848.851209007  
   0.737833776058   643.494217932  
   0.740785088054   275.541543101  
   0.743748230808   269.896861762  
   0.746723265124   1706.54563653  
   0.749710130124    813.99732827  
   0.752708947032   943.086712071  
   0.755719839845   649.256516993  
   0.758742684465   692.967727351  
   0.761777667799   1411.15599002  
   0.764824790406   829.661146056  
   0.767884051683   983.736022793  
   0.770955579374   1400.06558799  
   0.774039438886   936.716847684  
   0.777135564917   1695.41564506  
    0.78024415422   574.666532635  
   0.783365074359   1294.97106124  
   0.786498591855   871.219186601  
   0.789644572959   2394.17937586  
   0.792803152342   1507.65118234  
   0.795974329745   411.033605774  
   0.799158242868   1270.25024627  
   0.802354892328   2091.39239256  
   0.805564277528   1283.65660617  
   0.808786539182   1446.22108536  
    0.81202167761   1245.89884574  
    0.81526976432   1736.00378081  
   0.818530871882   1730.80461398  
   0.821805000353   1704.32272888  
   0.825092222719   1255.85451477  
   0.828392613059   1877.64912261  
   0.831706171199   1916.33485757  
   0.835032971668   1144.05782844  
   0.838373090129   1334.47472309  
   0.841726603405   2033.87119696  
   0.845093511678   2121.86564221  
   0.848473892288   3124.42455138  
   0.851867744698   1228.00340748  
   0.855275226474    1815.7520872  
   0.858696338263   1899.60325788  
     0.8621311604   3608.37836787  
   0.865579692848   2527.78227703  
   0.869042016538   1249.43577138  
   0.872518130734   1856.16982147  
   0.876008200591   2091.06877273  
   0.879512226677    1567.4459103  
   0.883030293186   2061.13454148  
   0.886562400028   2249.43728261  
   0.890108632087    2976.4295789  
   0.893669075629   1629.91736095  
   0.897243818335    1693.8556837  
   0.900832772471    1678.4187911  
   0.904436113504   2567.18547549  
   0.908053841492   2758.36548427  
   0.911686045672   2730.80946474  
    0.91533281677   4087.88672994  
   0.918994155003   3475.00624172  
   0.922670059186   2607.59740523  
   0.926360807225   3404.91534345  
   0.930066213277    1395.8754859  
   0.933786464124   1870.19496057  
   0.937521655387   2166.85551639  
   0.941271691238   1358.43345584  
    0.94503676327   2421.37365931  
   0.948816969728   1638.92656306  
   0.952612212787   2796.19901274  
   0.956422689039   919.225269609  
    0.96024839901   2500.37514977  
   0.964089341764   2051.93178319  
   0.967945719061   730.926374952  
   0.971817531867   1496.73623885  
   0.975704779678   2235.06197305  
   0.979607565052   1476.86827662  
   0.983525992373   2158.30270934  
    0.98746016788   1660.69896245  
    0.99140998551   1077.55618428  
   0.995375550182    1158.4154465  
   0.999357077529   1675.41925581  
    1.00335456921   1377.93298785  
     1.0073679148   1534.89488369  
    1.01139744463   1892.97712359  
    1.01544304873   769.266439841  
    1.01950483853    900.75432223  
    1.02358281331   750.393586192  
    1.02767708587   1953.50323402  
    1.03178788711   1165.31408484  
    1.03591498602   799.541310179  
    1.04005861403   1513.57628264  
    1.04421888967   1811.09789182  
     1.0483958139   1757.40557426  
    1.05258938609   1517.85434408  
    1.05679972569   1519.33691379  
    1.06102695441   934.925515969  
    1.06527107257   2147.02813767  
     1.0695320789   1177.51436047  
    1.07381022173   1952.65951369  
    1.07810550248   1186.87074634  
    1.08241792093   1840.72314438  
    1.08674760389   1428.19489592  
    1.09109455089   1164.67746563  
    1.09545895593     1379.325848  
    1.09984075394   851.720478696  
    1.10424014184   1172.43649684  
    1.10865712028   1432.73994317  
    1.11309168825   1651.84056083  
    1.11754411518   1449.79351221  
    1.12201426596   1799.98427427  
    1.12650234506   869.305322464  
    1.13100835277   1972.60391562  
    1.13553235792    2214.6807885  
    1.14007450061   784.815663728  
    1.14463478098   3108.69852455  
    1.14921334131   2308.87331582  
    1.15381018168   1452.26979998  
    1.15842544658    2121.7082288  
    1.16305913603   2081.00282066  
    1.16771132256   1998.51109173  
    1.17238222901   1305.34205766  
     1.1770717062   2675.75538959  
    1.18178005487   1306.87648894  
    1.18650712344   1910.04491835  
    1.19125314023   2764.94195007  
    1.19601818322   2798.39475163  
    1.20080225251   3070.51804096  
    1.20560542555   2602.48165494  
     1.2104278603   2110.99827716  
    1.21526955699   2780.52778513  
    1.22013067626   3914.88835242  
    1.22501121851   3581.68383787  
    1.22991126469   2864.21865299  
    1.23483089651   3350.50730744  
    1.23977019641   4059.87303205  
    1.24472933202   3315.59368685  
    1.24970821917    3998.9116481  
    1.25470702642   3887.92434836  
    1.25972583937   3128.46170204  
    1.26476474446   3839.08601891  
    1.26982382899   5707.47779924  
    1.27490309256   3623.27551427  
    1.28000271133   4775.72586058  
    1.28512277523   3524.69965294  
     1.2902632844   4190.97767635  
    1.29542432843    5628.8353718  
    1.30060599784   4774.68232866  
    1.30580838408   3405.06902056  
     1.3110316732   5138.99648897  
    1.31627577206   4174.32607993  
    1.32154086795   3727.10959891  
    1.32682705626    3070.1061419  
    1.33213433675   4093.78279796  
    1.33746290205   3184.33392952  
    1.34281275249   2005.37289262  
    1.34818398535   3587.17190926  
    1.35357669902   4281.16931254  
    1.35899099299   5441.29037341  
    1.36442696787   2630.77274959  
    1.36988472544   3355.75245162  
    1.37536426557   4437.51392857  
    1.38086568994   1997.76713367  
     1.3863892061   2955.60548986  
    1.39193470951   2395.46818067  
    1.39750240935   1592.92360054  
    1.40309251941   3765.80698968  
    1.40870482573   1844.74390973  
    1.41433965025    4123.1662435  
    1.41999699353   2924.26333638  
    1.42567696474   4125.51728608  
    1.43137967438      3087.16775  
    1.43710523432   1353.06671456  
    1.44285364441   2391.30971886  
    1.44862501663   1367.12950697  
     1.4544195796   1694.82217045  
    1.46023721857   1159.14215689  
    1.46607816418    1991.7935793  
    1.47194253421   2307.51583609  
      1.477830329   1743.70846634  
    1.48374154662   1060.73836515  
    1.48967654556   1865.79053509  
    1.49563532798   1027.40398023  
    1.50161777091   1974.81488221  
    1.50762424051   823.793269571  
    1.51365473797    1310.8560509  
    1.51970938801    1047.4741057  
    1.52578819019   2287.97922354  
    1.53189139745   1190.05486883  
    1.53801901079   890.430159716  
    1.54417102887    2787.7866641  
    1.55034770985    2971.8893999  
    1.55654905389   569.712412216  
    1.56277532485   2561.64893635  
    1.56902639034   1998.93522393  
    1.57530251691   1952.65033471  
    1.58160370472   2025.74482333  
    1.58793008889   855.834716675  
    1.59428180649   3021.55088072  
    1.60065899655   3135.16356342  
    1.60706165945   3702.49419589  
    1.61348993491   2048.57839685  
    1.61994382173   2908.86073843  
    1.62642360449   3284.31032162  
    1.63292928386   2328.61735957  
    1.63946100449   2105.03166022  
     1.6460189132   3713.79880716  
     1.6526028614   2888.00249032  
    1.65921329316   2575.08130549  
    1.66585021079   4617.34996574  
    1.67251361406   4409.02235454  
    1.67920365382    1424.8908287  
    1.68592048325   5561.86525895  
    1.69266410175   4534.15878682  
    1.69943482084   7826.44536512  
    1.70623248366   8344.31036902  
    1.71305740532   6465.52862796  
     1.7199097473   4537.83218432  
    1.72678934875    8335.3852002  
    1.73369653225   6565.51130963  
    1.74063129799    4573.1779857  
    1.74759380992    8135.6613735  
    1.75458423461   8505.70984516  
    1.76160257222   9371.23814234  
    1.76864899066   11140.2621057  
    1.77572348875   8644.83087942  
    1.78282640892   8874.42182785  
     1.7899577528   9959.29996475  
    1.79711751932   8138.01476715  
    1.80430605936   8526.69349719  
    1.81152319598   11860.8950917  
    1.81876928446   7652.40753301  
    1.82604450707   8699.61967139  
    1.83334868291   8221.57282122  
     1.8406819916   7103.58376314  
    1.84804480185   9555.26035276  
    1.85543692875   9030.76910052  
     1.8628585567   9219.04266492  
    1.87031006382   11070.6425068  
    1.87779126121   12965.3841887  
    1.88530253195   9442.66056943  
    1.89284368298   7421.13308862  
    1.90041510239     11047.67189  
    1.90801679125   10230.3552713  
    1.91564874769   6980.45558479  
    1.92331136998   4940.04769159  
    1.93100465998   6192.23759395  
    1.93872861661   8397.87934126  
    1.94648364868   6869.61850972  
    1.95426955095   7571.24154658  
    1.96208652804   5960.78774186  
    1.96993499966    5922.4944233  
    1.97781475664   13015.7124855  
    1.98572600968   5310.20094294  
    1.99366875669   10052.7646423  
    2.00164342911     8543.874668  
    2.00965002913   6059.09463729  
     2.0176887777   6974.99457139  
    2.02575945264   6923.21371416  
    2.03386249764   7274.48048708  
    2.04199791323   10317.5709405  
    2.05016592587   9578.89570322  
    2.05836653531   9269.96800943  
    2.06659997086   8665.94524289  
    2.07486646606   9803.59052323  
    2.08316602235   11085.2116925  
    2.09149863802   11928.2176724  
    2.09986454834   12477.1380755  
    2.10826399303   15452.7509801  
    2.11669697217   18510.1035799  
    2.12516397475   19744.0478951  
    2.13366451009   21696.1545611  
    2.14219906852   18777.4596657  
    2.15076790095   21909.5464914  
    2.15937100899   23250.8244488  
    2.16800864708   29583.5513312  
    2.17668055826   25337.2591836  
    2.18538725457   30787.8159334  
    2.19412886786   34238.6318108  
     2.2029053986   33134.1518801  
    2.21171697719   32095.2329641  
    2.22056386918   37973.5098723  
    2.22944607449   37206.7042641  
     2.2383638626   44377.9357711  
    2.24731737067   40048.1245909  
    2.25630659816   53514.3599608  
    2.26533182065   45526.4986442  
    2.27439317825   57383.2894618  
    2.28349081208   50450.7709305  
    2.29262472114   42215.3660892  
    2.30179518955   53922.7352747  
    2.31100236161   47349.6855123  
    2.32024638274   55931.7304547  
    2.32952739949   53055.0002209  
    2.33884555955   56680.8664895  
     2.3482008616   50665.3031432  
    2.35759375493   57549.8692982  
     2.3670240892   63441.2664182  
    2.37649216717   58750.8341867  
    2.38599814264     61198.77395  
    2.39554217071   55827.7130007  
    2.40512425024   60004.0432796  
    2.41474485293   58355.8436411  
     2.4244038215   58133.3219299  
    2.43410131268   54682.0502978  
    2.44383780997   51238.1489642  
    2.45361315272   54538.4909114  
    2.46342750192   51463.3061239  
    2.47328135334   51679.2357718  
    2.48317437503   57882.6302457  
    2.49310706713     57957.35297  
     2.5030796008    52732.380089  
    2.51309180473   52310.5608513  
    2.52314419199   58094.7688582  
    2.53323676388   49392.0021323  
    2.54336969409   45400.0153514  
      2.553543158    53622.424371  
    2.56375733277   49767.4523593  
    2.57401239734   57520.3744263  
    2.58430853246   59266.4174865  
    2.59464573736   57841.2497124  
    2.60502437702   48884.2047022  
    2.61544445152   51891.4391397  
    2.62590614476   50171.9790252  
    2.63640983195   53347.8282466  
    2.64695551462   39292.8115466  
    2.65754319028   46453.5119384  
    2.66817343412   52916.0921278  
    2.67884605387   57218.6211038  
    2.68956143808   44810.6780295  
    2.70031978513   52582.8289454  
    2.71112109538   56492.9681811  
     2.7219655669   50157.1853054  
    2.73285339999   65540.2398406  
    2.74378479725   48068.1941509  
    2.75475996361   48466.3812637  
    2.76577889803   46271.7598012  
     2.7768420153   42274.5445081  
    2.78794952761   39431.1500423  
    2.79910122283   54799.0449593  
    2.81029773829   54514.6507381  
    2.82153886012   42457.6122155  
    2.83282501905   38568.6194262  
    2.84415621465   49793.1567444  
    2.85553288641   36228.5994096  
     2.8669550358   36279.8873924  
    2.87842288562    43357.109104  
    2.88993666146   35026.5521395  
    2.90149636242   34182.6990576  
    2.91310221432   42162.2241474  
    2.92475467888   37610.9442211  
    2.93645375843   38253.6999464  
    2.94819945083   35763.2336199  
    2.95999246544   38980.1606308  
    2.97183232698    25744.442523  
    2.98371975291   28676.4264736  
    2.99565450142   30502.0173063  
    3.00763705757   21831.5437168  
    3.01966766914   23949.6041629  
    3.03174633682   34063.5960164  
     3.0438733091   22645.3092473  
    3.05604883781   21073.6548529  
    3.06827292179   24122.3725978  
    3.08054607218   14342.3922624  
    3.09286829073   20355.8544631  
    3.10523983715   26837.1594604  
       3.11766071   13433.8509869  
    3.13013143684   18118.1111352  
     3.1426520194   13247.7852606  
     3.1552224546   20512.7876684  
    3.16784328125   16759.8139235  
    3.18051477514   12531.7037499  
    3.19323693827   11076.2099477  
    3.20600976777    15668.296326  
    3.21883382034    19908.479596  
    3.23170909668   12852.3665897  
    3.24463587936   11079.7191316  
    3.25761445513   14798.4444773  
    3.27064511496   10506.2966334  
    3.28372756669   13040.6538486  
    3.29686239202   10760.9871811  
    3.31004988796   9986.74770404  
    3.32329005515   13170.4628385  
    3.33658319242   6435.40086272  
    3.34992960313   6620.49699468  
    3.36332928717   8253.00252915  
    3.37678254987   8379.31161131  
    3.39028970127   9216.32287262  
    3.40385105624   9255.20983738  
    3.41746629822   7808.03588121  
    3.43113637807   7033.75044102  
    3.44486065569   4764.19609788  
    3.45864009442   4050.95772511  
    3.47247469798   3976.71187851  
    3.48636479597   6773.47285397  
    3.50031005569   3611.11790133  
    3.51431147419   7615.19795734  
    3.52836871873   5602.46152022  
    3.54248212415    8094.1243914  
    3.55665203068   5528.35988847  
    3.57087878411   3893.10825074  
    3.58516203559   4576.40626023  
    3.59950283138   4069.98632054  
    3.61390082286    6150.4336585  
    3.62835636186   3970.43364151  
    3.64286980603   613.261865326  
    3.65744115459   6340.96983653  
     3.6720711358   5075.68440413  
    3.68675938494   2631.95255112  
    3.70150626634   8207.59418684  
    3.71631252674   2088.99311052  
    3.73117779346   3288.25689194  
    3.74610244067   3220.27730043  
     3.7610868489   6502.69708509  
    3.77613101678   4736.56713614  
    3.79123572024   3923.34244309  
    3.80640057035   6867.32713716  
    3.82162635332   4064.63706886  
     3.8369126718   4755.32796544  
    3.85226032249   5127.14931201  
    3.86766930695   8331.85660258  
    3.88314003164   6969.72206633  
    3.89867249609   8538.79988957  
    3.91426752862   6878.94413201  
    3.92992429535   5649.47007946  
    3.94564404997   784.144455646  
    3.96142679819   8345.82573881  
    3.97727253972   5831.30928522  
    3.99318170256   5258.93846366  
    4.00915428459   8958.12899904  
    4.02519071885   6867.58461583  
    4.04129144627   3864.75027662  
     4.0574569158   3139.81041259  
    4.07368668043    2359.3297912  
    4.08998118387   3104.15941526  
    4.10634133737   5530.91858022  
    4.12276668611   6486.33929837  
    4.13925768777   3957.38971149  
     4.1558148085   3171.34124398  
    4.17243804884   1568.97826176  
    4.18912788102   879.540017859  
    4.20588430424             0.0  
    4.22270779694   5977.66391394  
    4.23959884661   2528.72709824  
    4.25655696277   2489.69970319  
    4.27358312521   2281.84376295  
    4.29067733583   884.002407815  
    4.30784009553   1557.77114836  
    4.32507140516   2674.98906851  
    4.34237177264   2636.09018178  
    4.35974119784   1734.47683964  
    4.37718045687   1636.97710307  
    4.39468902883   1654.72477443  
    4.41226796031   3379.33916468  
    4.42991698849   2511.94662919  
    4.44763664356   1847.76428865  
    4.46542719446   985.762190813  
    4.48328891197             0.0  
    4.50122206872   2585.52609742  
    4.51922693926   2532.42472432  
    4.53730380009   970.642952829  
    4.55545292971             0.0  
    4.57367489354   950.415135865  
     4.5919694066             0.0  
    4.61033732575             0.0  
    4.62877865296   1001.19240783  
     4.6472939715             0.0  
    4.66588298672             0.0  
    4.68454658297   826.057611855  
     4.7032847621             0.0  
     4.7220978225   780.377491661  
    4.74098637113             0.0  
    4.75995010145   1935.96676614  
    4.77898993408   904.252000686  
    4.79810587133             0.0  
    4.81729854038             0.0  
    4.83656762537             0.0  
     4.8559137564             0.0  
    4.87533757653   915.378320217  
    4.89483876301             0.0  
    4.91441829106             0.0  
    4.93407583344             0.0  
     4.9538123818             0.0  
    4.97362760448             0.0  
    4.99352183074             0.0  
    5.01349607765   678.810285314  
    5.03355000696             0.0  
    5.05368430539             0.0  
    5.07389897276             0.0  
    5.09419470807   1031.10508716  
    5.11457151245             0.0  
     5.1350297384             0.0  
    5.15556974197             0.0  
    5.17619188281             0.0  
    5.19689689217   819.461875118  
    5.21768440439             0.0  
    5.23855515541             0.0  
    5.25950952014             0.0  
    5.28054749769   976.447464653  
    5.30166946194   1643.82843363  
    5.32287617669             0.0  
     5.3441676442             0.0  
    5.36554464285   1497.87676352  
    5.38700678205   926.668158903  
    5.40855484569   929.065802659  
    5.43018883146   1887.08944769  
     5.4519095384    1838.3796892  
    5.47371737491             0.0  
    5.49561234274   913.190392638  
    5.51759443527   1730.34864114  
    5.53966489128   4565.78524918  
    5.56182371703   1756.85479937  
    5.58407091037   2959.10887294  
    5.60640731682   1932.76812896  
    5.62883293749   6071.58897956  
    5.65134819992    2065.7981106  
    5.67395353681   3449.01253501  
    5.69664938618   2847.33781463  
    5.71943619141   3877.47745343  
    5.74231350316    3751.3720924  
     5.7652831125   7469.96898071  
    5.78834412131   6446.60174983  
    5.81149743365   7469.89113884  
    5.83474351021   17061.6687385  
    5.85808235018     12596.75424  
    5.88151488606    9322.1862053  
    5.90504064664   16054.2577301  
    5.92866105146    18631.440583  
    5.95237562645   12167.8459019  
    5.97618533246   16377.4459159  
    6.00008968111   22750.1066883  
    6.02409013633    18458.600007  
     6.0481867053    12317.580076  
    6.07237938609   13354.1457206  
     6.0966686737   19589.7408509  
    6.12105558018   15897.5494014  
    6.14553959755   19508.5134745  
    6.17012174768   28165.1981269  
    6.19480255328    23416.820452  
    6.21958149061   24108.6498901  
    6.24446013397   20224.6184495  
    6.26943795744   27446.3054698  
    6.29451548781   26103.0581839  
    6.31969380334    20292.098192  
    6.34497236227   17267.2087688  
    6.37035225392    17389.018433  
    6.39583347869   21128.5687265  
    6.42141715049   25918.3773556  
    6.44710271082   22055.5694832  
    6.47289128537   17495.1509863  
    6.49878287572    21409.919457  
    6.52477805342   15032.3620898  
      6.550876814   22575.1733097  
    6.57708032125   16919.7543967  
    6.60338857865   23013.3352318  
    6.62980217829   26249.5432584  
     6.6563217212   26223.4684167  
    6.68294660092   11295.8999992  
    6.70967863407    8873.3135074  
    6.73651721316   12217.6539782  
    6.76346356996   9304.10895345  
    6.79051708144   8192.62422668  
    6.81767899338   9692.38672259  
    6.84494994327      18362.3425  
    6.87232993526   12768.8444214  
    6.89981896307   5220.94190534  
    6.92741831705   12427.4401911  
    6.95512800081   15637.8372793  
    6.98294867158   9525.92851963  
    7.01088032757   9601.48554929  
     7.0389236311   7089.88391003  
    7.06707925516   6741.56041549  
    7.09534788362   4219.81386334  
    7.12372952024   9630.37157197  
    7.15222415796   3844.44040731  
    7.18083318331   10418.1597263  
    7.20955660066   4825.20098172  
    7.23839440342   3235.52094951  
    7.26734801256   11866.3109075  
     7.2964174335   3224.58861295  
    7.32560339154    4404.7582324  
     7.3549058873   6272.35449219  
    7.38432565288    3902.4419962  
    7.41386268406   3764.03528232  
    7.44351771988   2738.21178971  
    7.47329227265   2939.95024236  
    7.50318559143   2936.80261019  
    7.53319843542   1362.90894078  
    7.56333079768             0.0  
    7.59358423039   4040.68925877  
    7.62395874079             0.0  
    7.65445432458   2701.39252893  
    7.68507177011   4183.79239744  
    7.71581269039   4072.39806048  
    7.74667546895   5754.94813016  
    7.77766254505   1527.47623626  
    7.80877310258   4507.18250879  
    7.84000796151   1529.47623171  
    7.87136795637             0.0  
    7.90285393657   4695.11913421  
    7.93446505168   3032.11530852  
    7.96620300486    1502.2156835  
    7.99806779953   6063.00940773  
    8.03006030517   1529.69225526  
     8.0621805217   5086.23828778  
    8.09442932911             0.0  
    8.12680672387   1726.75010718  
    8.15931359673   1726.11097651  
    8.19195085476             0.0  
    8.22471942171             0.0  
    8.25761745204   1693.32425003  
    8.29064864545   1722.54773525  
    8.32381114603   3386.01561752  
    8.35710587897   1727.04824706  
    8.39053474565             0.0  
    8.42409679606   1085.38302197  
    8.45779298527   1721.72132779  
    8.49162428634   2633.57361198  
    8.52559070065   1726.01053578  
    8.55969321454   1566.35631014  
    8.59393182709   2663.80680255  
    8.62830753824     1256.853496  
    8.66282136702             0.0  
    8.69747229125    1358.6334907  
    8.73226235834   2686.15544508  
    8.76719105115   1358.48741124  
    8.80225993308   4133.81263634  
    8.83746900884   8272.81250175  
    8.87281880584   7238.02383785  
    8.90830985498    2812.1556303  
    8.94394323548   8241.54838293  
    8.97971894935   4500.83449915  
      9.015638092   9697.87555371  
    9.05170066437   8538.72153434  
    9.08790721605   12772.4693763  
    9.12425886751   7192.61516498  
    9.16075618987   11838.2473128  
     9.1973991825    23408.875712  
    9.23418841136   13518.1135932  
    9.27112561745   19758.7348505  
    9.30820963329   14769.0395623  
    9.34544280832   18448.1594182  
    9.38282455567    13548.628429  
    9.42035546382   27972.8883777  
    9.45803734441   23949.1390432  
    9.49586959654   17030.0665813  
    9.53385282337   14015.3047419  
    9.57198825704   13081.1377203  
    9.61027589683   19929.7763659  
    9.64871699537   14896.3700343  
    9.68731219181   14834.3869182  
    9.72606148678   23690.2922068  
     9.7649655154   31361.1512087  
    9.80402557306   30594.6468635  
    9.84324166221   26164.1273678  
    9.88261443541   21242.7138755  
    9.92214522171   27159.6491581  
    9.96183335024   37669.9874342  
    10.0016808383   23392.0013474  
     10.041687693   21473.5696329  
    10.0818545982   19915.5747765  
    10.1221815468    14886.812005  
    10.1626706261   12665.7444132  
    10.2033211391    21834.888845  
    10.2441344948    279975.06926  
