      wave_micron        flux_mjy  
  0.0156853443263             0.0  
  0.0157424663449             0.0  
  0.0158054356507             0.0  
  0.0158686569118             0.0  
  0.0159321318584             0.0  
  0.0159958604977             0.0  
  0.0160598445808             0.0  
  0.0161240841083             0.0  
  0.0161885808528             0.0  
  0.0162533348082             0.0  
  0.0163183477691             0.0  
  0.0163836215635             0.0  
  0.0164491561976             0.0  
  0.0165149516526             0.0  
  0.0165810116545             0.0  
  0.0166473362235             0.0  
  0.0167139253547             0.0  
  0.0167807809484             0.0  
  0.0168479049407             0.0  
  0.0169152953802             0.0  
  0.0169829561599             0.0  
  0.0170508892791             0.0  
  0.0171190927561             0.0  
  0.0171875685703             0.0  
  0.0172563187389             0.0  
  0.0173253453176             0.0  
  0.0173946452152             0.0  
  0.0174642246251             0.0  
  0.0175340814816             0.0  
  0.0176042178752             0.0  
  0.0176746348662             0.0  
  0.0177453324422             0.0  
  0.0178163138284             0.0  
  0.0178875790356             0.0  
  0.0179591302593             0.0  
   0.018030966394             0.0  
  0.0181030896418             0.0  
  0.0181755022485             0.0  
  0.0182482042211             0.0  
  0.0183211978404             0.0  
  0.0183944819524             0.0  
  0.0184680600153             0.0  
  0.0185419320346             0.0  
  0.0186161003639             0.0  
  0.0186905650087             0.0  
  0.0187653271533             0.0  
  0.0188403879917             0.0  
  0.0189157499541             0.0  
  0.0189914130476             0.0  
  0.0190673784962             0.0  
  0.0191436475346             0.0  
  0.0192202226747             0.0  
  0.0192971026499             0.0  
  0.0193742912707             0.0  
  0.0194517885495             0.0  
  0.0195295957766             0.0  
  0.0196077142543             0.0  
  0.0196861452965             0.0  
  0.0197648902299             0.0  
  0.0198439490432             0.0  
  0.0199233257773             0.0  
  0.0200030190859             0.0  
  0.0200830303139             0.0  
   0.020163362213             0.0  
   0.020244016188             0.0  
  0.0203249922415             0.0  
  0.0204062917725             0.0  
  0.0204879176333             0.0  
  0.0205698683849             0.0  
  0.0206521483595             0.0  
  0.0207347575754             0.0  
  0.0208176960197             0.0  
  0.0209009666426             0.0  
  0.0209845709483             0.0  
   0.021068508935             0.0  
  0.0211527836369             0.0  
  0.0212373935147             0.0  
  0.0213223431819             0.0  
  0.0214076326548             0.0  
  0.0214932635009             0.0  
  0.0215792373054             0.0  
  0.0216655540623             0.0  
  0.0217522153544             0.0  
  0.0218392244177             0.0  
  0.0219265812629             0.0  
  0.0220142875284             0.0  
   0.022102344872             0.0  
  0.0221907549711             0.0  
  0.0222795178215             0.0  
     0.0223686351             0.0  
  0.0224581102329             0.0  
  0.0225479432363             0.0  
  0.0226381340923             0.0  
    0.02272868629             0.0  
  0.0228196016112             0.0  
  0.0229108800607             0.0  
  0.0230025234219             0.0  
  0.0230945335011             0.0  
  0.0231869121271             0.0  
  0.0232796592944             0.0  
  0.0233727787076             0.0  
  0.0234662684912             0.0  
  0.0235601342854             0.0  
  0.0236543742035             0.0  
  0.0237489920624             0.0  
  0.0238439878675             0.0  
  0.0239393635529             0.0  
  0.0240351210781             0.0  
  0.0241312624294             0.0  
  0.0242277876074             0.0  
  0.0243246986042             0.0  
  0.0244219974394             0.0  
  0.0245196840988             0.0  
  0.0246177647639             0.0  
  0.0247162353057             0.0  
  0.0248150998684             0.0  
  0.0249143605646             0.0  
  0.0250140173915             0.0  
  0.0251140746327             0.0  
  0.0252145301323             0.0  
  0.0253153882178             0.0  
  0.0254166488883             0.0  
   0.025518316569             0.0  
  0.0256203890373             0.0  
  0.0257228707652             0.0  
  0.0258257617563             0.0  
  0.0259290665849             0.0  
  0.0260327829623             0.0  
  0.0261369131704             0.0  
  0.0262414618859             0.0  
  0.0263464267569             0.0  
  0.0264518125117             0.0  
  0.0265576191548             0.0  
  0.0266638490876             0.0  
  0.0267705047483             0.0  
  0.0268775886124             0.0  
   0.026985098201             0.0  
  0.0270930384635             0.0  
  0.0272014093945             0.0  
   0.027310216061             0.0  
  0.0274194559189             0.0  
  0.0275291340945             0.0  
  0.0276392505996             0.0  
  0.0277498080437             0.0  
  0.0278608064171             0.0  
  0.0279722510321             0.0  
  0.0280841392175             0.0  
  0.0281964763499             0.0  
  0.0283092624414             0.0  
  0.0284225002304             0.0  
  0.0285361897086             0.0  
  0.0286503336378             0.0  
  0.0287649348254             0.0  
  0.0288799961254             0.0  
  0.0289955146745             0.0  
  0.0291114961891             0.0  
  0.0292279435974             0.0  
  0.0293448539722             0.0  
  0.0294622331746             0.0  
  0.0295800842108             0.0  
  0.0296984040898             0.0  
  0.0298171957753             0.0  
  0.0299364653541             0.0  
   0.030056212869             0.0  
  0.0301764351955             0.0  
   0.030297141651             0.0  
  0.0304183322902             0.0  
   0.030540003925             0.0  
  0.0306621628877             0.0  
  0.0307848124195             0.0  
  0.0309079525434             0.0  
  0.0310315832356             0.0  
    0.03115571108             0.0  
  0.0312803327616             0.0  
  0.0314054549548             0.0  
  0.0315310776845             0.0  
  0.0316572009275             0.0  
  0.0317838280754             0.0  
  0.0319109660721             0.0  
  0.0320386079596             0.0  
  0.0321667642428             0.0  
  0.0322954314137             0.0  
  0.0324246130101             0.0  
  0.0325543090014             0.0  
  0.0326845266313             0.0  
  0.0328152659439             0.0  
  0.0329465269336             0.0  
  0.0330783132954             0.0  
   0.033210625012             0.0  
   0.033343469638             0.0  
  0.0334768433941             0.0  
  0.0336107500733             0.0  
  0.0337451935402             0.0  
   0.033880173797             0.0  
  0.0340156947608             0.0  
  0.0341517564247             0.0  
  0.0342883627599             0.0  
  0.0344255178135             0.0  
  0.0345632175188             0.0  
   0.034701474139             0.0  
  0.0348402773911             0.0  
  0.0349796396789             0.0  
  0.0351195589536             0.0  
   0.035260035177             0.0  
  0.0354010768498             0.0  
  0.0355426796991             0.0  
  0.0356848523573             0.0  
  0.0358275904781             0.0  
  0.0359709006102             0.0  
  0.0361147849876             0.0  
  0.0362592436068             0.0  
  0.0364042809523             0.0  
  0.0365498970178             0.0  
  0.0366960986659             0.0  
  0.0368428812899             0.0  
  0.0369902541514             0.0  
  0.0371382149325             0.0  
  0.0372867683334             0.0  
  0.0374359143444             0.0  
  0.0375856577413             0.0  
  0.0377360009557             0.0  
  0.0378869439793             0.0  
  0.0380384917058             0.0  
  0.0381906466288             0.0  
  0.0383434087434             0.0  
  0.0384967830666             0.0  
   0.038650769597             0.0  
  0.0388053734364             0.0  
   0.038960594588             0.0  
  0.0391164356184             0.0  
  0.0392729017611             0.0  
  0.0394299930284             0.0  
  0.0395877147451             0.0  
  0.0397460642231             0.0  
  0.0399050495458             0.0  
  0.0400646707415             0.0  
   0.040224927778             0.0  
  0.0403858289483             0.0  
  0.0405473714781             0.0  
  0.0407095609641             0.0  
  0.0408724002575             0.0  
  0.0410358893525             0.0  
  0.0412000310899             0.0  
  0.0413648312727             0.0  
  0.0415302928712             0.0  
  0.0416964129266             0.0  
  0.0418631973335             0.0  
  0.0420306521135             0.0  
  0.0421987742598             0.0  
   0.042367569835             0.0  
  0.0425370388292             0.0  
  0.0427071874205             0.0  
  0.0428780156177             0.0  
   0.043049526541             0.0  
  0.0432217265482             0.0  
  0.0433946124512             0.0  
  0.0435681906547             0.0  
  0.0437424644236             0.0  
  0.0439174337544             0.0  
   0.044093105242             0.0  
  0.0442694755483             0.0  
  0.0444465547052             0.0  
  0.0446243393465             0.0  
  0.0448028362515             0.0  
  0.0449820488816             0.0  
  0.0451619772443             0.0  
  0.0453426248022             0.0  
  0.0455239950608             0.0  
   0.045706091569             0.0  
  0.0458889143101             0.0  
  0.0460724704748             0.0  
   0.046256760079             0.0  
   0.046441790463             0.0  
  0.0466275542247             0.0  
  0.0468140661927             0.0  
  0.0470013226687             0.0  
  0.0471893273967             0.0  
  0.0473780841697             0.0  
  0.0475675968309             0.0  
  0.0477578692744             0.0  
  0.0479488975641             0.0  
   0.048140693455             0.0  
  0.0483332569947             0.0  
  0.0485265921937             0.0  
  0.0487206949799             0.0  
  0.0489155815836             0.0  
   0.049111243877             0.0  
   0.049307685897             0.0  
  0.0495049159376             0.0  
  0.0497029382501             0.0  
  0.0499017486086             0.0  
   0.050101355483             0.0  
  0.0503017632032             0.0  
  0.0505029674168             0.0  
  0.0507049811828             0.0  
   0.050907800134             0.0  
  0.0511114331187             0.0  
    0.05131587565             0.0  
  0.0515211412192             0.0  
  0.0517272253272             0.0  
  0.0519341324971             0.0  
  0.0521418719793             0.0  
  0.0523504391491             0.0  
  0.0525598386228             0.0  
  0.0527700798601             0.0  
  0.0529811581091             0.0  
  0.0531930829348             0.0  
   0.053405854351             0.0  
   0.053619482147             0.0  
  0.0538339564734             0.0  
  0.0540492921197             0.0  
  0.0542654891273             0.0  
  0.0544825525434             0.0  
  0.0547004823653             0.0  
  0.0549192836769             0.0  
  0.0551389616421             0.0  
  0.0553595162538             0.0  
  0.0555809580109             0.0  
  0.0558032816516             0.0  
  0.0560264924201             0.0  
  0.0562506010693             0.0  
  0.0564756022102             0.0  
  0.0567015067269             0.0  
  0.0569283091019             0.0  
  0.0571560259525             0.0  
  0.0573846461207             0.0  
  0.0576141864508             0.0  
  0.0578446412999             0.0  
  0.0580760220995             0.0  
  0.0583083230765             0.0  
  0.0585415558071             0.0  
  0.0587757262298             0.0  
  0.0590108284451             0.0  
  0.0592468683068             0.0  
   0.059483857834             0.0  
      0.059721791             0.0  
   0.059960679981             0.0  
  0.0602005248295             0.0  
  0.0604413255067             0.0  
  0.0606830881933             0.0  
  0.0609258255401             0.0  
  0.0611695248559             0.0  
  0.0614142052735             0.0  
  0.0616598603809             0.0  
  0.0619065031726             0.0  
  0.0621541271011             0.0  
  0.0624027453381             0.0  
  0.0626523579279             0.0  
  0.0629029648195             0.0  
  0.0631545727019             0.0  
  0.0634071952761             0.0  
  0.0636608257455             0.0  
  0.0639154639987             0.0  
  0.0641711310012             0.0  
  0.0644278127187             0.0  
  0.0646855232552             0.0  
  0.0649442626117             0.0  
  0.0652040452661             0.0  
  0.0654648566764             0.0  
  0.0657267187584             0.0  
  0.0659896241762             0.0  
  0.0662535878291             0.0  
  0.0665186022408             0.0  
  0.0667846748831             0.0  
  0.0670518133677             0.0  
  0.0673200176808             0.0  
  0.0675892955364             0.0  
  0.0678596547942             0.0  
  0.0681310955057             0.0  
  0.0684036176189             0.0  
  0.0686772371465             0.0  
  0.0689519460626             0.0  
  0.0692277524068             0.0  
  0.0695046643732             0.0  
  0.0697826819665             0.0  
  0.0700618092917             0.0  
  0.0703420589619             0.0  
   0.070623426789             0.0  
  0.0709059212687             0.0  
  0.0711895423753             0.0  
  0.0714743031091             0.0  
  0.0717601991258             0.0  
  0.0720472391778             0.0  
  0.0723354277057             0.0  
  0.0726247691824             0.0  
  0.0729152681139             0.0  
    0.07320692904             0.0  
  0.0734997565348             0.0  
  0.0737937552076             0.0  
  0.0740889344083             0.0  
  0.0743852894469             0.0  
  0.0746828297095             0.0  
  0.0749815599532             0.0  
  0.0752814849739             0.0  
  0.0755826145031             0.0  
  0.0758849436633             0.0  
  0.0761884822289             0.0  
  0.0764932351588             0.0  
  0.0767992074549             0.0  
  0.0771064092587             0.0  
  0.0774148303731             0.0  
  0.0777244912211             0.0  
  0.0780353918892             0.0  
  0.0783475323458             0.0  
  0.0786609230457             0.0  
  0.0789755639691             0.0  
  0.0792914657527             0.0  
   0.079608633823             0.0  
  0.0799270681838             0.0  
  0.0802467742357             0.0  
   0.080567762995             0.0  
  0.0808900344938             0.0  
   0.081213594294             0.0  
  0.0815384480128             0.0  
  0.0818646013243             0.0  
  0.0821920599602             0.0  
  0.0825208297115             0.0  
  0.0828509105458             0.0  
  0.0831823141643             0.0  
   0.083515046541             0.0  
  0.0838491076875             0.0  
  0.0841845035616             0.0  
  0.0845212401854             0.0  
  0.0848593236462             0.0  
   0.085198760098             0.0  
   0.085539555763             0.0  
  0.0858817169328             0.0  
  0.0862252435974             0.0  
  0.0865701420383             0.0  
  0.0869164250829             0.0  
  0.0872640927855             0.0  
  0.0876131450676             0.0  
  0.0879636016111             0.0  
  0.0883154558578             0.0  
   0.088668714379             0.0  
  0.0890233906167             0.0  
  0.0893794846157             0.0  
  0.0897370031866             0.0  
  0.0900959462655             0.0  
  0.0904563346886             0.0  
  0.0908181615483             0.0  
  0.0911814338254             0.0  
  0.0915461585877             0.0  
  0.0919123429913             0.0  
  0.0922799869838             0.0  
  0.0926491124422             0.0  
   0.093019704726             0.0  
  0.0933917859573             0.0  
  0.0937653562234             0.0  
  0.0941404154694             0.0  
  0.0945169788091             0.0  
  0.0948950462631             0.0  
  0.0952746254872             0.0  
  0.0956557242391             0.0  
  0.0960383424748             0.0  
    0.09642249594             0.0  
  0.0968081927081             0.0  
  0.0971954247693             0.0  
    0.09758420003             0.0  
  0.0979745429595             0.0  
  0.0983664371996             0.0  
  0.0987599075112             0.0  
  0.0991549455969             0.0  
  0.0995515597278             0.0  
  0.0999497668536             0.0  
   0.100349567056             0.0  
   0.100750968963             0.0  
    0.10115397256             0.0  
   0.101558586513             0.0  
   0.101964819616             0.0  
   0.102372680792             0.0  
   0.102782170036             0.0  
   0.103193296316             0.0  
   0.103606068731             0.0  
   0.104020496516             0.0  
   0.104436579694             0.0  
   0.104854327552             0.0  
   0.105273740019             0.0  
   0.105694836009             0.0  
   0.106117615583             0.0  
   0.106542088371             0.0  
   0.106968254342             0.0  
    0.10739613307             0.0  
   0.107825714704             0.0  
   0.108257019043             0.0  
   0.108690046111             0.0  
    0.10912480597             0.0  
   0.109561308842             0.0  
   0.109999544368             0.0  
   0.110439543503             0.0  
   0.110881306421             0.0  
   0.111324833128             0.0  
   0.111770134167             0.0  
   0.112217209458             0.0  
   0.112666080506             0.0  
   0.113116747406             0.0  
   0.113569210079             0.0  
    0.11402349056             0.0  
    0.11447957772             0.0  
   0.114937505188             0.0  
   0.115397250435             0.0  
   0.115858836044             0.0  
    0.11632227356             0.0  
   0.116787563027             0.0  
   0.117254716096             0.0  
   0.117723732736             0.0  
   0.118194624709             0.0  
   0.118667403978             0.0  
    0.11914207054             0.0  
   0.119618648741             0.0  
   0.120097114076             0.0  
   0.120577503377             0.0  
   0.121059816793             0.0  
   0.121544054295             0.0  
   0.122030228427             0.0  
   0.122518351955             0.0  
   0.123008424898             0.0  
    0.12350046016             0.0  
   0.123994457695             0.0  
   0.124490443835             0.0  
   0.124988405397             0.0  
   0.125488355577             0.0  
   0.125990307807             0.0  
   0.126494275758             0.0  
   0.127000245701             0.0  
   0.127508245074             0.0  
    0.12801828796             0.0  
   0.128530360378             0.0  
   0.129044476247             0.0  
   0.129560649739             0.0  
   0.130078895284             0.0  
   0.130599212962             0.0  
   0.131121602652             0.0  
   0.131646093737             0.0  
   0.132172686404             0.0  
   0.132701365544             0.0  
   0.133232176219             0.0  
   0.133765103397             0.0  
   0.134300162271             0.0  
   0.134837368321             0.0  
   0.135376721612             0.0  
   0.135918222001             0.0  
   0.136461901057             0.0  
   0.137007742892             0.0  
   0.137555779549             0.0  
   0.138105994852             0.0  
   0.138658421326             0.0  
   0.139213050809             0.0  
   0.139769908149             0.0  
   0.140328985025             0.0  
   0.140890298152             0.0  
   0.141453864571             0.0  
   0.142019675725             0.0  
   0.142587757413             0.0  
   0.143158109703             0.0  
   0.143730741295             0.0  
   0.144305660953             0.0  
     0.1448828865             0.0  
   0.145462417974             0.0  
   0.146044264332             0.0  
   0.146628443812             0.0  
    0.14721495644             0.0  
   0.147803820742             0.0  
   0.148395036739             0.0  
   0.148988613741             0.0  
   0.149584570717             0.0  
    0.15018290769             0.0  
   0.150783634197             0.0  
   0.151386769673             0.0  
   0.151992324049             0.0  
   0.152600287381             0.0  
   0.153210689412             0.0  
    0.15382353019             0.0  
   0.154438829972             0.0  
   0.155056578518             0.0  
    0.15567680657             0.0  
   0.156299514214             0.0  
    0.15692471185             0.0  
   0.157552409977             0.0  
    0.15818261919             0.0  
   0.158815350183             0.0  
   0.159450613755             0.0  
   0.160088420804             0.0  
   0.160728771267             0.0  
   0.161371687153             0.0  
   0.162017168434             0.0  
   0.162665237514             0.0  
   0.163315905841             0.0  
   0.163969161936             0.0  
   0.164625040157             0.0  
   0.165283540598             0.0  
   0.165944674901             0.0  
   0.166608454833             0.0  
   0.167274892283             0.0  
   0.167943987181             0.0  
   0.168615763567             0.0  
   0.169290221434             0.0  
    0.16996738528             0.0  
   0.170647255169             0.0  
   0.171329843488             0.0  
   0.172015162761             0.0  
   0.172703225652             0.0  
   0.173394044972             0.0  
   0.174087620686             0.0  
   0.174783965587             0.0  
   0.175483105814             0.0  
   0.176185028167             0.0  
   0.176889772394             0.0  
   0.177597338699             0.0  
   0.178307727023             0.0  
   0.179020950763             0.0  
   0.179737037323             0.0  
   0.180455986807             0.0  
   0.181177813108             0.0  
   0.181902516113             0.0  
   0.182630138307             0.0  
   0.183360651225             0.0  
   0.184094097823             0.0  
   0.184830478239             0.0  
   0.185569792332             0.0  
   0.186312069427             0.0  
   0.187057324515             0.0  
   0.187805542552             0.0  
   0.188556768668             0.0  
   0.189311003085             0.0  
   0.190068245741             0.0  
   0.190828511884             0.0  
   0.191591832701             0.0  
   0.192358192514             0.0  
     0.1931276228             0.0  
   0.193900139646             0.0  
   0.194675743117             0.0  
    0.19545444935             0.0  
   0.196236258206             0.0  
    0.19702120251             0.0  
   0.197809299078             0.0  
   0.198600531156             0.0  
   0.199394932263             0.0  
   0.200192502344             0.0  
   0.200993275664             0.0  
   0.201797252382             0.0  
   0.202604449942             0.0  
   0.203414868307             0.0  
   0.204228525003             0.0  
    0.20504543781             0.0  
   0.205865624771             0.0  
   0.206689085885             0.0  
   0.207515839287             0.0  
   0.208345903386             0.0  
   0.209179278109             0.0  
   0.210016000869             0.0  
   0.210856071857             0.0  
   0.211699490941             0.0  
   0.212546277026             0.0  
   0.213396468821             0.0  
   0.214250046937             0.0  
   0.215107050522             0.0  
    0.21596747968             0.0  
   0.216831354335             0.0  
   0.217698674411             0.0  
   0.218569480447             0.0  
   0.219443752038             0.0  
   0.220321530195             0.0  
   0.221202814979             0.0  
    0.22208762725             0.0  
   0.222975966893             0.0  
   0.223867876408             0.0  
   0.224763356022             0.0  
    0.22566240562             0.0  
   0.226565046741             0.0  
   0.227471323449             0.0  
   0.228381191466             0.0  
   0.229294717399             0.0  
   0.230211901517             0.0  
   0.231132743741             0.0  
   0.232057289795             0.0  
    0.23298551673             0.0  
   0.233917447399             0.0  
   0.234853128678             0.0  
   0.235792537111             0.0  
   0.236735696159             0.0  
   0.237682653894             0.0  
   0.238633386357             0.0  
   0.239587917649             0.0  
   0.240546272283             0.0  
   0.241508450202             0.0  
   0.242474476173             0.0  
   0.243444375393             0.0  
   0.244418147897             0.0  
   0.245395819152             0.0  
   0.246377415072             0.0  
   0.247362935807             0.0  
   0.248352381126             0.0  
   0.249345777063             0.0  
   0.250343176971             0.0  
   0.251344527244             0.0  
   0.252349908614             0.0  
    0.25335932151             0.0  
   0.254372765977             0.0  
   0.255390241673             0.0  
   0.256411804211             0.0  
   0.257437453804             0.0  
   0.258467218904             0.0  
   0.259501070763             0.0  
   0.260539066586             0.0  
   0.261581235703             0.0  
   0.262627548869             0.0  
   0.263678064881             0.0  
   0.264732783961             0.0  
    0.26579170593             0.0  
   0.266854891235             0.0  
   0.267922309574             0.0  
   0.268993991277             0.0  
   0.270069967242             0.0  
   0.271150237445             0.0  
   0.272234833207             0.0  
   0.273323786442             0.0  
   0.274417065131             0.0  
   0.275514733392             0.0  
   0.276616791411             0.0  
   0.277723272009             0.0  
   0.278834175318             0.0  
   0.279949501047             0.0  
   0.281069299253             0.0  
   0.282193587055             0.0  
   0.283322347287             0.0  
   0.284455648488             0.0  
   0.285593473589             0.0  
   0.286735839763             0.0  
    0.28788278206             0.0  
   0.289034318324             0.0  
    0.29019044848             0.0  
    0.29135120839             0.0  
   0.292516616291             0.0  
   0.293686690561             0.0  
   0.294861431089             0.0  
   0.296040874868             0.0  
   0.297225040705             0.0  
   0.298413947558             0.0  
   0.299607595302             0.0  
    0.30080602213             0.0  
   0.302009247464             0.0  
    0.30321729089             0.0  
     0.3044301523             0.0  
   0.305647871155             0.0  
   0.306870467543             0.0  
   0.308097941391             0.0  
   0.309330333157             0.0  
   0.310567663464             0.0  
   0.311809932292             0.0  
   0.313057181141             0.0  
   0.314309410034             0.0  
   0.315566639853             0.0  
   0.316828913182             0.0  
   0.318096230131             0.0  
   0.319368612178             0.0  
   0.320646081009             0.0  
   0.321928658521             0.0  
   0.323216389208             0.0  
   0.324509250809             0.0  
   0.325807288084             0.0  
   0.327110523813             0.0  
   0.328418957898             0.0  
   0.329732636328             0.0  
   0.331051559108             0.0  
   0.332375773078             0.0  
   0.333705278357             0.0  
   0.335040098608             0.0  
   0.336380257747             0.0  
   0.337725779946             0.0  
   0.339076665006             0.0  
   0.340432986705             0.0  
   0.341794720546             0.0  
   0.343161891185             0.0  
   0.344534548985             0.0  
   0.345912668488             0.0  
   0.347296326266             0.0  
   0.348685522677             0.0  
   0.350080257549             0.0  
   0.351480583114             0.0  
   0.352886499387             0.0  
   0.354298059636             0.0  
   0.355715236968             0.0  
   0.357138112398             0.0  
   0.358566658811             0.0  
   0.360000930978             0.0  
   0.361440928903             0.0  
   0.362886680252             0.0  
   0.364338241478             0.0  
   0.365795584278             0.0  
   0.367258765579             0.0  
   0.368727814453             0.0  
   0.370202701609             0.0  
   0.371683514657             0.0  
   0.373170253946             0.0  
   0.374662949342             0.0  
   0.376161600777             0.0  
   0.377666238169             0.0  
    0.37917689183             0.0  
   0.380693623523             0.0  
   0.382216371204             0.0  
   0.383745259568             0.0  
   0.385280225907             0.0  
   0.386821365205             0.0  
   0.388368645644             0.0  
   0.389922098941             0.0  
   0.391481790084             0.0  
   0.393047719354             0.0  
   0.394619919803             0.0  
   0.396198391308             0.0  
   0.397783200948             0.0  
   0.399374314825             0.0  
   0.400971835143             0.0  
   0.402575693153             0.0  
   0.404186027304             0.0  
    0.40580276818             0.0  
   0.407425985771             0.0  
   0.409055680001             0.0  
   0.410691886307             0.0  
   0.412334677075             0.0  
   0.413984016222             0.0  
   0.415639939898             0.0  
   0.417302484792             0.0  
   0.418971688138             0.0  
    0.42064758773             0.0  
   0.422330183714             0.0  
   0.424019514119             0.0  
   0.425715578715             0.0  
    0.42741845491             0.0  
   0.429128103577             0.0  
   0.430844642772             0.0  
   0.432567993229             0.0  
   0.434298274541             0.0  
   0.436035487278             0.0  
   0.437779631355             0.0  
   0.439530747406             0.0  
   0.441288876713             0.0  
   0.443054019149             0.0  
   0.444826216307             0.0  
   0.446605553183             0.0  
   0.448391944501             0.0  
   0.450185518681             0.0  
   0.451986276277             0.0  
   0.453794217163             0.0  
   0.455609384994             0.0  
   0.457431824142             0.0  
   0.459261534513             0.0  
   0.461098606424             0.0  
   0.462942994629             0.0  
   0.464794744293             0.0  
   0.466653947995             0.0  
   0.468520559477             0.0  
   0.470394625092             0.0  
    0.47227623977             0.0  
   0.474165308069             0.0  
   0.476061973558             0.0  
   0.477966236859             0.0  
   0.479878097875             0.0  
    0.48179760551             0.0  
   0.483724809516             0.0  
   0.485659709962             0.0  
   0.487602357123             0.0  
   0.489552750798             0.0  
   0.491510941797             0.0  
   0.493476981822             0.0  
   0.495450923487             0.0  
   0.497432714296             0.0  
   0.499422459632             0.0  
   0.501420159773             0.0  
   0.503425814233             0.0  
    0.50543953123             0.0  
   0.507461256159   2.55878057414  
   0.509491098746             0.0  
   0.511529115411             0.0  
   0.513575194045             0.0  
   0.515629502992             0.0  
   0.517692042968             0.0  
   0.519762813907             0.0  
   0.521841873299             0.0  
   0.523929220874             0.0  
   0.526024914845             0.0  
   0.528129014504             0.0  
   0.530241520001             0.0  
   0.532362491404             0.0  
   0.534491989902             0.0  
    0.53662995442             0.0  
   0.538776445492             0.0  
   0.540931524796             0.0  
   0.543095255176             0.0  
   0.545267636958             0.0  
   0.547448733858   2.69186177603  
   0.549638546073             0.0  
    0.55183707296             0.0  
   0.554044444575             0.0  
    0.55626059541             0.0  
   0.558485657495             0.0  
   0.560719597844             0.0  
   0.562962483405             0.0  
   0.565214313975             0.0  
   0.567475191987             0.0  
   0.569745083194             0.0  
   0.572024056544             0.0  
   0.574312146998             0.0  
   0.576609389767   2.87315215871  
   0.578915856223             0.0  
   0.581231510563   5.99351983974  
   0.583556424395   2.84317833978  
   0.585890670752             0.0  
   0.588234212906             0.0  
   0.590587161519             0.0  
   0.592949516918   5.81632674706  
   0.595321316499   2.93709018846  
   0.597702597952             0.0  
   0.600093399275   5.91480812141  
   0.602493758773   2.92091823521  
   0.604903754268   5.89571312689  
   0.607323346614             0.0  
   0.609752653807   5.91704612209  
    0.61219167626   5.94000775118  
   0.614640413456    18.397668643  
   0.617098986326   12.2077713547  
   0.619567395379    12.463868458  
   0.622045640186   3.51053505604  
   0.624533844723   3.32162557573  
   0.627031967515   28.3500891564  
   0.629540092171   12.5826198831  
   0.632058261237   3.22248221004  
   0.634586517658   6.35243480242  
   0.637124861303   6.37630411385  
   0.639673334899             0.0  
   0.642232025774   29.7606212619  
   0.644800978545     23.24633648  
   0.647380148471   23.3853773274  
   0.649969669425    16.676226773  
   0.652569587365   3.38085807883  
   0.655179856736   20.4616246916  
   0.657800568591   22.7284726522  
   0.660431769189   26.1958273387  
   0.663073505274   9.79666646603  
   0.665725776595   3.51222775099  
   0.668388677604   6.93434758909  
   0.671062256533   31.1189088214  
   0.673746513503   35.5117626857  
   0.676441496628   35.7096212645  
   0.679147254542   48.1449478906  
   0.681863836416   14.7559849158  
   0.684591291962   10.8830978946  
   0.687329671447   10.6775048823  
   0.690078974684   7.25037165541  
   0.692839303287             0.0  
   0.695610657402   14.1929581914  
   0.698393088372   14.6832195574  
   0.701186648134   32.7266695088  
   0.703991389227   26.0936398136  
   0.706807364806   22.0225373006  
   0.709634628657    10.994915108  
   0.712473126437   3.81818414033  
   0.715323020253   30.3859535548  
   0.718184310573   4.04604085204  
   0.721057052476   11.7935556715  
   0.723941301714   4.07209632847  
   0.726837058126   11.6698198174  
   0.729744434544   16.6176149703  
    0.73266337379   4.09858666674  
   0.735594047609             0.0  
   0.738536398423   27.8126454709  
   0.741490542374   12.1572846688  
   0.744456538845   11.7434498059  
   0.747434328278   3.84923104653  
   0.750424089387   7.30737401424  
   0.753425762242   8.52458693423  
   0.756439467734    12.516716069  
   0.759465267704   8.06922523853  
   0.762503100235   7.47590248978  
   0.765553088621   8.73388694756  
   0.768615358973   8.66670051004  
   0.771689785078   17.1331842975  
   0.774776557029             0.0  
   0.777875675396             0.0  
   0.780987139566   7.70293306536  
   0.784111079464   12.3081604038  
   0.787247561611   7.78207042156  
   0.790396519592             0.0  
   0.793558153516             0.0  
   0.796732328688   8.35703608768  
   0.799919316178             0.0  
   0.803118979953   9.12661537652  
   0.806331456982             0.0  
   0.809556747003   4.10811685919  
   0.812794990065             0.0  
   0.816046186795             0.0  
   0.819310336587   5.04692149486  
   0.822587582554   4.16555563396  
   0.825877925024   4.17376509956  
   0.829181436724   13.4849253035  
   0.832498191461             0.0  
   0.835828189296   4.12871585969  
   0.839171504458             0.0  
   0.842528212291   4.36945277563  
   0.845898312618   4.29311466853  
   0.849281881239   5.41320144119  
   0.852678995109             0.0  
   0.856089732362             0.0  
   0.859514093183   4.38501158006  
   0.862952156231   10.1476873438  
    0.86640392096   9.05726455285  
   0.869869547625   9.25557444985  
   0.873349036885   22.3128610738  
   0.876842470444   8.99271575989  
   0.880349848266   13.5284255999  
    0.88387125266   18.4089406905  
   0.887406682882   5.04018315219  
   0.890956306903   14.6404990104  
   0.894520125299   4.97650890852  
   0.898098223703   9.12294097589  
   0.901690602022   23.3131823894  
    0.90529734659   37.3284654521  
   0.908918545144   37.5526403052  
   0.912554286861   37.4015309906  
    0.91620448251   46.9599178009  
   0.919869310553    23.227983476  
   0.923548771048    10.665366888  
   0.927242954756             0.0  
   0.930951953949    9.9781031537  
    0.93467576885             0.0  
   0.938414398252   5.04884446141  
   0.942168124804    44.713558968  
   0.945936759492   19.9487824662  
   0.949720492285    14.721575978  
   0.953519420436   10.8211207903  
   0.957333446481             0.0  
   0.961162765282   15.5289064855  
   0.965007476762   5.38476644301  
   0.968867481426   10.6810657981  
    0.97274297922             0.0  
   0.976633970679   5.01215692351  
   0.980540454853   4.97112077834  
   0.984462636942             0.0  
   0.988400517931             0.0  
   0.992354097304             0.0  
   0.996323479373   11.2403688508  
     1.0003087703    10.323047196  
    1.00431007814   10.9505396329  
    1.00832729502             0.0  
    1.01236052764   5.73326150707  
    1.01640999533   5.59830717396  
    1.02047569976     5.728963506  
    1.02455752863   10.6773651588  
    1.02865581791   21.3792284917  
    1.03277045575   5.33298988734  
    1.03690155548   5.32200537693  
    1.04104911636             0.0  
    1.04521325314             0.0  
    1.04939420063   5.64815051434  
    1.05359172389             0.0  
    1.05780605831             0.0  
    1.06203732443             0.0  
    1.06628552323   11.2394625815  
    1.07055065407   5.41154138483  
    1.07483283844             0.0  
    1.07913220012   6.05963992618  
    1.08344873944   12.3968235549  
     1.0877824551   5.42529997576  
    1.09213359969   5.79295223571  
    1.09650217463             0.0  
     1.1008881797    5.2994439881  
     1.1052917439   5.43397279091  
    1.10971286672             0.0  
    1.11415174547   5.56826276312  
      1.118608314   5.69495294666  
    1.12308277256             0.0  
    1.12757512183   5.76746048941  
    1.13208536077             0.0  
    1.13661376343             0.0  
    1.14116019235             0.0  
    1.14572485554             0.0  
    1.15030775326             0.0  
    1.15490895553   12.4259641048  
    1.15952860483             0.0  
    1.16416670132   17.8827992607  
     1.1688233897   12.0652433653  
    1.17349867003   12.4498964346  
     1.1781926893   18.2267859692  
    1.18290544752             0.0  
    1.18763701844             0.0  
    1.19238762871             0.0  
    1.19715712662   6.19411827584  
    1.20194581802   5.78920530701  
    1.20675354877   6.26455213318  
    1.21158055106   6.79192673334  
    1.21642690421             0.0  
    1.22129260833   13.0359861496  
    1.22617774218   6.05017687376  
    1.23108246641             0.0  
    1.23600678128   6.51605549964  
    1.24095085014   19.4166436214  
    1.24591467342             0.0  
    1.25089833345   13.6872545223  
    1.25590191332   6.23797131406  
    1.26092549688             0.0  
    1.26596925462   18.9365997524  
    1.27103310096   13.8104068183  
    1.27611720729   6.99673090828  
    1.28122166071             0.0  
    1.28634654912   6.52093060622  
     1.2914919613   13.1959047568  
    1.29665789685   14.8163143087  
    1.30184453495             0.0  
    1.30705196705             0.0  
    1.31228019329             0.0  
     1.3175293048   6.66962770631  
    1.32279939364   20.2621616507  
    1.32809055282   13.4730092527  
    1.33340297157   6.53314142287  
    1.33873655515   13.8406591182  
    1.34409149405             0.0  
    1.34946788529   29.0989005287  
    1.35486572862   21.0464481428  
    1.36028521997     42.85007511  
    1.36572635965             0.0  
    1.37118924663     21.23076811  
    1.37667398097   13.9807417759  
    1.38218066385   14.4251834706  
     1.3877093976   7.34291360092  
    1.39326028573             0.0  
    1.39883332813   37.7505660409  
    1.40442862818             0.0  
    1.41004639701   7.67508578203  
    1.41568652828   7.89884386104  
    1.42134923472             0.0  
     1.4270347338             0.0  
    1.43274280789   16.0419786383  
    1.43847378442   15.0513077915  
    1.44422766398   7.88777723294  
    1.45000455759             0.0  
    1.45580457763   22.8926885292  
    1.46162783788   7.93683854769  
     1.4674743382             0.0  
    1.47334419247             0.0  
    1.47923763322             0.0  
    1.48515454374             0.0  
    1.49109515859   8.47005543191  
    1.49705959758             0.0  
    1.50304786104             0.0  
    1.50905994702             0.0  
    1.51509622013   7.86434332117  
    1.52115668254   8.79979857455  
    1.52724120921   9.01541502746  
    1.53335017254             0.0  
    1.53948357374   7.98842652724  
    1.54564153965             0.0  
    1.55182406983   7.96720290895  
    1.55803142154    8.1021662152  
    1.56426359579    8.1115862732  
    1.57052059122             0.0  
     1.5768026704             0.0  
    1.58310983348   16.7569141968  
    1.58944234883             0.0  
    1.59580008182             0.0  
    1.60218330351   23.7795776749  
    1.60859201408             0.0  
    1.61502635096   8.69561178344  
    1.62148645356   16.7789433375  
    1.62797246329             0.0  
    1.63448438051   8.35443550016  
    1.64102234735             0.0  
    1.64758636258             0.0  
    1.65417671562   16.3451114623  
    1.66079340718   8.42577046084  
    1.66743658437             0.0  
     1.6741063965   26.6910251508  
    1.68080269246   8.70572434222  
    1.68752592389             0.0  
    1.69427609314             0.0  
    1.70105319998             0.0  
    1.70785739784             0.0  
    1.71468884249   35.4378660699  
    1.72154753335   17.3828390451  
    1.72843378724   17.7582533337  
    1.73534744462   9.54557104285  
    1.74228882598   17.8983021154  
    1.74925809556             0.0  
    1.75625508976   17.6165123091  
    1.76328013667             0.0  
    1.77033323648             0.0  
    1.77741455594             0.0  
    1.78452426446   9.17007676347  
     1.7916623622             0.0  
    1.79882901993   19.1305932479  
    1.80602423647   10.4775350402  
    1.81324836008   26.4564037438  
    1.82050139242   18.0938010805  
     1.8277833324   8.76034137879  
    1.83509453688   27.5846586893  
    1.84243482592   18.2347678099  
    1.84980456084   10.2650308793  
    1.85720392704   37.4227477536  
    1.86463274053             0.0  
    1.87209118398   60.8012419592  
     1.8795796324   59.8171775724  
    1.88709789773   77.6583862055  
    1.89464616751   19.4352933702  
    1.90222482632   29.3227657719  
    1.90983368203   79.3830857151  
    1.91747312426   49.5038882297  
    1.92514295664   10.1363413048  
    1.93284357391   9.99603796625  
    1.94057497714   30.7862738325  
    1.94833716444   32.6310469225  
    1.95613054087             0.0  
     1.9639551083   20.2674514676  
    1.97181086567             0.0  
    1.97969822875   10.6656855567  
    1.98761698878    10.669112614  
     1.9955673539   32.4178146264  
    2.00354975096    44.861782753  
    2.01156396724   21.8585636457  
    2.01961021701   20.0046001007  
    2.02768849818   11.2588639428  
    2.03579924952    10.645732094  
    2.04394247327             0.0  
    2.05211839415             0.0  
    2.06032678619   30.9818958217  
    2.06856810064   23.1688252491  
    2.07684233806   54.9799100167  
    2.08514972876   21.9716011633  
    2.09349027249   11.9243552779  
    2.10186420246             0.0  
    2.11027175621   22.4663345668  
    2.11871293521   31.8724530086  
     2.1271877377   22.2344650171  
    2.13569640299   10.6534787259  
    2.14423917486    21.342297363  
    2.15281605342   33.5923473098  
    2.16142753599   11.0087622693  
    2.17007312352   22.4754890446  
     2.1787533147   24.6635494724  
    2.18746836472   111.737994482  
    2.19621827524    21.489647737  
    2.20500330503   21.9408230848  
    2.21382319273   30.9060920694  
    2.22267845914   67.9496633288  
    2.23156923834   55.7964548505  
    2.24049553083   69.4398307851  
    2.24945746922   55.8205619982  
    2.25845532359   80.2410263996  
    2.26748909386   178.314865582  
     2.2765590541    150.76132446  
    2.28566534384   150.980424128  
     2.2948079625   140.666224496  
    2.30398719039   131.384279097  
    2.31320316998    176.13678584  
    2.32245604483   278.932021856  
    2.33174581389   337.051879043  
    2.34107276615   362.108412734  
    2.35043704837   352.449311441  
    2.35983880845   369.127234848  
    2.36927819543   562.587707197  
    2.37875535953   432.825689233  
    2.38827029941   502.419497474  
    2.39782347203   905.216562145  
    2.40741472448   787.475430643  
    2.41704436467   761.540689398  
    2.42671254905   767.567481504  
    2.43641943535   467.090979436  
    2.44616502242   598.094469049  
       2.45594979   636.372809887  
    2.46577357813   493.296837254  
    2.47563654622    498.85858296  
    2.48553918601    777.22924053  
    2.49548133412    597.11670332  
    2.50546315429   513.319534301  
    2.51548515073    490.27042684  
    2.52554698583   313.303125186  
    2.53564916829   410.245218096  
    2.54579187216   329.644655491  
    2.55597492322   277.853909097  
     2.5661988433   209.399695042  
    2.57646363371   196.679346739  
    2.58676947111    105.15649608  
    2.59711653388   41.5992335521  
    2.60750500219   93.3064930113  
    2.61793505804   188.809488476  
    2.62840688526   207.779564075  
    2.63892048307   175.580727371  
    2.64947622269   180.554232775  
    2.66007410417   220.757526752  
    2.67071431458   196.742069213  
    2.68139723552   182.617228557  
    2.69212286854    177.91559544  
    2.70289121112   203.019079659  
    2.71370284826   292.450419477  
     2.7245575844   310.842559816  
    2.73545581473   179.646051809  
    2.74639774102   239.222933282  
    2.75738336362   300.552453566  
    2.76841288399   402.821676907  
    2.77948650585   285.504296401  
    2.79060443525   318.997553723  
    2.80176688064   201.821076675  
    2.81297384093   217.523205912  
    2.82422573799   296.853357057  
    2.83552278766   142.839268246  
    2.84686477416   177.018196605  
    2.85825234572   193.879849071  
     2.8696852848   165.793318302  
    2.88116402948   308.397850678  
    2.89268857934    263.91141373  
    2.90425938136   209.694510566  
    2.91587643703   261.477088368  
    2.92753997296   117.949995111  
    2.93925021859   217.511056973  
      2.951007173   129.099923669  
    2.96281106587    192.47578897  
    2.97466236678   257.508761551  
    2.98656107812   224.711605706  
     2.9985071977   317.957998489  
      3.010501447   167.222574434  
    3.02254334263   456.122525247  
    3.03463361427   143.107921609  
    3.04677201599    267.22948683  
    3.05895904115   252.949850876  
    3.07119494173   293.232382093  
    3.08347971845   202.667166855  
    3.09581362403   234.487373171  
    3.10819691461   282.750209834  
    3.12062958899   267.468489345  
    3.13311216706   194.123784976  
    3.14564465057     273.1850735  
    3.15822730368   147.519246545  
    3.17086012492   229.312078209  
    3.18354365085   223.138568877  
    3.19627788324   293.884334912  
    3.20906281894   256.604079016  
    3.22189900597    143.47795724  
    3.23478672482   159.052693949  
    3.24772597752   185.045748223  
    3.26071676117   98.8549321659  
    3.27375964194   164.314584774  
    3.28685462056   211.786533535  
    3.30000198442   144.993449263  
    3.31320202516   172.353300349  
    3.32645503871   377.620051347  
    3.33976072794   363.689469829  
    3.35311968447   183.874624317  
    3.36653221038   347.546811712  
     3.3799983063   246.821425022  
    3.39351827618   222.611256479  
    3.40709242856   280.905885647  
    3.42072076331   440.226751353  
    3.43440359099   189.511756394  
    3.44814122692   139.481034881  
    3.46193399134   290.077222845  
    3.47578156229   151.935522392  
    3.48968490685   230.559294747  
    3.50364337402   244.924283307  
    3.51765794355   322.045183216  
    3.53172861925   247.111027379  
    3.54585573632   351.862587393  
     3.5600389564   284.177772966  
    3.57427929354   359.823295061  
    3.58857640934   261.000761318  
    3.60293064433   673.866307125  
    3.61734234457   291.508509462  
    3.63181186174   146.899409485  
    3.64633884103   198.348861353  
    3.66092434656   393.929368608  
    3.67556802377   445.527196518  
    3.69027023047   407.243694274  
    3.70503133043   258.493068529  
    3.71985132286   241.520499592  
    3.73473094844    423.22170077  
    3.74966983622   259.648831988  
    3.76466835677   182.972907823  
    3.77972726954   370.549957469  
    3.79484619552   362.292656854  
    3.81002551525   210.725619652  
    3.82526561575   461.903256661  
    3.84056649563   348.263450837  
    3.85592894407   439.195923405  
    3.87135256549   521.898441266  
    3.88683815953   287.003187362  
    3.90238532204     395.5994901  
    3.91799486333   295.316934217  
    3.93366678499   407.534171377  
     3.9494015004   252.336534886  
    3.96519900909   444.452443408  
    3.98106015352   531.989617226  
    3.99698408556   493.748700654  
    4.01297208033   525.851140087  
    4.02902414361    394.09935392  
    4.04514027511    726.14235239  
    4.06132091013   655.056087838  
    4.07756604651   463.157289975  
     4.0938761247   338.097643967  
    4.11025159314   545.221218253  
    4.12669290844   540.251829905  
    4.14319961597   525.038978442  
      4.159772167   409.125232862  
    4.17641148833   396.037305622  
     4.1931171174   525.759243389  
    4.20988951967   538.422041211  
    4.22672916926   629.275447305  
    4.24363606672   767.040038194  
    4.26061069234   803.786047117  
    4.27765304529   630.566456944  
     4.2947636122   763.675447034  
    4.31194288887   704.457292126  
    4.32919037643   274.880021544  
    4.34650707141   754.864952934  
    4.36389297573    475.03828684  
    4.38134859885   760.749249562  
    4.39887394162   635.237639594  
    4.41646952064   549.753677479  
    4.43413533578   782.996216279  
    4.45187217638   809.623460165  
    4.46967951266   805.924116562  
    4.48755840908   647.220829936  
    4.50550859831     851.7948136  
     4.5235306196   709.650957118  
    4.54162474648   542.405047482  
    4.55979125434   1047.63528733  
    4.57803042047   817.177960242  
    4.59634252412   1006.88936943  
     4.6147278465   488.940762346  
    4.63318667084   602.775050544  
    4.65171957222   840.659951507  
    4.67032626082   921.898053789  
    4.68900760809   1147.12068351  
    4.70776361606   1001.84293181  
    4.72659487793   1019.04145294  
    4.74550109403   895.674540132  
    4.76448316381   1116.03774461  
    4.78354108914   931.360292647  
     4.8026751735   930.046073859  
    4.82188603423    789.41427224  
    4.84117335953    991.32800483  
    4.86053808574   1008.72788297  
    4.87998021521    774.60751541  
    4.89950038583   1153.73661833  
    4.91909827634    870.34193274  
    4.93877452759   1160.83524942  
    4.95852979362   1041.43120256  
    4.97836374618   831.472118336  
    4.99827737711   795.564907281  
     5.0182703536    708.72350586  
    5.03834368422    996.15636563  
    5.05849703165   905.039292833  
    5.07873073078    1113.2645242  
    5.09904581601   775.410072778  
    5.11944194334   1109.03962829  
    5.13991981119   1126.89591205  
    5.16047941939    1020.0030592  
    5.18112147886   1176.57392614  
    5.20184599077   760.379894882  
    5.22265331361   1288.77636459  
     5.2435438095   981.202512343  
    5.26451784426   1311.18807891  
    5.28557616158   1025.91298999  
     5.3067183896   1146.91451206  
    5.32794527679   1004.17605788  
    5.34925720446   1191.25852101  
    5.37065417172    1239.9010074  
    5.39213655882    914.96857335  
    5.41370514258   1315.52300784  
    5.43535992532   1483.71459974  
    5.45710169869   1264.09106313  
    5.47893006545   1206.00004415  
    5.50084582284   1320.12476702  
    5.52284896853   1253.07955701  
    5.54494031519   1520.03541257  
    5.56712027819   1538.35308914  
    5.58938885932   1228.22172074  
    5.61174605182   1492.67226206  
    5.63419311564   1443.37262997  
    5.65673005712   1049.05599251  
    5.67935687409   1366.64350845  
    5.70207442649   1416.01990644  
    5.72488271545   1320.30677821  
     5.7477821758   1388.46964968  
    5.77077324765   1244.48908505  
    5.79385637646    1685.7910936  
     5.8170320132   1476.64700663  
    5.84029970084   1273.97150467  
    5.86366126104   1556.58506339  
    5.88711578034   1494.36583509  
    5.91066417822   1289.99068486  
    5.93430692324   1476.09295409  
    5.95804401457   1830.26516985  
    5.98187640063   1640.51043553  
    6.00580360217   1766.20964353  
    6.02982706295   1803.46705209  
     6.0539463008   1891.90231054  
    6.07816229297   1656.51090521  
    6.10247454277    1229.0357482  
    6.12688453908   1673.40779599  
    6.15139228923   1557.09262599  
    6.17599779122    2177.5600632  
    6.20070154853   1368.10941997  
    6.22550459046   1325.15613525  
    6.25040640037   1702.02230849  
    6.27540801757   2074.15227151  
    6.30050997369   1883.50288704  
    6.32571173604    1633.7284677  
     6.3510149058   1465.11640943  
    6.37641894807   1903.16301217  
    6.40192439863   2119.35121205  
    6.42753235412    1752.4538802  
    6.45324226357   2094.14386132  
    6.47905523486   2208.49160351  
    6.50497126841   2237.06329545  
    6.53099149713   2273.30937774  
      6.557115353   1892.60051097  
    6.58334398091   2235.48329676  
    6.60967738247   2197.06620614  
      6.636116139   2239.48952095  
    6.66266024591   2161.24627454  
     6.6893108869   1858.06490432  
    6.71606806547   2502.49487885  
    6.74293238382   1822.61415132  
    6.76990445326   2000.06376982  
    6.79698365696   1909.30632434  
    6.82417184254    2010.3725089  
    6.85146839216   2220.19817114  
    6.87887455859   2056.46086271  
    6.90638970817   2140.50636968  
    6.93401510795   1746.76945171  
    6.96175140629   2309.84316741  
    6.98959860741   1832.07942053  
    7.01755670493   1848.46353037  
    7.04562701121   1476.42239752  
    7.07380952993   1547.61558892  
    7.10210492952   2170.10072678  
    7.13051320818   2075.39275124  
    7.15903503951   2687.45307506  
      7.187671108   2558.17948975  
    7.21642210919   2248.81277322  
     7.2452880469   2000.75533173  
    7.27426891394   2005.25062004  
     7.3033661205   1875.18892435  
    7.33257967105   2508.37978758  
    7.36190955887   2075.15410254  
    7.39135722917   2199.54973856  
    7.42092268746   2662.59289323  
    7.45060667143   2577.42607223  
    7.48040918171   2027.29413771  
     7.5103309629   2558.17175637  
    7.54037201069     1634.035299  
    7.57053307674   2560.57547593  
    7.60081569915   2450.83078196  
     7.6312191142   1709.70918051  
    7.66174409401   2319.32186214  
    7.69239063155   2138.82897447  
    7.72316030546   1823.17028902  
    7.75405312312   2658.30962338  
    7.78506908015   2784.37141265  
    7.81620897836   2325.57285604  
    7.84747445827   2417.51145306  
    7.87886387586   2320.15672321  
    7.91037971196   2675.92672594  
    7.94202113658   2388.11459271  
    7.97378898366   2401.18330812  
    8.00568410198   2247.66336984  
    8.03770735543   2364.28978786  
    8.06985787909   1552.53287627  
    8.10213740517    2568.6885222  
    8.13454593714   2231.15591503  
    8.16708435933   2370.26870366  
    8.19975267166   2359.03331305  
    8.23255176913   2676.33862198  
    8.26548164815   2124.96346006  
    8.29854321466   2743.85633379  
    8.33173739122   2094.94661756  
    8.36506511734   2666.23872688  
      8.398524516   2186.57200246  
    8.43211935001   2729.62922075  
    8.46584773181   2288.95051454  
    8.49971060237   1875.59239796  
     8.5337098955   2447.34172103  
    8.56784464499   1985.20958253  
    8.60211582222    2256.7517501  
    8.63652441684   2596.00488899  
    8.67107043027   2330.10145395  
    8.70575486565   2490.52735032  
    8.74057772207   2366.95474618  
    8.77554001652   2074.36453809  
    8.81064278543   2635.87811428  
    8.84588498917    2456.5379174  
    8.88126871009   2264.27269981  
    8.91679342222   2095.90763751  
    8.95246071565   2313.11656301  
    8.98827059515   2509.92853796  
    9.02422359715   1990.67748866  
    9.06032026159   2258.20810687  
    9.09656168612   2854.48910207  
    9.13294787279   2926.79097449  
    9.16947993568   2177.30879993  
    9.20615787578   2505.08890585  
    9.24298225202   2269.36925843  
      9.279954204   2706.45292573  
    9.31707431261   2454.84406481  
    9.35434257718   2102.39589471  
    9.39175957335   2898.38054547  
     9.4293270718   2215.99778372  
    9.46704388515   2652.44090295  
    9.50491240293   2239.01823734  
    9.54293202825   2960.10138942  
    9.58110335964   2164.49601988  
    9.61942823963   2509.97121704  
     9.6579060571   2095.25133605  
    9.69653742549   2277.42425948  
    9.73532359794   2214.19098173  
    9.77426457375   2240.94663789  
    9.81336162691   2237.04382748  
    9.85261540749   1326.94332791  
     9.8920259161   2068.44607199  
    9.93159379873   2752.35420197  
    9.97132037286    1706.3779207  
     10.011205641   2074.96466672  
    10.0512502668   1321.72510647  
     10.091455602   1225.98490054  
    10.1318209644   1606.23879936  
    10.1723484056   1155.33788999  
    10.2130379328   2104.63642324  
    10.2538902416   1382.47233306  
    10.2949053247   1663.34891429  
    10.3360853051   1795.86512526  
     10.377429474   1360.09440504  
    10.4189392642   18055.8123037  
