      wave_micron        flux_mjy  
  0.0156853443263             0.0  
  0.0157424663449             0.0  
  0.0158054356507             0.0  
  0.0158686569118             0.0  
  0.0159321318584             0.0  
  0.0159958604977             0.0  
  0.0160598445808             0.0  
  0.0161240841083             0.0  
  0.0161885808528             0.0  
  0.0162533348082             0.0  
  0.0163183477691             0.0  
  0.0163836215635             0.0  
  0.0164491561976             0.0  
  0.0165149516526             0.0  
  0.0165810116545             0.0  
  0.0166473362235             0.0  
  0.0167139253547             0.0  
  0.0167807809484             0.0  
  0.0168479049407             0.0  
  0.0169152953802             0.0  
  0.0169829561599             0.0  
  0.0170508892791             0.0  
  0.0171190927561             0.0  
  0.0171875685703             0.0  
  0.0172563187389             0.0  
  0.0173253453176             0.0  
  0.0173946452152             0.0  
  0.0174642246251             0.0  
  0.0175340814816             0.0  
  0.0176042178752             0.0  
  0.0176746348662             0.0  
  0.0177453324422             0.0  
  0.0178163138284             0.0  
  0.0178875790356             0.0  
  0.0179591302593             0.0  
   0.018030966394             0.0  
  0.0181030896418             0.0  
  0.0181755022485             0.0  
  0.0182482042211             0.0  
  0.0183211978404             0.0  
  0.0183944819524             0.0  
  0.0184680600153             0.0  
  0.0185419320346             0.0  
  0.0186161003639             0.0  
  0.0186905650087             0.0  
  0.0187653271533             0.0  
  0.0188403879917             0.0  
  0.0189157499541             0.0  
  0.0189914130476             0.0  
  0.0190673784962             0.0  
  0.0191436475346             0.0  
  0.0192202226747             0.0  
  0.0192971026499             0.0  
  0.0193742912707             0.0  
  0.0194517885495             0.0  
  0.0195295957766             0.0  
  0.0196077142543             0.0  
  0.0196861452965             0.0  
  0.0197648902299             0.0  
  0.0198439490432             0.0  
  0.0199233257773             0.0  
  0.0200030190859             0.0  
  0.0200830303139             0.0  
   0.020163362213             0.0  
   0.020244016188             0.0  
  0.0203249922415             0.0  
  0.0204062917725             0.0  
  0.0204879176333             0.0  
  0.0205698683849             0.0  
  0.0206521483595             0.0  
  0.0207347575754             0.0  
  0.0208176960197             0.0  
  0.0209009666426             0.0  
  0.0209845709483             0.0  
   0.021068508935             0.0  
  0.0211527836369             0.0  
  0.0212373935147             0.0  
  0.0213223431819             0.0  
  0.0214076326548             0.0  
  0.0214932635009             0.0  
  0.0215792373054             0.0  
  0.0216655540623             0.0  
  0.0217522153544             0.0  
  0.0218392244177             0.0  
  0.0219265812629             0.0  
  0.0220142875284             0.0  
   0.022102344872             0.0  
  0.0221907549711             0.0  
  0.0222795178215             0.0  
     0.0223686351             0.0  
  0.0224581102329             0.0  
  0.0225479432363             0.0  
  0.0226381340923             0.0  
    0.02272868629             0.0  
  0.0228196016112             0.0  
  0.0229108800607             0.0  
  0.0230025234219             0.0  
  0.0230945335011             0.0  
  0.0231869121271             0.0  
  0.0232796592944             0.0  
  0.0233727787076             0.0  
  0.0234662684912             0.0  
  0.0235601342854             0.0  
  0.0236543742035             0.0  
  0.0237489920624             0.0  
  0.0238439878675             0.0  
  0.0239393635529             0.0  
  0.0240351210781             0.0  
  0.0241312624294             0.0  
  0.0242277876074             0.0  
  0.0243246986042             0.0  
  0.0244219974394             0.0  
  0.0245196840988             0.0  
  0.0246177647639             0.0  
  0.0247162353057             0.0  
  0.0248150998684             0.0  
  0.0249143605646             0.0  
  0.0250140173915             0.0  
  0.0251140746327             0.0  
  0.0252145301323             0.0  
  0.0253153882178             0.0  
  0.0254166488883             0.0  
   0.025518316569             0.0  
  0.0256203890373             0.0  
  0.0257228707652             0.0  
  0.0258257617563             0.0  
  0.0259290665849             0.0  
  0.0260327829623             0.0  
  0.0261369131704             0.0  
  0.0262414618859             0.0  
  0.0263464267569             0.0  
  0.0264518125117             0.0  
  0.0265576191548             0.0  
  0.0266638490876             0.0  
  0.0267705047483             0.0  
  0.0268775886124             0.0  
   0.026985098201             0.0  
  0.0270930384635             0.0  
  0.0272014093945             0.0  
   0.027310216061             0.0  
  0.0274194559189             0.0  
  0.0275291340945             0.0  
  0.0276392505996             0.0  
  0.0277498080437             0.0  
  0.0278608064171             0.0  
  0.0279722510321             0.0  
  0.0280841392175             0.0  
  0.0281964763499             0.0  
  0.0283092624414             0.0  
  0.0284225002304             0.0  
  0.0285361897086             0.0  
  0.0286503336378             0.0  
  0.0287649348254             0.0  
  0.0288799961254             0.0  
  0.0289955146745             0.0  
  0.0291114961891             0.0  
  0.0292279435974             0.0  
  0.0293448539722             0.0  
  0.0294622331746             0.0  
  0.0295800842108             0.0  
  0.0296984040898             0.0  
  0.0298171957753             0.0  
  0.0299364653541             0.0  
   0.030056212869             0.0  
  0.0301764351955             0.0  
   0.030297141651             0.0  
  0.0304183322902             0.0  
   0.030540003925             0.0  
  0.0306621628877             0.0  
  0.0307848124195             0.0  
  0.0309079525434             0.0  
  0.0310315832356             0.0  
    0.03115571108             0.0  
  0.0312803327616             0.0  
  0.0314054549548             0.0  
  0.0315310776845             0.0  
  0.0316572009275             0.0  
  0.0317838280754             0.0  
  0.0319109660721             0.0  
  0.0320386079596             0.0  
  0.0321667642428             0.0  
  0.0322954314137             0.0  
  0.0324246130101             0.0  
  0.0325543090014             0.0  
  0.0326845266313             0.0  
  0.0328152659439             0.0  
  0.0329465269336             0.0  
  0.0330783132954             0.0  
   0.033210625012             0.0  
   0.033343469638             0.0  
  0.0334768433941             0.0  
  0.0336107500733             0.0  
  0.0337451935402             0.0  
   0.033880173797             0.0  
  0.0340156947608             0.0  
  0.0341517564247             0.0  
  0.0342883627599             0.0  
  0.0344255178135             0.0  
  0.0345632175188             0.0  
   0.034701474139             0.0  
  0.0348402773911             0.0  
  0.0349796396789             0.0  
  0.0351195589536             0.0  
   0.035260035177             0.0  
  0.0354010768498             0.0  
  0.0355426796991             0.0  
  0.0356848523573             0.0  
  0.0358275904781             0.0  
  0.0359709006102             0.0  
  0.0361147849876             0.0  
  0.0362592436068             0.0  
  0.0364042809523             0.0  
  0.0365498970178             0.0  
  0.0366960986659             0.0  
  0.0368428812899             0.0  
  0.0369902541514             0.0  
  0.0371382149325             0.0  
  0.0372867683334             0.0  
  0.0374359143444             0.0  
  0.0375856577413             0.0  
  0.0377360009557             0.0  
  0.0378869439793             0.0  
  0.0380384917058             0.0  
  0.0381906466288             0.0  
  0.0383434087434             0.0  
  0.0384967830666             0.0  
   0.038650769597             0.0  
  0.0388053734364             0.0  
   0.038960594588             0.0  
  0.0391164356184             0.0  
  0.0392729017611             0.0  
  0.0394299930284             0.0  
  0.0395877147451             0.0  
  0.0397460642231             0.0  
  0.0399050495458             0.0  
  0.0400646707415             0.0  
   0.040224927778             0.0  
  0.0403858289483             0.0  
  0.0405473714781             0.0  
  0.0407095609641             0.0  
  0.0408724002575             0.0  
  0.0410358893525             0.0  
  0.0412000310899             0.0  
  0.0413648312727             0.0  
  0.0415302928712             0.0  
  0.0416964129266             0.0  
  0.0418631973335             0.0  
  0.0420306521135             0.0  
  0.0421987742598             0.0  
   0.042367569835             0.0  
  0.0425370388292             0.0  
  0.0427071874205             0.0  
  0.0428780156177             0.0  
   0.043049526541             0.0  
  0.0432217265482             0.0  
  0.0433946124512             0.0  
  0.0435681906547             0.0  
  0.0437424644236             0.0  
  0.0439174337544             0.0  
   0.044093105242             0.0  
  0.0442694755483             0.0  
  0.0444465547052             0.0  
  0.0446243393465             0.0  
  0.0448028362515             0.0  
  0.0449820488816             0.0  
  0.0451619772443             0.0  
  0.0453426248022             0.0  
  0.0455239950608             0.0  
   0.045706091569             0.0  
  0.0458889143101             0.0  
  0.0460724704748             0.0  
   0.046256760079             0.0  
   0.046441790463             0.0  
  0.0466275542247             0.0  
  0.0468140661927             0.0  
  0.0470013226687             0.0  
  0.0471893273967             0.0  
  0.0473780841697             0.0  
  0.0475675968309             0.0  
  0.0477578692744             0.0  
  0.0479488975641             0.0  
   0.048140693455             0.0  
  0.0483332569947             0.0  
  0.0485265921937             0.0  
  0.0487206949799             0.0  
  0.0489155815836             0.0  
   0.049111243877             0.0  
   0.049307685897             0.0  
  0.0495049159376             0.0  
  0.0497029382501             0.0  
  0.0499017486086             0.0  
   0.050101355483             0.0  
  0.0503017632032             0.0  
  0.0505029674168             0.0  
  0.0507049811828             0.0  
   0.050907800134             0.0  
  0.0511114331187             0.0  
    0.05131587565             0.0  
  0.0515211412192             0.0  
  0.0517272253272             0.0  
  0.0519341324971             0.0  
  0.0521418719793             0.0  
  0.0523504391491             0.0  
  0.0525598386228             0.0  
  0.0527700798601             0.0  
  0.0529811581091             0.0  
  0.0531930829348             0.0  
   0.053405854351             0.0  
   0.053619482147             0.0  
  0.0538339564734             0.0  
  0.0540492921197             0.0  
  0.0542654891273             0.0  
  0.0544825525434             0.0  
  0.0547004823653             0.0  
  0.0549192836769             0.0  
  0.0551389616421             0.0  
  0.0553595162538             0.0  
  0.0555809580109             0.0  
  0.0558032816516             0.0  
  0.0560264924201             0.0  
  0.0562506010693             0.0  
  0.0564756022102             0.0  
  0.0567015067269             0.0  
  0.0569283091019             0.0  
  0.0571560259525             0.0  
  0.0573846461207             0.0  
  0.0576141864508             0.0  
  0.0578446412999             0.0  
  0.0580760220995             0.0  
  0.0583083230765             0.0  
  0.0585415558071             0.0  
  0.0587757262298             0.0  
  0.0590108284451             0.0  
  0.0592468683068             0.0  
   0.059483857834             0.0  
      0.059721791             0.0  
   0.059960679981             0.0  
  0.0602005248295             0.0  
  0.0604413255067             0.0  
  0.0606830881933             0.0  
  0.0609258255401             0.0  
  0.0611695248559             0.0  
  0.0614142052735             0.0  
  0.0616598603809             0.0  
  0.0619065031726             0.0  
  0.0621541271011             0.0  
  0.0624027453381             0.0  
  0.0626523579279             0.0  
  0.0629029648195             0.0  
  0.0631545727019             0.0  
  0.0634071952761             0.0  
  0.0636608257455             0.0  
  0.0639154639987             0.0  
  0.0641711310012             0.0  
  0.0644278127187             0.0  
  0.0646855232552             0.0  
  0.0649442626117             0.0  
  0.0652040452661             0.0  
  0.0654648566764             0.0  
  0.0657267187584             0.0  
  0.0659896241762             0.0  
  0.0662535878291             0.0  
  0.0665186022408             0.0  
  0.0667846748831             0.0  
  0.0670518133677             0.0  
  0.0673200176808             0.0  
  0.0675892955364             0.0  
  0.0678596547942             0.0  
  0.0681310955057             0.0  
  0.0684036176189             0.0  
  0.0686772371465             0.0  
  0.0689519460626             0.0  
  0.0692277524068             0.0  
  0.0695046643732             0.0  
  0.0697826819665             0.0  
  0.0700618092917             0.0  
  0.0703420589619             0.0  
   0.070623426789             0.0  
  0.0709059212687             0.0  
  0.0711895423753             0.0  
  0.0714743031091             0.0  
  0.0717601991258             0.0  
  0.0720472391778             0.0  
  0.0723354277057             0.0  
  0.0726247691824             0.0  
  0.0729152681139             0.0  
    0.07320692904             0.0  
  0.0734997565348             0.0  
  0.0737937552076             0.0  
  0.0740889344083             0.0  
  0.0743852894469             0.0  
  0.0746828297095             0.0  
  0.0749815599532             0.0  
  0.0752814849739             0.0  
  0.0755826145031             0.0  
  0.0758849436633             0.0  
  0.0761884822289             0.0  
  0.0764932351588             0.0  
  0.0767992074549             0.0  
  0.0771064092587             0.0  
  0.0774148303731             0.0  
  0.0777244912211             0.0  
  0.0780353918892             0.0  
  0.0783475323458             0.0  
  0.0786609230457             0.0  
  0.0789755639691             0.0  
  0.0792914657527             0.0  
   0.079608633823             0.0  
  0.0799270681838             0.0  
  0.0802467742357             0.0  
   0.080567762995             0.0  
  0.0808900344938             0.0  
   0.081213594294             0.0  
  0.0815384480128             0.0  
  0.0818646013243             0.0  
  0.0821920599602             0.0  
  0.0825208297115             0.0  
  0.0828509105458             0.0  
  0.0831823141643             0.0  
   0.083515046541             0.0  
  0.0838491076875             0.0  
  0.0841845035616             0.0  
  0.0845212401854             0.0  
  0.0848593236462             0.0  
   0.085198760098             0.0  
   0.085539555763             0.0  
  0.0858817169328             0.0  
  0.0862252435974             0.0  
  0.0865701420383             0.0  
  0.0869164250829             0.0  
  0.0872640927855             0.0  
  0.0876131450676             0.0  
  0.0879636016111             0.0  
  0.0883154558578             0.0  
   0.088668714379             0.0  
  0.0890233906167             0.0  
  0.0893794846157             0.0  
  0.0897370031866             0.0  
  0.0900959462655             0.0  
  0.0904563346886             0.0  
  0.0908181615483             0.0  
  0.0911814338254             0.0  
  0.0915461585877             0.0  
  0.0919123429913             0.0  
  0.0922799869838             0.0  
  0.0926491124422             0.0  
   0.093019704726             0.0  
  0.0933917859573             0.0  
  0.0937653562234             0.0  
  0.0941404154694             0.0  
  0.0945169788091             0.0  
  0.0948950462631             0.0  
  0.0952746254872             0.0  
  0.0956557242391             0.0  
  0.0960383424748             0.0  
    0.09642249594             0.0  
  0.0968081927081             0.0  
  0.0971954247693             0.0  
    0.09758420003             0.0  
  0.0979745429595             0.0  
  0.0983664371996             0.0  
  0.0987599075112             0.0  
  0.0991549455969             0.0  
  0.0995515597278             0.0  
  0.0999497668536             0.0  
   0.100349567056             0.0  
   0.100750968963             0.0  
    0.10115397256             0.0  
   0.101558586513             0.0  
   0.101964819616             0.0  
   0.102372680792             0.0  
   0.102782170036             0.0  
   0.103193296316             0.0  
   0.103606068731             0.0  
   0.104020496516             0.0  
   0.104436579694             0.0  
   0.104854327552             0.0  
   0.105273740019             0.0  
   0.105694836009             0.0  
   0.106117615583             0.0  
   0.106542088371             0.0  
   0.106968254342             0.0  
    0.10739613307             0.0  
   0.107825714704             0.0  
   0.108257019043             0.0  
   0.108690046111             0.0  
    0.10912480597             0.0  
   0.109561308842             0.0  
   0.109999544368             0.0  
   0.110439543503             0.0  
   0.110881306421             0.0  
   0.111324833128             0.0  
   0.111770134167             0.0  
   0.112217209458             0.0  
   0.112666080506             0.0  
   0.113116747406             0.0  
   0.113569210079             0.0  
    0.11402349056             0.0  
    0.11447957772             0.0  
   0.114937505188             0.0  
   0.115397250435             0.0  
   0.115858836044             0.0  
    0.11632227356             0.0  
   0.116787563027             0.0  
   0.117254716096             0.0  
   0.117723732736             0.0  
   0.118194624709             0.0  
   0.118667403978             0.0  
    0.11914207054             0.0  
   0.119618648741             0.0  
   0.120097114076             0.0  
   0.120577503377             0.0  
   0.121059816793             0.0  
   0.121544054295             0.0  
   0.122030228427             0.0  
   0.122518351955             0.0  
   0.123008424898             0.0  
    0.12350046016             0.0  
   0.123994457695             0.0  
   0.124490443835             0.0  
   0.124988405397             0.0  
   0.125488355577             0.0  
   0.125990307807             0.0  
   0.126494275758             0.0  
   0.127000245701             0.0  
   0.127508245074             0.0  
    0.12801828796             0.0  
   0.128530360378             0.0  
   0.129044476247             0.0  
   0.129560649739             0.0  
   0.130078895284             0.0  
   0.130599212962             0.0  
   0.131121602652             0.0  
   0.131646093737             0.0  
   0.132172686404             0.0  
   0.132701365544             0.0  
   0.133232176219             0.0  
   0.133765103397             0.0  
   0.134300162271             0.0  
   0.134837368321             0.0  
   0.135376721612             0.0  
   0.135918222001             0.0  
   0.136461901057             0.0  
   0.137007742892             0.0  
   0.137555779549             0.0  
   0.138105994852             0.0  
   0.138658421326             0.0  
   0.139213050809             0.0  
   0.139769908149             0.0  
   0.140328985025             0.0  
   0.140890298152             0.0  
   0.141453864571             0.0  
   0.142019675725             0.0  
   0.142587757413             0.0  
   0.143158109703             0.0  
   0.143730741295             0.0  
   0.144305660953             0.0  
     0.1448828865             0.0  
   0.145462417974             0.0  
   0.146044264332             0.0  
   0.146628443812             0.0  
    0.14721495644             0.0  
   0.147803820742             0.0  
   0.148395036739             0.0  
   0.148988613741             0.0  
   0.149584570717             0.0  
    0.15018290769             0.0  
   0.150783634197             0.0  
   0.151386769673             0.0  
   0.151992324049             0.0  
   0.152600287381             0.0  
   0.153210689412             0.0  
    0.15382353019             0.0  
   0.154438829972             0.0  
   0.155056578518             0.0  
    0.15567680657             0.0  
   0.156299514214             0.0  
    0.15692471185             0.0  
   0.157552409977             0.0  
    0.15818261919             0.0  
   0.158815350183             0.0  
   0.159450613755             0.0  
   0.160088420804             0.0  
   0.160728771267             0.0  
   0.161371687153             0.0  
   0.162017168434             0.0  
   0.162665237514             0.0  
   0.163315905841             0.0  
   0.163969161936             0.0  
   0.164625040157             0.0  
   0.165283540598             0.0  
   0.165944674901             0.0  
   0.166608454833             0.0  
   0.167274892283             0.0  
   0.167943987181             0.0  
   0.168615763567             0.0  
   0.169290221434             0.0  
    0.16996738528             0.0  
   0.170647255169             0.0  
   0.171329843488             0.0  
   0.172015162761             0.0  
   0.172703225652             0.0  
   0.173394044972             0.0  
   0.174087620686             0.0  
   0.174783965587             0.0  
   0.175483105814             0.0  
   0.176185028167             0.0  
   0.176889772394             0.0  
   0.177597338699             0.0  
   0.178307727023             0.0  
   0.179020950763             0.0  
   0.179737037323             0.0  
   0.180455986807             0.0  
   0.181177813108             0.0  
   0.181902516113             0.0  
   0.182630138307             0.0  
   0.183360651225             0.0  
   0.184094097823             0.0  
   0.184830478239             0.0  
   0.185569792332             0.0  
   0.186312069427             0.0  
   0.187057324515             0.0  
   0.187805542552             0.0  
   0.188556768668             0.0  
   0.189311003085             0.0  
   0.190068245741             0.0  
   0.190828511884             0.0  
   0.191591832701             0.0  
   0.192358192514             0.0  
     0.1931276228             0.0  
   0.193900139646             0.0  
   0.194675743117             0.0  
    0.19545444935             0.0  
   0.196236258206             0.0  
    0.19702120251             0.0  
   0.197809299078             0.0  
   0.198600531156             0.0  
   0.199394932263             0.0  
   0.200192502344             0.0  
   0.200993275664             0.0  
   0.201797252382             0.0  
   0.202604449942             0.0  
   0.203414868307             0.0  
   0.204228525003             0.0  
    0.20504543781             0.0  
   0.205865624771             0.0  
   0.206689085885             0.0  
   0.207515839287             0.0  
   0.208345903386             0.0  
   0.209179278109             0.0  
   0.210016000869             0.0  
   0.210856071857             0.0  
   0.211699490941             0.0  
   0.212546277026             0.0  
   0.213396468821             0.0  
   0.214250046937             0.0  
   0.215107050522             0.0  
    0.21596747968             0.0  
   0.216831354335             0.0  
   0.217698674411             0.0  
   0.218569480447             0.0  
   0.219443752038             0.0  
   0.220321530195             0.0  
   0.221202814979             0.0  
    0.22208762725             0.0  
   0.222975966893             0.0  
   0.223867876408             0.0  
   0.224763356022             0.0  
    0.22566240562             0.0  
   0.226565046741             0.0  
   0.227471323449             0.0  
   0.228381191466             0.0  
   0.229294717399             0.0  
   0.230211901517             0.0  
   0.231132743741             0.0  
   0.232057289795             0.0  
    0.23298551673             0.0  
   0.233917447399             0.0  
   0.234853128678             0.0  
   0.235792537111             0.0  
   0.236735696159             0.0  
   0.237682653894             0.0  
   0.238633386357             0.0  
   0.239587917649             0.0  
   0.240546272283             0.0  
   0.241508450202             0.0  
   0.242474476173             0.0  
   0.243444375393             0.0  
   0.244418147897             0.0  
   0.245395819152             0.0  
   0.246377415072             0.0  
   0.247362935807             0.0  
   0.248352381126             0.0  
   0.249345777063             0.0  
   0.250343176971             0.0  
   0.251344527244             0.0  
   0.252349908614             0.0  
    0.25335932151             0.0  
   0.254372765977             0.0  
   0.255390241673             0.0  
   0.256411804211             0.0  
   0.257437453804             0.0  
   0.258467218904             0.0  
   0.259501070763             0.0  
   0.260539066586             0.0  
   0.261581235703             0.0  
   0.262627548869             0.0  
   0.263678064881             0.0  
   0.264732783961             0.0  
    0.26579170593             0.0  
   0.266854891235             0.0  
   0.267922309574             0.0  
   0.268993991277             0.0  
   0.270069967242             0.0  
   0.271150237445             0.0  
   0.272234833207             0.0  
   0.273323786442             0.0  
   0.274417065131             0.0  
   0.275514733392             0.0  
   0.276616791411             0.0  
   0.277723272009             0.0  
   0.278834175318             0.0  
   0.279949501047             0.0  
   0.281069299253             0.0  
   0.282193587055             0.0  
   0.283322347287             0.0  
   0.284455648488             0.0  
   0.285593473589             0.0  
   0.286735839763             0.0  
    0.28788278206             0.0  
   0.289034318324             0.0  
    0.29019044848             0.0  
    0.29135120839             0.0  
   0.292516616291             0.0  
   0.293686690561             0.0  
   0.294861431089             0.0  
   0.296040874868             0.0  
   0.297225040705             0.0  
   0.298413947558             0.0  
   0.299607595302             0.0  
    0.30080602213             0.0  
   0.302009247464             0.0  
    0.30321729089             0.0  
     0.3044301523             0.0  
   0.305647871155             0.0  
   0.306870467543             0.0  
   0.308097941391             0.0  
   0.309330333157             0.0  
   0.310567663464             0.0  
   0.311809932292             0.0  
   0.313057181141             0.0  
   0.314309410034             0.0  
   0.315566639853             0.0  
   0.316828913182             0.0  
   0.318096230131             0.0  
   0.319368612178             0.0  
   0.320646081009             0.0  
   0.321928658521             0.0  
   0.323216389208             0.0  
   0.324509250809             0.0  
   0.325807288084             0.0  
   0.327110523813             0.0  
   0.328418957898             0.0  
   0.329732636328             0.0  
   0.331051559108             0.0  
   0.332375773078             0.0  
   0.333705278357             0.0  
   0.335040098608             0.0  
   0.336380257747             0.0  
   0.337725779946             0.0  
   0.339076665006             0.0  
   0.340432986705             0.0  
   0.341794720546             0.0  
   0.343161891185             0.0  
   0.344534548985             0.0  
   0.345912668488             0.0  
   0.347296326266             0.0  
   0.348685522677             0.0  
   0.350080257549             0.0  
   0.351480583114             0.0  
   0.352886499387             0.0  
   0.354298059636             0.0  
   0.355715236968             0.0  
   0.357138112398             0.0  
   0.358566658811             0.0  
   0.360000930978             0.0  
   0.361440928903             0.0  
   0.362886680252             0.0  
   0.364338241478             0.0  
   0.365795584278             0.0  
   0.367258765579             0.0  
   0.368727814453             0.0  
   0.370202701609             0.0  
   0.371683514657             0.0  
   0.373170253946             0.0  
   0.374662949342             0.0  
   0.376161600777             0.0  
   0.377666238169             0.0  
    0.37917689183             0.0  
   0.380693623523             0.0  
   0.382216371204             0.0  
   0.383745259568             0.0  
   0.385280225907             0.0  
   0.386821365205             0.0  
   0.388368645644             0.0  
   0.389922098941             0.0  
   0.391481790084             0.0  
   0.393047719354             0.0  
   0.394619919803             0.0  
   0.396198391308             0.0  
   0.397783200948             0.0  
   0.399374314825             0.0  
   0.400971835143             0.0  
   0.402575693153             0.0  
   0.404186027304             0.0  
    0.40580276818             0.0  
   0.407425985771             0.0  
   0.409055680001             0.0  
   0.410691886307             0.0  
   0.412334677075             0.0  
   0.413984016222             0.0  
   0.415639939898             0.0  
   0.417302484792             0.0  
   0.418971688138             0.0  
    0.42064758773             0.0  
   0.422330183714             0.0  
   0.424019514119             0.0  
   0.425715578715             0.0  
    0.42741845491   194.251138433  
   0.429128103577             0.0  
   0.430844642772             0.0  
   0.432567993229             0.0  
   0.434298274541             0.0  
   0.436035487278             0.0  
   0.437779631355             0.0  
   0.439530747406             0.0  
   0.441288876713             0.0  
   0.443054019149             0.0  
   0.444826216307             0.0  
   0.446605553183             0.0  
   0.448391944501             0.0  
   0.450185518681             0.0  
   0.451986276277             0.0  
   0.453794217163             0.0  
   0.455609384994             0.0  
   0.457431824142             0.0  
   0.459261534513             0.0  
   0.461098606424             0.0  
   0.462942994629             0.0  
   0.464794744293             0.0  
   0.466653947995             0.0  
   0.468520559477             0.0  
   0.470394625092             0.0  
    0.47227623977             0.0  
   0.474165308069             0.0  
   0.476061973558             0.0  
   0.477966236859             0.0  
   0.479878097875             0.0  
    0.48179760551             0.0  
   0.483724809516             0.0  
   0.485659709962             0.0  
   0.487602357123             0.0  
   0.489552750798             0.0  
   0.491510941797             0.0  
   0.493476981822             0.0  
   0.495450923487             0.0  
   0.497432714296             0.0  
   0.499422459632             0.0  
   0.501420159773             0.0  
   0.503425814233             0.0  
    0.50543953123             0.0  
   0.507461256159             0.0  
   0.509491098746             0.0  
   0.511529115411             0.0  
   0.513575194045             0.0  
   0.515629502992             0.0  
   0.517692042968             0.0  
   0.519762813907             0.0  
   0.521841873299             0.0  
   0.523929220874             0.0  
   0.526024914845             0.0  
   0.528129014504             0.0  
   0.530241520001             0.0  
   0.532362491404             0.0  
   0.534491989902             0.0  
    0.53662995442             0.0  
   0.538776445492             0.0  
   0.540931524796             0.0  
   0.543095255176             0.0  
   0.545267636958             0.0  
   0.547448733858             0.0  
   0.549638546073             0.0  
    0.55183707296             0.0  
   0.554044444575             0.0  
    0.55626059541             0.0  
   0.558485657495             0.0  
   0.560719597844             0.0  
   0.562962483405   225.363062038  
   0.565214313975             0.0  
   0.567475191987             0.0  
   0.569745083194             0.0  
   0.572024056544             0.0  
   0.574312146998             0.0  
   0.576609389767             0.0  
   0.578915856223             0.0  
   0.581231510563   545.835319318  
   0.583556424395             0.0  
   0.585890670752   381.329361871  
   0.588234212906             0.0  
   0.590587161519             0.0  
   0.592949516918             0.0  
   0.595321316499             0.0  
   0.597702597952             0.0  
   0.600093399275             0.0  
   0.602493758773             0.0  
   0.604903754268   521.433950515  
   0.607323346614   393.759033058  
   0.609752653807   166.914455809  
    0.61219167626             0.0  
   0.614640413456   175.814543252  
   0.617098986326   555.844405394  
   0.619567395379             0.0  
   0.622045640186   295.113319913  
   0.624533844723             0.0  
   0.627031967515   179.048466435  
   0.629540092171   372.813607907  
   0.632058261237   172.774153846  
   0.634586517658             0.0  
   0.637124861303   564.644601619  
   0.639673334899   491.333243792  
   0.642232025774             0.0  
   0.644800978545             0.0  
   0.647380148471    555.60197792  
   0.649969669425   776.352831736  
   0.652569587365   74.2292962291  
   0.655179856736   579.668172644  
   0.657800568591   1129.81905062  
   0.660431769189    207.50748649  
   0.663073505274             0.0  
   0.665725776595             0.0  
   0.668388677604   494.118829744  
   0.671062256533   429.536037165  
   0.673746513503             0.0  
   0.676441496628    962.92256881  
   0.679147254542             0.0  
   0.681863836416             0.0  
   0.684591291962   472.816502165  
   0.687329671447   194.243514119  
   0.690078974684   966.043847154  
   0.692839303287   726.675940774  
   0.695610657402   218.852821345  
   0.698393088372   594.045831344  
   0.701186648134   369.767462866  
   0.703991389227   938.172144348  
   0.706807364806   742.219585712  
   0.709634628657   108.280188047  
   0.712473126437   348.557143791  
   0.715323020253   1173.90028701  
   0.718184310573   329.796759607  
   0.721057052476    89.780557257  
   0.723941301714   1226.47434004  
   0.726837058126   1498.64624758  
   0.729744434544   949.510479565  
    0.73266337379   299.955431811  
   0.735594047609   171.783693404  
   0.738536398423   444.820136784  
   0.741490542374             0.0  
   0.744456538845   1059.67392342  
   0.747434328278             0.0  
   0.750424089387   1508.98294566  
   0.753425762242   1779.92756503  
   0.756439467734             0.0  
   0.759465267704   1791.65393499  
   0.762503100235   922.029607376  
   0.765553088621   686.359241756  
   0.768615358973   2304.92251427  
   0.771689785078   1634.06298315  
   0.774776557029   2845.06390042  
   0.777875675396    1321.5603931  
   0.780987139566   906.513029646  
   0.784111079464   401.751146331  
   0.787247561611   1405.14446203  
   0.790396519592   1641.20293322  
   0.793558153516   936.675491807  
   0.796732328688   1461.11827242  
   0.799919316178    4772.3134417  
   0.803118979953   1850.83947275  
   0.806331456982   1486.68482136  
   0.809556747003   1895.42195214  
   0.812794990065    3102.9304583  
   0.816046186795   1905.22802593  
   0.819310336587   3429.49644741  
   0.822587582554   1744.50243978  
   0.825877925024   3862.27198666  
   0.829181436724   3554.30351378  
   0.832498191461   4202.33025782  
   0.835828189296   3235.25958443  
   0.839171504458   4805.72715415  
   0.842528212291   3674.12424764  
   0.845898312618   2935.45659105  
   0.849281881239   3781.23512587  
   0.852678995109   6041.97412698  
   0.856089732362   3649.08655799  
   0.859514093183   2548.61777788  
   0.862952156231   7837.77785632  
    0.86640392096   5320.78867949  
   0.869869547625   5128.92689364  
   0.873349036885   5105.35232866  
   0.876842470444   5265.81438903  
   0.880349848266   5380.06905055  
    0.88387125266   8624.12787411  
   0.887406682882   7042.21922908  
   0.890956306903   4104.61681713  
   0.894520125299   7204.45538597  
   0.898098223703   8518.26983404  
   0.901690602022   8951.24036361  
    0.90529734659   7763.94293128  
   0.908918545144   9165.48348955  
   0.912554286861   12362.1597873  
    0.91620448251   10789.7585516  
   0.919869310553   11032.7436761  
   0.923548771048   14749.9965015  
   0.927242954756   9014.25408242  
   0.930951953949    10574.030027  
    0.93467576885   9677.97327513  
   0.938414398252   9956.80682599  
   0.942168124804   14865.7308107  
   0.945936759492     10079.16252  
   0.949720492285   11075.1928237  
   0.953519420436   11466.5711405  
   0.957333446481    11197.398284  
   0.961162765282   12756.2895128  
   0.965007476762   9432.02376725  
   0.968867481426   5896.60280412  
    0.97274297922   16250.0048711  
   0.976633970679   11978.8030443  
   0.980540454853   8683.93480463  
   0.984462636942   12292.6187639  
   0.988400517931   10754.9596243  
   0.992354097304     10127.02872  
   0.996323479373   14639.5148624  
     1.0003087703   8986.56604139  
    1.00431007814   12996.5133761  
    1.00832729502     15613.06302  
    1.01236052764   20484.7387873  
    1.01640999533   18749.9037716  
    1.02047569976   22586.0667992  
    1.02455752863   23878.1419522  
    1.02865581791   20477.8141082  
    1.03277045575   20274.2800635  
    1.03690155548   29821.4616131  
    1.04104911636   29017.9966092  
    1.04521325314   19724.2741669  
    1.04939420063   25377.0970331  
    1.05359172389   34154.6293755  
    1.05780605831   27016.4849437  
    1.06203732443   26064.5020432  
    1.06628552323   32254.2685049  
    1.07055065407   29242.8526271  
    1.07483283844     26462.36547  
    1.07913220012   36331.5061428  
    1.08344873944   37579.2829776  
     1.0877824551   41358.6295667  
    1.09213359969   37603.5039556  
    1.09650217463   32043.5783851  
     1.1008881797   35670.0798885  
     1.1052917439   27797.6950818  
    1.10971286672   30515.0158726  
    1.11415174547   42846.2477622  
      1.118608314   41034.9623524  
    1.12308277256   40525.3425129  
    1.12757512183   29411.4239533  
    1.13208536077   38239.2162167  
    1.13661376343   33251.7769014  
    1.14116019235   33569.5394505  
    1.14572485554   37563.5520042  
    1.15030775326   34843.8761935  
    1.15490895553   31001.3758981  
    1.15952860483   36571.7858422  
    1.16416670132   31889.2657372  
     1.1688233897     24299.98491  
    1.17349867003   43283.2035584  
     1.1781926893   32336.9415646  
    1.18290544752   30553.8681244  
    1.18763701844   30919.9768188  
    1.19238762871   34193.0160073  
    1.19715712662   36436.9247184  
    1.20194581802   39245.6771819  
    1.20675354877   43804.6100051  
    1.21158055106   32638.4736595  
    1.21642690421    37782.502679  
    1.22129260833   34347.6339011  
    1.22617774218   37558.1677845  
    1.23108246641   37501.1223324  
    1.23600678128   43654.0016183  
    1.24095085014   36411.1163883  
    1.24591467342   36111.4215289  
    1.25089833345   53342.1092188  
    1.25590191332   48850.7931222  
    1.26092549688   50015.7170482  
    1.26596925462   49015.7809378  
    1.27103310096   36291.1257117  
    1.27611720729   36621.5219253  
    1.28122166071    56291.671887  
    1.28634654912   45979.7689401  
     1.2914919613   45070.0120993  
    1.29665789685   53403.3337603  
    1.30184453495   41722.7110522  
    1.30705196705   42073.1655991  
    1.31228019329   53633.1460936  
     1.3175293048   36678.9416505  
    1.32279939364   52824.3596048  
    1.32809055282   35956.6214153  
    1.33340297157   41938.7888442  
    1.33873655515   38908.6974232  
    1.34409149405   30935.0485561  
    1.34946788529   42770.9432561  
    1.35486572862   47779.1639646  
    1.36028521997    36693.390673  
    1.36572635965   37402.1677989  
    1.37118924663   38490.6312066  
    1.37667398097   32313.5147817  
    1.38218066385   38216.3664356  
     1.3877093976   31566.7729489  
    1.39326028573   31963.6167684  
    1.39883332813   41944.6341866  
    1.40442862818    29699.981391  
    1.41004639701   38583.6881904  
    1.41568652828   34299.5357992  
    1.42134923472   43559.8765767  
     1.4270347338   50798.2053073  
    1.43274280789    57132.586391  
    1.43847378442   49223.1998266  
    1.44422766398   55402.3025746  
    1.45000455759      57704.1272  
    1.45580457763   66520.0988013  
    1.46162783788   57252.0695103  
     1.4674743382   71080.2487037  
    1.47334419247   69698.1514102  
    1.47923763322   57048.7736363  
    1.48515454374     50536.22529  
    1.49109515859   61478.9242775  
    1.49705959758   64816.9339118  
    1.50304786104   63697.0786686  
    1.50905994702   60390.8406139  
    1.51509622013   54636.3939113  
    1.52115668254   56031.5123466  
    1.52724120921   58573.7386413  
    1.53335017254   59144.0517272  
    1.53948357374   74952.9762771  
    1.54564153965    64127.751471  
    1.55182406983   67468.5958804  
    1.55803142154   68024.9655255  
    1.56426359579   54320.2482029  
    1.57052059122    66420.884863  
     1.5768026704   58638.2921147  
    1.58310983348   54938.0656551  
    1.58944234883   66584.0683074  
    1.59580008182   55708.9370412  
    1.60218330351   47912.5853991  
    1.60859201408   58238.1370128  
    1.61502635096   71797.5663701  
    1.62148645356   49931.6763325  
    1.62797246329   45959.5858545  
    1.63448438051    47274.548608  
    1.64102234735   55555.2542603  
    1.64758636258   60382.7496821  
    1.65417671562    47330.165201  
    1.66079340718   48945.6621407  
    1.66743658437   53834.3209292  
     1.6741063965   45129.0731252  
    1.68080269246   53589.6958778  
    1.68752592389   46638.8258821  
    1.69427609314   46754.5866097  
    1.70105319998   54021.1753091  
    1.70785739784   44714.1257899  
    1.71468884249   42287.1299232  
    1.72154753335   41791.0229607  
    1.72843378724   40499.1518291  
    1.73534744462   27423.6243263  
    1.74228882598   39856.8748277  
    1.74925809556   44810.3421249  
    1.75625508976   44048.1043432  
    1.76328013667   42791.4426241  
    1.77033323648   25880.5685056  
    1.77741455594   37455.7519389  
    1.78452426446    46488.289719  
     1.7916623622   43641.5846478  
    1.79882901993   33943.4876545  
    1.80602423647   45531.9151927  
    1.81324836008   28974.7275907  
    1.82050139242   42785.0982077  
     1.8277833324   43066.2495038  
    1.83509453688   36535.4244363  
    1.84243482592   37462.4737334  
    1.84980456084   31754.0162145  
    1.85720392704   44777.1122848  
    1.86463274053   33908.7984159  
    1.87209118398   33147.4277083  
     1.8795796324   29541.7742483  
    1.88709789773    35135.756146  
    1.89464616751    29885.930201  
    1.90222482632   43673.7341872  
    1.90983368203   21070.9273812  
    1.91747312426   35629.7554222  
    1.92514295664   22379.6889867  
    1.93284357391   28413.1664131  
    1.94057497714   30306.3069481  
    1.94833716444   37582.9881446  
    1.95613054087   32918.4763595  
     1.9639551083    24192.162351  
    1.97181086567   23367.3219489  
    1.97969822875   29801.1729693  
    1.98761698878   27859.8529955  
     1.9955673539   23238.1825043  
    2.00354975096   21768.2402852  
    2.01156396724   29844.6557255  
    2.01961021701   26028.4682061  
    2.02768849818   33057.8855183  
    2.03579924952    23332.727657  
    2.04394247327   53371.1119111  
    2.05211839415   43882.9094077  
    2.06032678619   44161.3305523  
    2.06856810064   53996.6302605  
    2.07684233806   43154.8879012  
    2.08514972876   60913.7497456  
    2.09349027249   61078.0205678  
    2.10186420246   44510.4831345  
    2.11027175621   67603.5976188  
    2.11871293521   90977.5887178  
     2.1271877377   58630.4761575  
    2.13569640299   70741.3662121  
    2.14423917486   82432.9501476  
    2.15281605342   61141.0158307  
    2.16142753599   76483.8237498  
    2.17007312352   93166.8949308  
     2.1787533147   86351.0156138  
    2.18746836472   59419.7809639  
    2.19621827524   83935.2004881  
    2.20500330503   104828.978063  
    2.21382319273   81310.6101433  
    2.22267845914   89385.7466166  
    2.23156923834   98115.6592801  
    2.24049553083   103908.354353  
    2.24945746922   99021.1671631  
    2.25845532359     90489.94037  
    2.26748909386   112755.307268  
     2.2765590541   78031.2125908  
    2.28566534384   98740.3716173  
     2.2948079625   104773.752207  
    2.30398719039    74069.941936  
    2.31320316998   79792.9916531  
    2.32245604483   87540.5103371  
    2.33174581389   104313.189938  
    2.34107276615   66664.1881984  
    2.35043704837   91219.9173688  
    2.35983880845   83202.5323433  
    2.36927819543   70219.4217343  
    2.37875535953   75804.8540812  
    2.38827029941   94036.6591004  
    2.39782347203   76943.1319798  
    2.40741472448   77112.0528549  
    2.41704436467   95679.0971562  
    2.42671254905   77001.1218814  
    2.43641943535   87241.2215769  
    2.44616502242   71967.4985319  
       2.45594979   77332.5588725  
    2.46577357813    86558.405413  
    2.47563654622   62772.8467744  
    2.48553918601   92819.5072481  
    2.49548133412   86978.7081659  
    2.50546315429   69720.2917805  
    2.51548515073   81605.8793961  
    2.52554698583   87482.0796431  
    2.53564916829   66318.6441944  
    2.54579187216   62476.0482777  
    2.55597492322   62967.5441742  
     2.5661988433   78870.7297877  
    2.57646363371   60483.6655188  
    2.58676947111   61399.7653283  
    2.59711653388   61204.4206091  
    2.60750500219   71258.5492683  
    2.61793505804   59739.8697891  
    2.62840688526   81111.5519348  
    2.63892048307   65339.1918086  
    2.64947622269   74855.9218557  
    2.66007410417   79020.5370978  
    2.67071431458   69611.7434704  
    2.68139723552   63046.8124614  
    2.69212286854   65623.3896055  
    2.70289121112   65584.8357013  
    2.71370284826   79252.9536219  
     2.7245575844   64883.8347563  
    2.73545581473   64585.4017286  
    2.74639774102   60507.5102155  
    2.75738336362   72721.8127158  
    2.76841288399   66774.1171262  
    2.77948650585   82765.5059138  
    2.79060443525   62769.0026339  
    2.80176688064    47552.959926  
    2.81297384093   56797.1540057  
    2.82422573799   53334.8078741  
    2.83552278766   42911.3882888  
    2.84686477416    63621.458518  
    2.85825234572   57059.9494529  
     2.8696852848   48798.4894253  
    2.88116402948   58535.5104685  
    2.89268857934   39701.0293113  
    2.90425938136   51836.4921451  
    2.91587643703   47454.8633794  
    2.92753997296   42948.2518834  
    2.93925021859   56577.5907069  
      2.951007173   48776.9917391  
    2.96281106587   35566.7961503  
    2.97466236678   30407.6225206  
    2.98656107812   39772.2501554  
     2.9985071977   67615.8250125  
      3.010501447   54187.1763936  
    3.02254334263   58546.0334739  
    3.03463361427   49619.9815613  
    3.04677201599   56155.8200581  
    3.05895904115   44633.4345774  
    3.07119494173   50516.6077827  
    3.08347971845   65873.1828941  
    3.09581362403   49153.2565619  
    3.10819691461   73991.8425634  
    3.12062958899    67298.364317  
    3.13311216706   63621.8759277  
    3.14564465057   57298.1600007  
    3.15822730368   49082.3641393  
    3.17086012492   51007.1473128  
    3.18354365085   56652.2911001  
    3.19627788324   64623.0486666  
    3.20906281894    85479.028283  
    3.22189900597   79381.8413364  
    3.23478672482   72653.3500549  
    3.24772597752   55853.5789236  
    3.26071676117    74806.000074  
    3.27375964194   85189.0598293  
    3.28685462056    78345.655894  
    3.30000198442   70750.1749982  
    3.31320202516   68180.8800951  
    3.32645503871   79308.8973904  
    3.33976072794   66050.6140427  
    3.35311968447    69911.778693  
    3.36653221038   89179.4602678  
     3.3799983063   72349.9746729  
    3.39351827618   82287.6479339  
    3.40709242856   66202.2294216  
    3.42072076331   65170.0987908  
    3.43440359099   88019.5650349  
    3.44814122692   64341.4637036  
    3.46193399134   71363.4188842  
    3.47578156229   76052.4063624  
    3.48968490685   83660.8659574  
    3.50364337402    67275.180394  
    3.51765794355   50638.1590608  
    3.53172861925    67337.568427  
    3.54585573632   84558.8174514  
     3.5600389564   78895.6126437  
    3.57427929354     66517.36524  
    3.58857640934   64504.3805405  
    3.60293064433   58164.6295781  
    3.61734234457   85987.5431218  
    3.63181186174    56555.465096  
    3.64633884103   54141.5142192  
    3.66092434656    40917.087168  
    3.67556802377    55502.732884  
    3.69027023047    62287.239229  
    3.70503133043   61619.6657644  
    3.71985132286   66095.1586101  
    3.73473094844   53727.1112926  
    3.74966983622   51928.0386941  
    3.76466835677   64030.0707224  
    3.77972726954   62451.3233288  
    3.79484619552   62502.6254779  
    3.81002551525   92535.9967455  
    3.82526561575   79256.5030091  
    3.84056649563   72626.0188386  
    3.85592894407    58521.353793  
    3.87135256549   61980.5082555  
    3.88683815953   52702.9897527  
    3.90238532204   57845.7317139  
    3.91799486333    62285.280492  
    3.93366678499   83101.1919179  
     3.9494015004   62688.3809999  
    3.96519900909   54398.3154344  
    3.98106015352   61493.1005842  
    3.99698408556   76401.3435535  
    4.01297208033   62814.2482726  
    4.02902414361   74074.7737282  
    4.04514027511   61756.1885541  
    4.06132091013   73814.5969018  
    4.07756604651   49846.0041999  
     4.0938761247   67443.5757033  
    4.11025159314   66484.4810522  
    4.12669290844   60679.4549326  
    4.14319961597   64383.4339505  
      4.159772167    54062.819872  
    4.17641148833   81398.1614979  
     4.1931171174   68040.9418405  
    4.20988951967   54772.6742916  
    4.22672916926   72232.1685253  
    4.24363606672   80053.2648486  
    4.26061069234   49439.7430125  
    4.27765304529   77954.0812975  
     4.2947636122   80932.2435395  
    4.31194288887   44826.9130314  
    4.32919037643   61215.6081593  
    4.34650707141   54827.6418195  
    4.36389297573   68525.6109445  
    4.38134859885   64796.2123671  
    4.39887394162   67951.2541267  
    4.41646952064   48621.1857981  
    4.43413533578   35608.1128304  
    4.45187217638   54758.1533874  
    4.46967951266   51997.2543962  
    4.48755840908   42785.9663925  
    4.50550859831   42810.2984198  
     4.5235306196   50479.0140603  
    4.54162474648   50395.9861196  
    4.55979125434    29671.940726  
    4.57803042047   36469.9848154  
    4.59634252412   31705.7103438  
     4.6147278465    34949.038427  
    4.63318667084   51034.0997202  
    4.65171957222   36103.1572911  
    4.67032626082   55388.1839333  
    4.68900760809   44479.3403061  
    4.70776361606   40538.9209942  
    4.72659487793   39244.7685675  
    4.74550109403   37956.9997759  
    4.76448316381   37486.4851125  
    4.78354108914   36556.6403898  
     4.8026751735   47350.4923318  
    4.82188603423   39056.1816502  
    4.84117335953   20750.2357422  
    4.86053808574   43932.2029962  
    4.87998021521   39542.8694594  
    4.89950038583   40414.0705671  
    4.91909827634   35943.4428964  
    4.93877452759    28434.891079  
    4.95852979362   43867.7585151  
    4.97836374618   39013.2979559  
    4.99827737711   44378.4174495  
     5.0182703536   24315.1708836  
    5.03834368422   40255.3455982  
    5.05849703165   40043.4077476  
    5.07873073078   15939.9790055  
    5.09904581601   37520.1390995  
    5.11944194334   42206.4790378  
    5.13991981119   34162.9514657  
    5.16047941939   33210.8498544  
    5.18112147886   38209.6492954  
    5.20184599077   46041.2529097  
    5.22265331361   46161.6942195  
     5.2435438095   34721.7265146  
    5.26451784426    20853.220314  
    5.28557616158   27380.1197449  
     5.3067183896    27547.011243  
    5.32794527679   31703.8881363  
    5.34925720446   33086.5158583  
    5.37065417172   30167.8723028  
    5.39213655882   20024.6092587  
    5.41370514258   31520.3703477  
    5.43535992532   36700.0868603  
    5.45710169869    23620.571353  
    5.47893006545   22034.4255493  
    5.50084582284   18711.2051756  
    5.52284896853   33013.5313861  
    5.54494031519   36106.0478225  
    5.56712027819   31836.1488227  
    5.58938885932   16662.8084364  
    5.61174605182   25487.4546239  
    5.63419311564    28264.275167  
    5.65673005712     17813.19045  
    5.67935687409   16921.8999194  
    5.70207442649   22078.8542554  
    5.72488271545   32748.8949377  
     5.7477821758   21847.0103427  
    5.77077324765    30872.693353  
    5.79385637646   33686.0563453  
     5.8170320132   38387.4413353  
    5.84029970084   21941.0490679  
    5.86366126104   27110.9154316  
    5.88711578034   47192.5118603  
    5.91066417822   33133.5330741  
    5.93430692324   24164.0316582  
    5.95804401457   18786.1644374  
    5.98187640063   37951.2413975  
    6.00580360217   29103.1934857  
    6.02982706295   41867.2782012  
     6.0539463008   25382.0255399  
    6.07816229297   46345.3713131  
    6.10247454277   41820.4729639  
    6.12688453908   30766.0127334  
    6.15139228923   42863.5146656  
    6.17599779122   32474.7630727  
    6.20070154853   19446.7939852  
    6.22550459046   21071.6491339  
    6.25040640037   41585.7522554  
    6.27540801757   22848.1327773  
    6.30050997369   31541.8877326  
    6.32571173604   23341.3683792  
     6.3510149058   43516.2068872  
    6.37641894807   32413.3405843  
    6.40192439863   49654.8826284  
    6.42753235412   29070.6793503  
    6.45324226357   29587.1573424  
    6.47905523486    24207.553851  
    6.50497126841    23643.089977  
    6.53099149713   22027.4702391  
      6.557115353   19844.5191536  
    6.58334398091   37153.0388428  
    6.60967738247   43539.0930188  
      6.636116139   14794.4164573  
    6.66266024591   34750.7498738  
     6.6893108869   19473.6626355  
    6.71606806547   22202.3984538  
    6.74293238382   30622.7781823  
    6.76990445326    26018.640221  
    6.79698365696   33287.8595429  
    6.82417184254     32436.94434  
    6.85146839216   25418.2368067  
    6.87887455859   17678.3262351  
    6.90638970817   28110.0854927  
    6.93401510795   22912.6197328  
    6.96175140629   5876.70673867  
    6.98959860741   21571.6630802  
    7.01755670493   16012.8759461  
    7.04562701121   19250.1028038  
    7.07380952993   14289.9883575  
    7.10210492952   19152.3368135  
    7.13051320818   20612.6488237  
    7.15903503951   20828.2324105  
      7.187671108   17453.2904487  
    7.21642210919   18546.3082099  
     7.2452880469    12853.902829  
    7.27426891394   7954.62561145  
     7.3033661205   11858.6322428  
    7.33257967105   41759.6160041  
    7.36190955887    24275.313927  
    7.39135722917    27658.383799  
    7.42092268746   7811.26583091  
    7.45060667143   13376.6880905  
    7.48040918171   31306.5053297  
     7.5103309629   27375.9196098  
    7.54037201069   27038.7911838  
    7.57053307674   20449.5882512  
    7.60081569915   15639.8047697  
     7.6312191142   15284.0685202  
    7.66174409401   37871.9615225  
    7.69239063155   29739.1654429  
    7.72316030546   17489.5860541  
    7.75405312312   21471.5245495  
    7.78506908015   29579.7565293  
    7.81620897836   32178.3191261  
    7.84747445827   18937.7844698  
    7.87886387586   28494.5228596  
    7.91037971196   24135.6343758  
    7.94202113658   15384.5088477  
    7.97378898366   17691.1489697  
    8.00568410198   8662.88627186  
    8.03770735543    9338.9254236  
    8.06985787909   27171.4201299  
    8.10213740517    29265.497926  
    8.13454593714    4440.3538724  
    8.16708435933   18286.4815594  
    8.19975267166   4665.82261098  
    8.23255176913   19024.7802388  
    8.26548164815   7434.52846865  
    8.29854321466   6630.07503035  
    8.33173739122   12832.0585383  
    8.36506511734   5741.84605575  
      8.398524516    13221.952155  
    8.43211935001   3487.57043655  
    8.46584773181   1701.02352215  
    8.49971060237   13189.1828335  
     8.5337098955    10946.090184  
    8.56784464499   6842.63472878  
    8.60211582222   4930.70250109  
    8.63652441684    1040.4482466  
    8.67107043027   13290.2927745  
    8.70575486565             0.0  
    8.74057772207             0.0  
    8.77554001652             0.0  
    8.81064278543             0.0  
    8.84588498917   6324.95396228  
    8.88126871009             0.0  
    8.91679342222             0.0  
    8.95246071565             0.0  
    8.98827059515             0.0  
    9.02422359715             0.0  
    9.06032026159   5887.71921977  
    9.09656168612             0.0  
    9.13294787279             0.0  
    9.16947993568             0.0  
    9.20615787578             0.0  
    9.24298225202     1681.879541  
      9.279954204             0.0  
    9.31707431261             0.0  
    9.35434257718             0.0  
    9.39175957335             0.0  
     9.4293270718   7904.09514276  
    9.46704388515             0.0  
    9.50491240293             0.0  
    9.54293202825             0.0  
    9.58110335964             0.0  
    9.61942823963             0.0  
     9.6579060571             0.0  
    9.69653742549             0.0  
    9.73532359794             0.0  
    9.77426457375             0.0  
    9.81336162691             0.0  
    9.85261540749             0.0  
     9.8920259161             0.0  
    9.93159379873             0.0  
    9.97132037286             0.0  
     10.011205641             0.0  
    10.0512502668             0.0  
     10.091455602             0.0  
    10.1318209644             0.0  
    10.1723484056             0.0  
    10.2130379328             0.0  
    10.2538902416             0.0  
    10.2949053247             0.0  
    10.3360853051             0.0  
     10.377429474             0.0  
    10.4189392642             0.0  
