      wave_micron            flux_mjy  
  0.0156853443263                 0.0  
  0.0157424663449                 0.0  
  0.0158054356507                 0.0  
  0.0158686569118                 0.0  
  0.0159321318584                 0.0  
  0.0159958604977                 0.0  
  0.0160598445808                 0.0  
  0.0161240841083                 0.0  
  0.0161885808528                 0.0  
  0.0162533348082                 0.0  
  0.0163183477691                 0.0  
  0.0163836215635                 0.0  
  0.0164491561976                 0.0  
  0.0165149516526                 0.0  
  0.0165810116545                 0.0  
  0.0166473362235                 0.0  
  0.0167139253547                 0.0  
  0.0167807809484                 0.0  
  0.0168479049407                 0.0  
  0.0169152953802                 0.0  
  0.0169829561599                 0.0  
  0.0170508892791                 0.0  
  0.0171190927561                 0.0  
  0.0171875685703                 0.0  
  0.0172563187389                 0.0  
  0.0173253453176                 0.0  
  0.0173946452152                 0.0  
  0.0174642246251                 0.0  
  0.0175340814816                 0.0  
  0.0176042178752                 0.0  
  0.0176746348662                 0.0  
  0.0177453324422                 0.0  
  0.0178163138284                 0.0  
  0.0178875790356                 0.0  
  0.0179591302593                 0.0  
   0.018030966394                 0.0  
  0.0181030896418                 0.0  
  0.0181755022485                 0.0  
  0.0182482042211                 0.0  
  0.0183211978404                 0.0  
  0.0183944819524                 0.0  
  0.0184680600153                 0.0  
  0.0185419320346                 0.0  
  0.0186161003639                 0.0  
  0.0186905650087                 0.0  
  0.0187653271533                 0.0  
  0.0188403879917                 0.0  
  0.0189157499541                 0.0  
  0.0189914130476                 0.0  
  0.0190673784962                 0.0  
  0.0191436475346                 0.0  
  0.0192202226747                 0.0  
  0.0192971026499                 0.0  
  0.0193742912707                 0.0  
  0.0194517885495                 0.0  
  0.0195295957766                 0.0  
  0.0196077142543                 0.0  
  0.0196861452965                 0.0  
  0.0197648902299                 0.0  
  0.0198439490432                 0.0  
  0.0199233257773                 0.0  
  0.0200030190859                 0.0  
  0.0200830303139                 0.0  
   0.020163362213                 0.0  
   0.020244016188                 0.0  
  0.0203249922415                 0.0  
  0.0204062917725                 0.0  
  0.0204879176333                 0.0  
  0.0205698683849                 0.0  
  0.0206521483595                 0.0  
  0.0207347575754                 0.0  
  0.0208176960197                 0.0  
  0.0209009666426                 0.0  
  0.0209845709483                 0.0  
   0.021068508935                 0.0  
  0.0211527836369                 0.0  
  0.0212373935147                 0.0  
  0.0213223431819                 0.0  
  0.0214076326548                 0.0  
  0.0214932635009                 0.0  
  0.0215792373054                 0.0  
  0.0216655540623                 0.0  
  0.0217522153544                 0.0  
  0.0218392244177                 0.0  
  0.0219265812629                 0.0  
  0.0220142875284                 0.0  
   0.022102344872                 0.0  
  0.0221907549711                 0.0  
  0.0222795178215                 0.0  
     0.0223686351                 0.0  
  0.0224581102329                 0.0  
  0.0225479432363                 0.0  
  0.0226381340923                 0.0  
    0.02272868629                 0.0  
  0.0228196016112                 0.0  
  0.0229108800607                 0.0  
  0.0230025234219                 0.0  
  0.0230945335011                 0.0  
  0.0231869121271                 0.0  
  0.0232796592944                 0.0  
  0.0233727787076                 0.0  
  0.0234662684912                 0.0  
  0.0235601342854                 0.0  
  0.0236543742035                 0.0  
  0.0237489920624                 0.0  
  0.0238439878675                 0.0  
  0.0239393635529                 0.0  
  0.0240351210781                 0.0  
  0.0241312624294                 0.0  
  0.0242277876074                 0.0  
  0.0243246986042                 0.0  
  0.0244219974394                 0.0  
  0.0245196840988                 0.0  
  0.0246177647639                 0.0  
  0.0247162353057                 0.0  
  0.0248150998684                 0.0  
  0.0249143605646                 0.0  
  0.0250140173915                 0.0  
  0.0251140746327                 0.0  
  0.0252145301323                 0.0  
  0.0253153882178                 0.0  
  0.0254166488883                 0.0  
   0.025518316569                 0.0  
  0.0256203890373                 0.0  
  0.0257228707652                 0.0  
  0.0258257617563                 0.0  
  0.0259290665849                 0.0  
  0.0260327829623                 0.0  
  0.0261369131704                 0.0  
  0.0262414618859                 0.0  
  0.0263464267569                 0.0  
  0.0264518125117                 0.0  
  0.0265576191548                 0.0  
  0.0266638490876                 0.0  
  0.0267705047483                 0.0  
  0.0268775886124                 0.0  
   0.026985098201                 0.0  
  0.0270930384635                 0.0  
  0.0272014093945                 0.0  
   0.027310216061                 0.0  
  0.0274194559189                 0.0  
  0.0275291340945                 0.0  
  0.0276392505996                 0.0  
  0.0277498080437                 0.0  
  0.0278608064171                 0.0  
  0.0279722510321                 0.0  
  0.0280841392175                 0.0  
  0.0281964763499                 0.0  
  0.0283092624414                 0.0  
  0.0284225002304                 0.0  
  0.0285361897086                 0.0  
  0.0286503336378                 0.0  
  0.0287649348254                 0.0  
  0.0288799961254                 0.0  
  0.0289955146745                 0.0  
  0.0291114961891                 0.0  
  0.0292279435974                 0.0  
  0.0293448539722                 0.0  
  0.0294622331746                 0.0  
  0.0295800842108                 0.0  
  0.0296984040898                 0.0  
  0.0298171957753                 0.0  
  0.0299364653541                 0.0  
   0.030056212869                 0.0  
  0.0301764351955                 0.0  
   0.030297141651                 0.0  
  0.0304183322902                 0.0  
   0.030540003925                 0.0  
  0.0306621628877                 0.0  
  0.0307848124195                 0.0  
  0.0309079525434                 0.0  
  0.0310315832356                 0.0  
    0.03115571108                 0.0  
  0.0312803327616                 0.0  
  0.0314054549548                 0.0  
  0.0315310776845                 0.0  
  0.0316572009275                 0.0  
  0.0317838280754                 0.0  
  0.0319109660721                 0.0  
  0.0320386079596                 0.0  
  0.0321667642428                 0.0  
  0.0322954314137                 0.0  
  0.0324246130101                 0.0  
  0.0325543090014                 0.0  
  0.0326845266313                 0.0  
  0.0328152659439                 0.0  
  0.0329465269336                 0.0  
  0.0330783132954                 0.0  
   0.033210625012                 0.0  
   0.033343469638                 0.0  
  0.0334768433941                 0.0  
  0.0336107500733                 0.0  
  0.0337451935402                 0.0  
   0.033880173797                 0.0  
  0.0340156947608                 0.0  
  0.0341517564247                 0.0  
  0.0342883627599                 0.0  
  0.0344255178135                 0.0  
  0.0345632175188                 0.0  
   0.034701474139                 0.0  
  0.0348402773911                 0.0  
  0.0349796396789                 0.0  
  0.0351195589536                 0.0  
   0.035260035177                 0.0  
  0.0354010768498                 0.0  
  0.0355426796991                 0.0  
  0.0356848523573                 0.0  
  0.0358275904781                 0.0  
  0.0359709006102                 0.0  
  0.0361147849876                 0.0  
  0.0362592436068                 0.0  
  0.0364042809523                 0.0  
  0.0365498970178                 0.0  
  0.0366960986659                 0.0  
  0.0368428812899                 0.0  
  0.0369902541514                 0.0  
  0.0371382149325                 0.0  
  0.0372867683334                 0.0  
  0.0374359143444                 0.0  
  0.0375856577413                 0.0  
  0.0377360009557                 0.0  
  0.0378869439793                 0.0  
  0.0380384917058                 0.0  
  0.0381906466288                 0.0  
  0.0383434087434                 0.0  
  0.0384967830666                 0.0  
   0.038650769597                 0.0  
  0.0388053734364                 0.0  
   0.038960594588                 0.0  
  0.0391164356184                 0.0  
  0.0392729017611                 0.0  
  0.0394299930284                 0.0  
  0.0395877147451                 0.0  
  0.0397460642231                 0.0  
  0.0399050495458                 0.0  
  0.0400646707415                 0.0  
   0.040224927778                 0.0  
  0.0403858289483                 0.0  
  0.0405473714781                 0.0  
  0.0407095609641                 0.0  
  0.0408724002575                 0.0  
  0.0410358893525                 0.0  
  0.0412000310899                 0.0  
  0.0413648312727                 0.0  
  0.0415302928712                 0.0  
  0.0416964129266                 0.0  
  0.0418631973335                 0.0  
  0.0420306521135                 0.0  
  0.0421987742598                 0.0  
   0.042367569835                 0.0  
  0.0425370388292                 0.0  
  0.0427071874205                 0.0  
  0.0428780156177                 0.0  
   0.043049526541                 0.0  
  0.0432217265482                 0.0  
  0.0433946124512                 0.0  
  0.0435681906547                 0.0  
  0.0437424644236                 0.0  
  0.0439174337544                 0.0  
   0.044093105242                 0.0  
  0.0442694755483                 0.0  
  0.0444465547052                 0.0  
  0.0446243393465                 0.0  
  0.0448028362515                 0.0  
  0.0449820488816                 0.0  
  0.0451619772443                 0.0  
  0.0453426248022                 0.0  
  0.0455239950608                 0.0  
   0.045706091569                 0.0  
  0.0458889143101                 0.0  
  0.0460724704748                 0.0  
   0.046256760079                 0.0  
   0.046441790463                 0.0  
  0.0466275542247                 0.0  
  0.0468140661927                 0.0  
  0.0470013226687                 0.0  
  0.0471893273967                 0.0  
  0.0473780841697                 0.0  
  0.0475675968309                 0.0  
  0.0477578692744                 0.0  
  0.0479488975641                 0.0  
   0.048140693455                 0.0  
  0.0483332569947                 0.0  
  0.0485265921937                 0.0  
  0.0487206949799                 0.0  
  0.0489155815836                 0.0  
   0.049111243877                 0.0  
   0.049307685897                 0.0  
  0.0495049159376                 0.0  
  0.0497029382501                 0.0  
  0.0499017486086                 0.0  
   0.050101355483                 0.0  
  0.0503017632032                 0.0  
  0.0505029674168                 0.0  
  0.0507049811828                 0.0  
   0.050907800134                 0.0  
  0.0511114331187                 0.0  
    0.05131587565                 0.0  
  0.0515211412192                 0.0  
  0.0517272253272                 0.0  
  0.0519341324971                 0.0  
  0.0521418719793                 0.0  
  0.0523504391491                 0.0  
  0.0525598386228                 0.0  
  0.0527700798601                 0.0  
  0.0529811581091                 0.0  
  0.0531930829348                 0.0  
   0.053405854351                 0.0  
   0.053619482147                 0.0  
  0.0538339564734                 0.0  
  0.0540492921197                 0.0  
  0.0542654891273                 0.0  
  0.0544825525434                 0.0  
  0.0547004823653                 0.0  
  0.0549192836769                 0.0  
  0.0551389616421                 0.0  
  0.0553595162538                 0.0  
  0.0555809580109                 0.0  
  0.0558032816516                 0.0  
  0.0560264924201                 0.0  
  0.0562506010693                 0.0  
  0.0564756022102                 0.0  
  0.0567015067269                 0.0  
  0.0569283091019                 0.0  
  0.0571560259525                 0.0  
  0.0573846461207                 0.0  
  0.0576141864508                 0.0  
  0.0578446412999                 0.0  
  0.0580760220995                 0.0  
  0.0583083230765                 0.0  
  0.0585415558071                 0.0  
  0.0587757262298                 0.0  
  0.0590108284451                 0.0  
  0.0592468683068                 0.0  
   0.059483857834                 0.0  
      0.059721791                 0.0  
   0.059960679981                 0.0  
  0.0602005248295                 0.0  
  0.0604413255067                 0.0  
  0.0606830881933                 0.0  
  0.0609258255401                 0.0  
  0.0611695248559                 0.0  
  0.0614142052735                 0.0  
  0.0616598603809                 0.0  
  0.0619065031726                 0.0  
  0.0621541271011                 0.0  
  0.0624027453381                 0.0  
  0.0626523579279                 0.0  
  0.0629029648195                 0.0  
  0.0631545727019                 0.0  
  0.0634071952761                 0.0  
  0.0636608257455                 0.0  
  0.0639154639987                 0.0  
  0.0641711310012                 0.0  
  0.0644278127187                 0.0  
  0.0646855232552                 0.0  
  0.0649442626117                 0.0  
  0.0652040452661                 0.0  
  0.0654648566764                 0.0  
  0.0657267187584                 0.0  
  0.0659896241762                 0.0  
  0.0662535878291                 0.0  
  0.0665186022408                 0.0  
  0.0667846748831                 0.0  
  0.0670518133677                 0.0  
  0.0673200176808                 0.0  
  0.0675892955364                 0.0  
  0.0678596547942                 0.0  
  0.0681310955057                 0.0  
  0.0684036176189                 0.0  
  0.0686772371465                 0.0  
  0.0689519460626                 0.0  
  0.0692277524068                 0.0  
  0.0695046643732                 0.0  
  0.0697826819665                 0.0  
  0.0700618092917                 0.0  
  0.0703420589619                 0.0  
   0.070623426789                 0.0  
  0.0709059212687                 0.0  
  0.0711895423753                 0.0  
  0.0714743031091                 0.0  
  0.0717601991258                 0.0  
  0.0720472391778                 0.0  
  0.0723354277057                 0.0  
  0.0726247691824                 0.0  
  0.0729152681139                 0.0  
    0.07320692904                 0.0  
  0.0734997565348                 0.0  
  0.0737937552076                 0.0  
  0.0740889344083                 0.0  
  0.0743852894469                 0.0  
  0.0746828297095                 0.0  
  0.0749815599532                 0.0  
  0.0752814849739                 0.0  
  0.0755826145031                 0.0  
  0.0758849436633                 0.0  
  0.0761884822289                 0.0  
  0.0764932351588                 0.0  
  0.0767992074549                 0.0  
  0.0771064092587                 0.0  
  0.0774148303731                 0.0  
  0.0777244912211                 0.0  
  0.0780353918892                 0.0  
  0.0783475323458                 0.0  
  0.0786609230457                 0.0  
  0.0789755639691                 0.0  
  0.0792914657527                 0.0  
   0.079608633823                 0.0  
  0.0799270681838                 0.0  
  0.0802467742357                 0.0  
   0.080567762995                 0.0  
  0.0808900344938                 0.0  
   0.081213594294                 0.0  
  0.0815384480128                 0.0  
  0.0818646013243                 0.0  
  0.0821920599602                 0.0  
  0.0825208297115                 0.0  
  0.0828509105458                 0.0  
  0.0831823141643                 0.0  
   0.083515046541                 0.0  
  0.0838491076875                 0.0  
  0.0841845035616                 0.0  
  0.0845212401854                 0.0  
  0.0848593236462                 0.0  
   0.085198760098                 0.0  
   0.085539555763                 0.0  
  0.0858817169328                 0.0  
  0.0862252435974                 0.0  
  0.0865701420383                 0.0  
  0.0869164250829                 0.0  
  0.0872640927855                 0.0  
  0.0876131450676                 0.0  
  0.0879636016111                 0.0  
  0.0883154558578                 0.0  
   0.088668714379                 0.0  
  0.0890233906167                 0.0  
  0.0893794846157                 0.0  
  0.0897370031866                 0.0  
  0.0900959462655                 0.0  
  0.0904563346886                 0.0  
  0.0908181615483                 0.0  
  0.0911814338254                 0.0  
  0.0915461585877                 0.0  
  0.0919123429913                 0.0  
  0.0922799869838                 0.0  
  0.0926491124422                 0.0  
   0.093019704726                 0.0  
  0.0933917859573                 0.0  
  0.0937653562234                 0.0  
  0.0941404154694                 0.0  
  0.0945169788091                 0.0  
  0.0948950462631                 0.0  
  0.0952746254872                 0.0  
  0.0956557242391                 0.0  
  0.0960383424748                 0.0  
    0.09642249594                 0.0  
  0.0968081927081                 0.0  
  0.0971954247693                 0.0  
    0.09758420003                 0.0  
  0.0979745429595                 0.0  
  0.0983664371996                 0.0  
  0.0987599075112                 0.0  
  0.0991549455969                 0.0  
  0.0995515597278                 0.0  
  0.0999497668536                 0.0  
   0.100349567056                 0.0  
   0.100750968963                 0.0  
    0.10115397256                 0.0  
   0.101558586513                 0.0  
   0.101964819616                 0.0  
   0.102372680792                 0.0  
   0.102782170036                 0.0  
   0.103193296316                 0.0  
   0.103606068731                 0.0  
   0.104020496516                 0.0  
   0.104436579694                 0.0  
   0.104854327552                 0.0  
   0.105273740019                 0.0  
   0.105694836009                 0.0  
   0.106117615583                 0.0  
   0.106542088371                 0.0  
   0.106968254342                 0.0  
    0.10739613307                 0.0  
   0.107825714704                 0.0  
   0.108257019043                 0.0  
   0.108690046111                 0.0  
    0.10912480597                 0.0  
   0.109561308842                 0.0  
   0.109999544368                 0.0  
   0.110439543503                 0.0  
   0.110881306421                 0.0  
   0.111324833128                 0.0  
   0.111770134167                 0.0  
   0.112217209458                 0.0  
   0.112666080506                 0.0  
   0.113116747406                 0.0  
   0.113569210079                 0.0  
    0.11402349056                 0.0  
    0.11447957772                 0.0  
   0.114937505188                 0.0  
   0.115397250435                 0.0  
   0.115858836044                 0.0  
    0.11632227356                 0.0  
   0.116787563027                 0.0  
   0.117254716096                 0.0  
   0.117723732736                 0.0  
   0.118194624709                 0.0  
   0.118667403978                 0.0  
    0.11914207054                 0.0  
   0.119618648741                 0.0  
   0.120097114076                 0.0  
   0.120577503377                 0.0  
   0.121059816793                 0.0  
   0.121544054295                 0.0  
   0.122030228427                 0.0  
   0.122518351955                 0.0  
   0.123008424898                 0.0  
    0.12350046016                 0.0  
   0.123994457695                 0.0  
   0.124490443835                 0.0  
   0.124988405397                 0.0  
   0.125488355577                 0.0  
   0.125990307807                 0.0  
   0.126494275758                 0.0  
   0.127000245701                 0.0  
   0.127508245074                 0.0  
    0.12801828796                 0.0  
   0.128530360378                 0.0  
   0.129044476247                 0.0  
   0.129560649739                 0.0  
   0.130078895284                 0.0  
   0.130599212962                 0.0  
   0.131121602652                 0.0  
   0.131646093737                 0.0  
   0.132172686404                 0.0  
   0.132701365544                 0.0  
   0.133232176219                 0.0  
   0.133765103397                 0.0  
   0.134300162271                 0.0  
   0.134837368321                 0.0  
   0.135376721612                 0.0  
   0.135918222001                 0.0  
   0.136461901057                 0.0  
   0.137007742892                 0.0  
   0.137555779549                 0.0  
   0.138105994852                 0.0  
   0.138658421326                 0.0  
   0.139213050809                 0.0  
   0.139769908149                 0.0  
   0.140328985025                 0.0  
   0.140890298152                 0.0  
   0.141453864571                 0.0  
   0.142019675725                 0.0  
   0.142587757413                 0.0  
   0.143158109703                 0.0  
   0.143730741295                 0.0  
   0.144305660953                 0.0  
     0.1448828865                 0.0  
   0.145462417974                 0.0  
   0.146044264332                 0.0  
   0.146628443812                 0.0  
    0.14721495644                 0.0  
   0.147803820742                 0.0  
   0.148395036739                 0.0  
   0.148988613741                 0.0  
   0.149584570717                 0.0  
    0.15018290769                 0.0  
   0.150783634197                 0.0  
   0.151386769673                 0.0  
   0.151992324049                 0.0  
   0.152600287381                 0.0  
   0.153210689412                 0.0  
    0.15382353019                 0.0  
   0.154438829972                 0.0  
   0.155056578518                 0.0  
    0.15567680657                 0.0  
   0.156299514214                 0.0  
    0.15692471185                 0.0  
   0.157552409977                 0.0  
    0.15818261919                 0.0  
   0.158815350183                 0.0  
   0.159450613755                 0.0  
   0.160088420804                 0.0  
   0.160728771267                 0.0  
   0.161371687153                 0.0  
   0.162017168434                 0.0  
   0.162665237514                 0.0  
   0.163315905841                 0.0  
   0.163969161936                 0.0  
   0.164625040157                 0.0  
   0.165283540598                 0.0  
   0.165944674901                 0.0  
   0.166608454833                 0.0  
   0.167274892283                 0.0  
   0.167943987181                 0.0  
   0.168615763567                 0.0  
   0.169290221434                 0.0  
    0.16996738528                 0.0  
   0.170647255169                 0.0  
   0.171329843488                 0.0  
   0.172015162761                 0.0  
   0.172703225652                 0.0  
   0.173394044972                 0.0  
   0.174087620686                 0.0  
   0.174783965587                 0.0  
   0.175483105814                 0.0  
   0.176185028167                 0.0  
   0.176889772394                 0.0  
   0.177597338699                 0.0  
   0.178307727023                 0.0  
   0.179020950763                 0.0  
   0.179737037323                 0.0  
   0.180455986807                 0.0  
   0.181177813108                 0.0  
   0.181902516113                 0.0  
   0.182630138307                 0.0  
   0.183360651225                 0.0  
   0.184094097823                 0.0  
   0.184830478239                 0.0  
   0.185569792332                 0.0  
   0.186312069427                 0.0  
   0.187057324515                 0.0  
   0.187805542552                 0.0  
   0.188556768668                 0.0  
   0.189311003085                 0.0  
   0.190068245741                 0.0  
   0.190828511884                 0.0  
   0.191591832701                 0.0  
   0.192358192514                 0.0  
     0.1931276228                 0.0  
   0.193900139646                 0.0  
   0.194675743117                 0.0  
    0.19545444935                 0.0  
   0.196236258206                 0.0  
    0.19702120251                 0.0  
   0.197809299078                 0.0  
   0.198600531156                 0.0  
   0.199394932263                 0.0  
   0.200192502344                 0.0  
   0.200993275664                 0.0  
   0.201797252382                 0.0  
   0.202604449942                 0.0  
   0.203414868307                 0.0  
   0.204228525003                 0.0  
    0.20504543781                 0.0  
   0.205865624771                 0.0  
   0.206689085885                 0.0  
   0.207515839287                 0.0  
   0.208345903386                 0.0  
   0.209179278109                 0.0  
   0.210016000869                 0.0  
   0.210856071857                 0.0  
   0.211699490941                 0.0  
   0.212546277026                 0.0  
   0.213396468821                 0.0  
   0.214250046937                 0.0  
   0.215107050522                 0.0  
    0.21596747968                 0.0  
   0.216831354335                 0.0  
   0.217698674411                 0.0  
   0.218569480447                 0.0  
   0.219443752038                 0.0  
   0.220321530195                 0.0  
   0.221202814979                 0.0  
    0.22208762725                 0.0  
   0.222975966893                 0.0  
   0.223867876408                 0.0  
   0.224763356022                 0.0  
    0.22566240562                 0.0  
   0.226565046741                 0.0  
   0.227471323449                 0.0  
   0.228381191466                 0.0  
   0.229294717399                 0.0  
   0.230211901517                 0.0  
   0.231132743741                 0.0  
   0.232057289795                 0.0  
    0.23298551673                 0.0  
   0.233917447399                 0.0  
   0.234853128678                 0.0  
   0.235792537111                 0.0  
   0.236735696159                 0.0  
   0.237682653894                 0.0  
   0.238633386357                 0.0  
   0.239587917649                 0.0  
   0.240546272283                 0.0  
   0.241508450202                 0.0  
   0.242474476173                 0.0  
   0.243444375393                 0.0  
   0.244418147897                 0.0  
   0.245395819152                 0.0  
   0.246377415072                 0.0  
   0.247362935807                 0.0  
   0.248352381126                 0.0  
   0.249345777063                 0.0  
   0.250343176971                 0.0  
   0.251344527244                 0.0  
   0.252349908614                 0.0  
    0.25335932151                 0.0  
   0.254372765977                 0.0  
   0.255390241673                 0.0  
   0.256411804211                 0.0  
   0.257437453804                 0.0  
   0.258467218904                 0.0  
   0.259501070763                 0.0  
   0.260539066586                 0.0  
   0.261581235703                 0.0  
   0.262627548869                 0.0  
   0.263678064881                 0.0  
   0.264732783961                 0.0  
    0.26579170593                 0.0  
   0.266854891235                 0.0  
   0.267922309574                 0.0  
   0.268993991277                 0.0  
   0.270069967242                 0.0  
   0.271150237445                 0.0  
   0.272234833207                 0.0  
   0.273323786442                 0.0  
   0.274417065131                 0.0  
   0.275514733392                 0.0  
   0.276616791411                 0.0  
   0.277723272009                 0.0  
   0.278834175318                 0.0  
   0.279949501047                 0.0  
   0.281069299253                 0.0  
   0.282193587055                 0.0  
   0.283322347287                 0.0  
   0.284455648488                 0.0  
   0.285593473589                 0.0  
   0.286735839763                 0.0  
    0.28788278206                 0.0  
   0.289034318324                 0.0  
    0.29019044848                 0.0  
    0.29135120839                 0.0  
   0.292516616291                 0.0  
   0.293686690561                 0.0  
   0.294861431089                 0.0  
   0.296040874868                 0.0  
   0.297225040705                 0.0  
   0.298413947558                 0.0  
   0.299607595302                 0.0  
    0.30080602213                 0.0  
   0.302009247464                 0.0  
    0.30321729089                 0.0  
     0.3044301523                 0.0  
   0.305647871155                 0.0  
   0.306870467543                 0.0  
   0.308097941391                 0.0  
   0.309330333157                 0.0  
   0.310567663464                 0.0  
   0.311809932292                 0.0  
   0.313057181141                 0.0  
   0.314309410034                 0.0  
   0.315566639853                 0.0  
   0.316828913182                 0.0  
   0.318096230131                 0.0  
   0.319368612178                 0.0  
   0.320646081009                 0.0  
   0.321928658521                 0.0  
   0.323216389208                 0.0  
   0.324509250809                 0.0  
   0.325807288084                 0.0  
   0.327110523813                 0.0  
   0.328418957898                 0.0  
   0.329732636328                 0.0  
   0.331051559108                 0.0  
   0.332375773078                 0.0  
   0.333705278357                 0.0  
   0.335040098608                 0.0  
   0.336380257747                 0.0  
   0.337725779946                 0.0  
   0.339076665006                 0.0  
   0.340432986705                 0.0  
   0.341794720546                 0.0  
   0.343161891185                 0.0  
   0.344534548985                 0.0  
   0.345912668488                 0.0  
   0.347296326266                 0.0  
   0.348685522677                 0.0  
   0.350080257549                 0.0  
   0.351480583114                 0.0  
   0.352886499387                 0.0  
   0.354298059636                 0.0  
   0.355715236968                 0.0  
   0.357138112398                 0.0  
   0.358566658811                 0.0  
   0.360000930978                 0.0  
   0.361440928903                 0.0  
   0.362886680252                 0.0  
   0.364338241478                 0.0  
   0.365795584278                 0.0  
   0.367258765579                 0.0  
   0.368727814453                 0.0  
   0.370202701609                 0.0  
   0.371683514657                 0.0  
   0.373170253946                 0.0  
   0.374662949342                 0.0  
   0.376161600777                 0.0  
   0.377666238169                 0.0  
    0.37917689183                 0.0  
   0.380693623523                 0.0  
   0.382216371204                 0.0  
   0.383745259568                 0.0  
   0.385280225907                 0.0  
   0.386821365205                 0.0  
   0.388368645644                 0.0  
   0.389922098941                 0.0  
   0.391481790084                 0.0  
   0.393047719354                 0.0  
   0.394619919803                 0.0  
   0.396198391308                 0.0  
   0.397783200948                 0.0  
   0.399374314825                 0.0  
   0.400971835143                 0.0  
   0.402575693153                 0.0  
   0.404186027304                 0.0  
    0.40580276818                 0.0  
   0.407425985771                 0.0  
   0.409055680001                 0.0  
   0.410691886307                 0.0  
   0.412334677075                 0.0  
   0.413984016222                 0.0  
   0.415639939898                 0.0  
   0.417302484792                 0.0  
   0.418971688138                 0.0  
    0.42064758773                 0.0  
   0.422330183714                 0.0  
   0.424019514119                 0.0  
   0.425715578715                 0.0  
    0.42741845491                 0.0  
   0.429128103577                 0.0  
   0.430844642772                 0.0  
   0.432567993229                 0.0  
   0.434298274541                 0.0  
   0.436035487278                 0.0  
   0.437779631355                 0.0  
   0.439530747406                 0.0  
   0.441288876713                 0.0  
   0.443054019149                 0.0  
   0.444826216307                 0.0  
   0.446605553183                 0.0  
   0.448391944501                 0.0  
   0.450185518681                 0.0  
   0.451986276277                 0.0  
   0.453794217163                 0.0  
   0.455609384994                 0.0  
   0.457431824142                 0.0  
   0.459261534513                 0.0  
   0.461098606424                 0.0  
   0.462942994629                 0.0  
   0.464794744293                 0.0  
   0.466653947995                 0.0  
   0.468520559477                 0.0  
   0.470394625092                 0.0  
    0.47227623977                 0.0  
   0.474165308069                 0.0  
   0.476061973558                 0.0  
   0.477966236859                 0.0  
   0.479878097875                 0.0  
    0.48179760551                 0.0  
   0.483724809516                 0.0  
   0.485659709962                 0.0  
   0.487602357123                 0.0  
   0.489552750798                 0.0  
   0.491510941797                 0.0  
   0.493476981822                 0.0  
   0.495450923487                 0.0  
   0.497432714296                 0.0  
   0.499422459632                 0.0  
   0.501420159773                 0.0  
   0.503425814233   4.51291818136e-11  
    0.50543953123   4.50990293426e-11  
   0.507461256159                 0.0  
   0.509491098746                 0.0  
   0.511529115411                 0.0  
   0.513575194045                 0.0  
   0.515629502992                 0.0  
   0.517692042968                 0.0  
   0.519762813907                 0.0  
   0.521841873299                 0.0  
   0.523929220874                 0.0  
   0.526024914845                 0.0  
   0.528129014504                 0.0  
   0.530241520001                 0.0  
   0.532362491404   5.58517503656e-11  
   0.534491989902                 0.0  
    0.53662995442                 0.0  
   0.538776445492                 0.0  
   0.540931524796                 0.0  
   0.543095255176                 0.0  
   0.545267636958                 0.0  
   0.547448733858                 0.0  
   0.549638546073                 0.0  
    0.55183707296   5.60675236262e-11  
   0.554044444575                 0.0  
    0.55626059541   5.78155101626e-11  
   0.558485657495                 0.0  
   0.560719597844   5.66023208949e-11  
   0.562962483405                 0.0  
   0.565214313975                 0.0  
   0.567475191987                 0.0  
   0.569745083194    5.8139941676e-11  
   0.572024056544                 0.0  
   0.574312146998                 0.0  
   0.576609389767   6.70426307775e-11  
   0.578915856223                 0.0  
   0.581231510563   6.83611925192e-11  
   0.583556424395                 0.0  
   0.585890670752                 0.0  
   0.588234212906   6.99202765774e-11  
   0.590587161519   6.56452159873e-11  
   0.592949516918   6.13171489675e-11  
   0.595321316499    6.0553926588e-11  
   0.597702597952                 0.0  
   0.600093399275                 0.0  
   0.602493758773                 0.0  
   0.604903754268   6.19254634456e-11  
   0.607323346614    7.1269645204e-11  
   0.609752653807                 0.0  
    0.61219167626                 0.0  
   0.614640413456                 0.0  
   0.617098986326                 0.0  
   0.619567395379   7.74969561106e-11  
   0.622045640186                 0.0  
   0.624533844723                 0.0  
   0.627031967515                 0.0  
   0.629540092171   7.08606134858e-11  
   0.632058261237   7.21008156323e-11  
   0.634586517658                 0.0  
   0.637124861303                 0.0  
   0.639673334899                 0.0  
   0.642232025774                 0.0  
   0.644800978545   7.62650188241e-11  
   0.647380148471                 0.0  
   0.649969669425    1.5080673142e-10  
   0.652569587365   8.39164869875e-11  
   0.655179856736                 0.0  
   0.657800568591    7.6506052555e-11  
   0.660431769189                 0.0  
   0.663073505274   1.67423423163e-10  
   0.665725776595   7.81398207139e-11  
   0.668388677604   9.50542053596e-11  
   0.671062256533    1.6085892459e-10  
   0.673746513503   1.81133054445e-10  
   0.676441496628   8.68725174411e-11  
   0.679147254542                 0.0  
   0.681863836416                 0.0  
   0.684591291962   7.97715993527e-11  
   0.687329671447   2.38264992025e-10  
   0.690078974684   2.39253063091e-10  
   0.692839303287   7.85132957076e-11  
   0.695610657402   1.61224923132e-10  
   0.698393088372   8.75332232911e-11  
   0.701186648134    4.1939533419e-10  
   0.703991389227    2.5312001051e-10  
   0.706807364806   8.18794560714e-11  
   0.709634628657   1.68109075929e-10  
   0.712473126437    4.7163911882e-10  
   0.715323020253   8.42660225484e-11  
   0.718184310573   3.45542302187e-10  
   0.721057052476   8.45072256793e-11  
   0.723941301714   1.79612777426e-10  
   0.726837058126   2.58532745276e-10  
   0.729744434544   3.29198915307e-10  
    0.73266337379   5.08903082996e-10  
   0.735594047609   3.48496290261e-10  
   0.738536398423                 0.0  
   0.741490542374   5.46449778283e-10  
   0.744456538845   6.02839113108e-10  
   0.747434328278   8.98931875525e-10  
   0.750424089387   5.53408023642e-10  
   0.753425762242   3.41729720494e-10  
   0.756439467734   5.35705262046e-10  
   0.759465267704   2.81977929925e-10  
   0.762503100235   5.60073281953e-10  
   0.765553088621   6.46475441224e-10  
   0.768615358973    4.4933937455e-10  
   0.771689785078   4.52890173327e-10  
   0.774776557029   6.55031278438e-10  
   0.777875675396   1.88894044143e-10  
   0.780987139566   1.74593238007e-10  
   0.784111079464   5.41114566824e-10  
   0.787247561611   9.14885174891e-10  
   0.790396519592   6.13592895319e-10  
   0.793558153516   1.26089421788e-09  
   0.796732328688   7.60677829678e-10  
   0.799919316178   9.52233907297e-10  
   0.803118979953   6.95290613574e-10  
   0.806331456982   3.67601968405e-10  
   0.809556747003   1.01545492355e-09  
   0.812794990065   6.82449952004e-10  
   0.816046186795   6.70202916301e-10  
   0.819310336587   1.66092936476e-09  
   0.822587582554    9.6280144077e-10  
   0.825877925024   1.20567482957e-09  
   0.829181436724   8.02768817089e-10  
   0.832498191461   1.35481939115e-09  
   0.835828189296   5.29204839724e-10  
   0.839171504458   1.02371686521e-09  
   0.842528212291   6.37731786045e-10  
   0.845898312618   1.26320144166e-09  
   0.849281881239    6.1467794206e-10  
   0.852678995109   1.22026593877e-09  
   0.856089732362   1.05673679485e-09  
   0.859514093183   1.33471391978e-09  
   0.862952156231   7.27531857632e-10  
    0.86640392096   8.48560532842e-10  
   0.869869547625   1.76372301938e-09  
   0.873349036885   1.11181219511e-09  
   0.876842470444   1.75223560313e-09  
   0.880349848266   1.37765598262e-09  
    0.88387125266   1.01376674254e-09  
   0.887406682882   5.44691437733e-10  
   0.890956306903   1.51424514521e-09  
   0.894520125299   1.25519079002e-09  
   0.898098223703    1.4790188516e-09  
   0.901690602022   1.15168197456e-09  
    0.90529734659   1.32330023273e-09  
   0.908918545144   7.00643490849e-10  
   0.912554286861   1.28023787437e-09  
    0.91620448251   1.31960709603e-09  
   0.919869310553   1.06426837271e-09  
   0.923548771048   1.51700445975e-09  
   0.927242954756    8.0359813759e-10  
   0.930951953949   1.40272183893e-09  
    0.93467576885   2.43234241519e-09  
   0.938414398252   1.62351988838e-09  
   0.942168124804    1.8835987502e-09  
   0.945936759492   2.20053604314e-09  
   0.949720492285   2.12614709366e-09  
   0.953519420436   9.41620216455e-10  
   0.957333446481   1.28959390016e-09  
   0.961162765282   2.17130480598e-09  
   0.965007476762   2.26760948876e-09  
   0.968867481426   1.41807829344e-09  
    0.97274297922     1.912856182e-09  
   0.976633970679   2.01652897807e-09  
   0.980540454853   2.32183480671e-09  
   0.984462636942   2.75173174331e-09  
   0.988400517931    1.1688839276e-09  
   0.992354097304   1.76739834742e-09  
   0.996323479373   1.33823871764e-09  
     1.0003087703   1.57966518761e-09  
    1.00431007814   2.30622647365e-09  
    1.00832729502   1.70832930825e-09  
    1.01236052764   1.71884880928e-09  
    1.01640999533   2.12199425865e-09  
    1.02047569976    1.4125314518e-09  
    1.02455752863   1.48034758003e-09  
    1.02865581791   2.56041960479e-09  
    1.03277045575    2.2800259311e-09  
    1.03690155548   2.15305639239e-09  
    1.04104911636   2.47108257266e-09  
    1.04521325314   1.95624338437e-09  
    1.04939420063    3.2198564144e-09  
    1.05359172389   3.45969054291e-09  
    1.05780605831     2.801671936e-09  
    1.06203732443    3.0444912193e-09  
    1.06628552323   2.73175433943e-09  
    1.07055065407   3.01375105562e-09  
    1.07483283844   1.44012974189e-09  
    1.07913220012   2.79798030484e-09  
    1.08344873944   3.49195985748e-09  
     1.0877824551   3.09451289956e-09  
    1.09213359969    2.5673428558e-09  
    1.09650217463   2.67091579542e-09  
     1.1008881797   3.05463928047e-09  
     1.1052917439   2.78307387357e-09  
    1.10971286672    2.0393253722e-09  
    1.11415174547   4.14705399402e-09  
      1.118608314   1.93894561013e-09  
    1.12308277256   1.81425708182e-09  
    1.12757512183    3.0223419528e-09  
    1.13208536077   2.51169630301e-09  
    1.13661376343   3.42110027689e-09  
    1.14116019235   3.85147931917e-09  
    1.14572485554   3.35555366017e-09  
    1.15030775326   3.96043425547e-09  
    1.15490895553   2.30034011488e-09  
    1.15952860483   3.52979085462e-09  
    1.16416670132   3.20237881672e-09  
     1.1688233897   5.48709597415e-09  
    1.17349867003    4.3347902582e-09  
     1.1781926893   3.28280337026e-09  
    1.18290544752   4.59286523965e-09  
    1.18763701844   4.58233912141e-09  
    1.19238762871   5.49010447678e-09  
    1.19715712662   5.27537370601e-09  
    1.20194581802   6.01112690077e-09  
    1.20675354877   6.04398173436e-09  
    1.21158055106   5.84848019926e-09  
    1.21642690421   6.08265253391e-09  
    1.22129260833   5.97103527209e-09  
    1.22617774218   8.48863683253e-09  
    1.23108246641   5.59090883935e-09  
    1.23600678128   8.02650845603e-09  
    1.24095085014   5.18315712474e-09  
    1.24591467342   5.99368298964e-09  
    1.25089833345   5.48463577816e-09  
    1.25590191332   5.97214889318e-09  
    1.26092549688   4.40735558176e-09  
    1.26596925462   6.23419538747e-09  
    1.27103310096   6.99554814311e-09  
    1.27611720729   7.15387808451e-09  
    1.28122166071    4.6196646122e-09  
    1.28634654912   7.13370410834e-09  
     1.2914919613   7.32017238623e-09  
    1.29665789685   6.24995264708e-09  
    1.30184453495   8.23012730054e-09  
    1.30705196705   5.84377014884e-09  
    1.31228019329   7.64888928071e-09  
     1.3175293048   6.05052430164e-09  
    1.32279939364   7.57839255537e-09  
    1.32809055282   7.34041032793e-09  
    1.33340297157   9.46696092159e-09  
    1.33873655515   5.64768972129e-09  
    1.34409149405   9.26798152701e-09  
    1.34946788529    9.7654411418e-09  
    1.35486572862   7.46490200509e-09  
    1.36028521997   1.02627351761e-08  
    1.36572635965   8.43688826584e-09  
    1.37118924663   7.59604574602e-09  
    1.37667398097   8.85682546886e-09  
    1.38218066385   1.08134149916e-08  
     1.3877093976   1.04137170977e-08  
    1.39326028573   8.80701984696e-09  
    1.39883332813   8.59170624242e-09  
    1.40442862818   1.13290546303e-08  
    1.41004639701   1.27120577154e-08  
    1.41568652828   6.17141231376e-09  
    1.42134923472   8.13693562371e-09  
     1.4270347338   1.11825274042e-08  
    1.43274280789   8.04973201347e-09  
    1.43847378442    8.8022636013e-09  
    1.44422766398   8.57505813882e-09  
    1.45000455759   8.21399877266e-09  
    1.45580457763   1.04096695802e-08  
    1.46162783788   6.83699032029e-09  
     1.4674743382    7.4053039555e-09  
    1.47334419247   9.26533403216e-09  
    1.47923763322   7.93676456766e-09  
    1.48515454374   6.61798543292e-09  
    1.49109515859   7.59202790058e-09  
    1.49705959758    8.4353520392e-09  
    1.50304786104   7.08463314344e-09  
    1.50905994702   1.04174941108e-08  
    1.51509622013   8.03611061505e-09  
    1.52115668254   6.86834058249e-09  
    1.52724120921   8.62499368689e-09  
    1.53335017254   7.31385373661e-09  
    1.53948357374   7.09140486216e-09  
    1.54564153965   8.45696959468e-09  
    1.55182406983   9.25673988974e-09  
    1.55803142154   9.64794550564e-09  
    1.56426359579    8.3218606853e-09  
    1.57052059122   8.44291273554e-09  
     1.5768026704   9.77967366906e-09  
    1.58310983348   6.46532375785e-09  
    1.58944234883   8.64162396258e-09  
    1.59580008182   7.11855084039e-09  
    1.60218330351   4.81870790724e-09  
    1.60859201408   7.11834012585e-09  
    1.61502635096   9.55855665876e-09  
    1.62148645356   9.13094336667e-09  
    1.62797246329   8.22869578248e-09  
    1.63448438051   9.88218804506e-09  
    1.64102234735   1.33146204399e-08  
    1.64758636258    1.3400731899e-08  
    1.65417671562   8.00901152309e-09  
    1.66079340718   1.01940354295e-08  
    1.66743658437   1.32739345227e-08  
     1.6741063965   1.34333606665e-08  
    1.68080269246   1.27198874432e-08  
    1.68752592389   1.29856368078e-08  
    1.69427609314   1.21894110022e-08  
    1.70105319998   1.58621113807e-08  
    1.70785739784   9.86959994577e-09  
    1.71468884249   1.08924277472e-08  
    1.72154753335   1.61614459251e-08  
    1.72843378724   1.44603796587e-08  
    1.73534744462    1.6409680195e-08  
    1.74228882598   1.62491530237e-08  
    1.74925809556   1.48610463763e-08  
    1.75625508976   1.51871502927e-08  
    1.76328013667   1.85383632265e-08  
    1.77033323648   1.45210718513e-08  
    1.77741455594   1.57034256276e-08  
    1.78452426446   1.28606302455e-08  
     1.7916623622   1.36485294349e-08  
    1.79882901993   1.51261134509e-08  
    1.80602423647   1.59005265113e-08  
    1.81324836008   1.70596806395e-08  
    1.82050139242   1.74321833031e-08  
     1.8277833324   1.64069413738e-08  
    1.83509453688   1.77848046524e-08  
    1.84243482592   2.06638173297e-08  
    1.84980456084   1.81938892305e-08  
    1.85720392704   1.74154448476e-08  
    1.86463274053   2.01493343509e-08  
    1.87209118398   1.50332264179e-08  
     1.8795796324   1.45151710452e-08  
    1.88709789773   2.39179533061e-08  
    1.89464616751   2.36037962587e-08  
    1.90222482632   1.72705842427e-08  
    1.90983368203    2.0643763371e-08  
    1.91747312426    1.9365095954e-08  
    1.92514295664   1.81670347258e-08  
    1.93284357391   1.69255433621e-08  
    1.94057497714   1.39750929325e-08  
    1.94833716444   1.48847511276e-08  
    1.95613054087   2.15183244068e-08  
     1.9639551083   1.45287982057e-08  
    1.97181086567   1.82429998171e-08  
    1.97969822875   1.61820548043e-08  
    1.98761698878   1.39948681373e-08  
     1.9955673539   1.74608952324e-08  
    2.00354975096   1.63272706746e-08  
    2.01156396724   1.66224169438e-08  
    2.01961021701   1.48352484728e-08  
    2.02768849818   1.49798972127e-08  
    2.03579924952   1.62674068915e-08  
    2.04394247327   1.92469931295e-08  
    2.05211839415   1.89512521529e-08  
    2.06032678619   1.81574016672e-08  
    2.06856810064   1.19307972815e-08  
    2.07684233806   1.16340195811e-08  
    2.08514972876   1.51252508239e-08  
    2.09349027249   1.44852324393e-08  
    2.10186420246   1.63903889505e-08  
    2.11027175621    1.7752689391e-08  
    2.11871293521   1.56566444909e-08  
     2.1271877377   2.23712108642e-08  
    2.13569640299   2.30553947286e-08  
    2.14423917486    2.3336772707e-08  
    2.15281605342   2.73778090805e-08  
    2.16142753599   2.83844092817e-08  
    2.17007312352   2.50573910906e-08  
     2.1787533147   2.57629214022e-08  
    2.18746836472   2.61809966885e-08  
    2.19621827524    2.3981099258e-08  
    2.20500330503   2.88387599323e-08  
    2.21382319273   2.85089580595e-08  
    2.22267845914   3.39584979539e-08  
    2.23156923834   3.32250063229e-08  
    2.24049553083   3.29724839541e-08  
    2.24945746922   4.30146627925e-08  
    2.25845532359   3.63002734088e-08  
    2.26748909386   4.31468649151e-08  
     2.2765590541   3.93638812215e-08  
    2.28566534384   3.91733451302e-08  
     2.2948079625   4.17587060025e-08  
    2.30398719039   4.24961272615e-08  
    2.31320316998   3.22048375675e-08  
    2.32245604483   3.74605567853e-08  
    2.33174581389   4.46451855724e-08  
    2.34107276615   3.67478005575e-08  
    2.35043704837   4.56861956814e-08  
    2.35983880845   4.43579193028e-08  
    2.36927819543   4.53486112814e-08  
    2.37875535953    4.4765128728e-08  
    2.38827029941   3.71209809537e-08  
    2.39782347203   3.96374475502e-08  
    2.40741472448   4.23949627907e-08  
    2.41704436467   4.37978520881e-08  
    2.42671254905   4.64867379295e-08  
    2.43641943535   4.97326598665e-08  
    2.44616502242   4.07762520288e-08  
       2.45594979   4.85569567862e-08  
    2.46577357813   4.26617324351e-08  
    2.47563654622   4.81839460692e-08  
    2.48553918601   5.20601093516e-08  
    2.49548133412     4.882179873e-08  
    2.50546315429   5.01391620353e-08  
    2.51548515073   4.84405654451e-08  
    2.52554698583   4.83373726477e-08  
    2.53564916829   4.07169540973e-08  
    2.54579187216   5.12924243393e-08  
    2.55597492322   5.29632232035e-08  
     2.5661988433   4.35552493443e-08  
    2.57646363371   4.75272395806e-08  
    2.58676947111   4.20889994106e-08  
    2.59711653388   4.32913004642e-08  
    2.60750500219   4.58948596153e-08  
    2.61793505804   4.85317295755e-08  
    2.62840688526   4.44606319906e-08  
    2.63892048307   4.32544162108e-08  
    2.64947622269   3.96949414346e-08  
    2.66007410417   4.21313674793e-08  
    2.67071431458   4.74608180953e-08  
    2.68139723552   4.15810243588e-08  
    2.69212286854   4.00150543339e-08  
    2.70289121112   4.52058103082e-08  
    2.71370284826   5.01588247931e-08  
     2.7245575844   4.89752736237e-08  
    2.73545581473    4.5663503637e-08  
    2.74639774102    4.5690681955e-08  
    2.75738336362   5.33966144306e-08  
    2.76841288399   4.90565985113e-08  
    2.77948650585    4.1798493681e-08  
    2.79060443525    4.3192906155e-08  
    2.80176688064   4.37896670157e-08  
    2.81297384093   4.80348539041e-08  
    2.82422573799   4.85093440025e-08  
    2.83552278766   5.25349609697e-08  
    2.84686477416   4.29757214373e-08  
    2.85825234572   4.97133242794e-08  
     2.8696852848   4.46843480494e-08  
    2.88116402948   4.46814346366e-08  
    2.89268857934   3.94499968238e-08  
    2.90425938136   4.30496139997e-08  
    2.91587643703   4.12133814364e-08  
    2.92753997296   4.19711021679e-08  
    2.93925021859   4.07550108927e-08  
      2.951007173   3.13478161084e-08  
    2.96281106587   3.99292364272e-08  
    2.97466236678    4.1985051835e-08  
    2.98656107812   3.35934614964e-08  
     2.9985071977   4.00406513868e-08  
      3.010501447   3.24755191744e-08  
    3.02254334263   3.28376348136e-08  
    3.03463361427   2.49660173164e-08  
    3.04677201599   3.55242387193e-08  
    3.05895904115   3.13652929649e-08  
    3.07119494173   2.59268933789e-08  
    3.08347971845   2.63745600325e-08  
    3.09581362403    2.7810188386e-08  
    3.10819691461   2.54313392754e-08  
    3.12062958899    2.4389009092e-08  
    3.13311216706   2.43526950167e-08  
    3.14564465057   2.43864805217e-08  
    3.15822730368   2.32010118541e-08  
    3.17086012492   1.66292690264e-08  
    3.18354365085   2.17631331309e-08  
    3.19627788324   1.83218098987e-08  
    3.20906281894   1.47318444094e-08  
    3.22189900597    1.8209899093e-08  
    3.23478672482   2.61565817722e-08  
    3.24772597752   2.48134139005e-08  
    3.26071676117   1.14658309808e-08  
    3.27375964194   1.32169477162e-08  
    3.28685462056   2.05473450552e-08  
    3.30000198442   1.86425239435e-08  
    3.31320202516    3.0389881404e-08  
    3.32645503871   1.82623795211e-08  
    3.33976072794   1.92434056801e-08  
    3.35311968447   2.35694633185e-08  
    3.36653221038   1.58473257147e-08  
     3.3799983063   2.13276547029e-08  
    3.39351827618   1.78941147056e-08  
    3.40709242856   2.29356555197e-08  
    3.42072076331   2.74769769603e-08  
    3.43440359099   2.26801930812e-08  
    3.44814122692   1.96689651659e-08  
    3.46193399134   1.87925511063e-08  
    3.47578156229   2.32604755389e-08  
    3.48968490685   1.71060211081e-08  
    3.50364337402   1.94458069946e-08  
    3.51765794355    1.8659116739e-08  
    3.53172861925   1.73215721367e-08  
    3.54585573632   1.51885380935e-08  
     3.5600389564   1.73738526201e-08  
    3.57427929354   1.63546112388e-08  
    3.58857640934   1.32924224886e-08  
    3.60293064433   1.32018668281e-08  
    3.61734234457    1.5902009939e-08  
    3.63181186174   1.00386888735e-08  
    3.64633884103   6.59518864011e-09  
    3.66092434656   9.70201640395e-09  
    3.67556802377   1.22986485658e-08  
    3.69027023047   6.77567033218e-09  
    3.70503133043   1.08778586695e-08  
    3.71985132286   6.99559911705e-09  
    3.73473094844   9.87821443137e-09  
    3.74966983622   3.76978817712e-09  
    3.76466835677   9.55204451182e-09  
    3.77972726954   8.52055410129e-09  
    3.79484619552   4.63549897287e-09  
    3.81002551525   5.35090482836e-09  
    3.82526561575   8.01882822486e-09  
    3.84056649563   5.14045169135e-09  
    3.85592894407   4.79307648881e-09  
    3.87135256549   8.13017211479e-09  
    3.88683815953   5.65340518866e-09  
    3.90238532204   7.60011775038e-09  
    3.91799486333   8.23153219868e-09  
    3.93366678499   6.65976020769e-09  
     3.9494015004   1.19309542857e-08  
    3.96519900909   1.18638436457e-08  
    3.98106015352   1.66677916169e-08  
    3.99698408556   8.12487888084e-09  
    4.01297208033   1.32106189648e-08  
    4.02902414361   1.76093091276e-08  
    4.04514027511   1.47360962969e-08  
    4.06132091013   1.13700931444e-08  
    4.07756604651   1.62509419212e-08  
     4.0938761247   1.89986669296e-08  
    4.11025159314   1.38461126868e-08  
    4.12669290844   1.44965571751e-08  
    4.14319961597    1.1085863537e-08  
      4.159772167   1.52554554387e-08  
    4.17641148833    1.8938792323e-08  
     4.1931171174    1.4772292018e-08  
    4.20988951967   1.48316820234e-08  
    4.22672916926   8.09582939336e-09  
    4.24363606672   1.03033486287e-08  
    4.26061069234   7.64911377926e-09  
    4.27765304529    4.9168391572e-09  
     4.2947636122   8.88512529316e-09  
    4.31194288887   9.12557123325e-09  
    4.32919037643    5.5527705606e-09  
    4.34650707141    6.2296383611e-09  
    4.36389297573   3.55038906196e-09  
    4.38134859885   5.90375679032e-09  
    4.39887394162   6.42241111846e-09  
    4.41646952064   5.52277276626e-09  
    4.43413533578   5.17327943658e-09  
    4.45187217638   5.51239740957e-09  
    4.46967951266   7.05624963546e-09  
    4.48755840908   6.36249441945e-09  
    4.50550859831   4.23296181377e-09  
     4.5235306196   1.03553210835e-08  
    4.54162474648    6.3273183629e-09  
    4.55979125434     6.224273578e-09  
    4.57803042047   3.93769789375e-09  
    4.59634252412   4.18230917083e-09  
     4.6147278465   8.98487893145e-10  
    4.63318667084   3.23064405904e-09  
    4.65171957222   6.56349134699e-09  
    4.67032626082   2.66305378685e-09  
    4.68900760809   2.72338507221e-09  
    4.70776361606   2.51281670016e-09  
    4.72659487793    4.5928048899e-09  
    4.74550109403   3.80675644304e-09  
    4.76448316381   1.83487341377e-09  
    4.78354108914   1.75643812553e-09  
     4.8026751735   3.30501383075e-09  
    4.82188603423   1.92716006337e-09  
    4.84117335953   2.86355276728e-09  
    4.86053808574   1.58582596224e-09  
    4.87998021521   8.42233916223e-10  
    4.89950038583    2.4728480709e-09  
    4.91909827634   3.28954775772e-09  
    4.93877452759   2.05771954794e-09  
    4.95852979362   1.98123538634e-09  
    4.97836374618    2.1263655371e-10  
    4.99827737711                 0.0  
     5.0182703536   1.49800753371e-09  
    5.03834368422   4.08179166868e-10  
    5.05849703165   7.30908770503e-10  
    5.07873073078   7.79147846253e-10  
    5.09904581601   6.88320714631e-10  
    5.11944194334   2.88515240015e-09  
    5.13991981119   2.13719567197e-09  
    5.16047941939   9.58328243637e-10  
    5.18112147886   9.37771671226e-10  
    5.20184599077    3.1260751456e-09  
    5.22265331361   4.69337862901e-09  
     5.2435438095   1.66185476093e-09  
    5.26451784426   5.31028358295e-09  
    5.28557616158   4.18373200005e-09  
     5.3067183896   1.60815444018e-09  
    5.32794527679   2.40129533086e-09  
    5.34925720446   1.44749078177e-09  
    5.37065417172   2.14921425306e-09  
    5.39213655882   1.69691705031e-09  
    5.41370514258   1.24225556096e-09  
    5.43535992532   1.01927880068e-09  
    5.45710169869   1.02342817372e-09  
    5.47893006545   1.22591454429e-09  
    5.50084582284   8.78855384491e-10  
    5.52284896853   2.76694827109e-09  
    5.54494031519   2.07974964509e-09  
    5.56712027819   3.25726910765e-09  
    5.58938885932    1.4232367722e-10  
    5.61174605182   7.17023444034e-10  
    5.63419311564   2.43402975954e-09  
    5.65673005712   3.83201796704e-09  
    5.67935687409   3.88013021256e-09  
    5.70207442649   3.14582240948e-09  
    5.72488271545   4.26686696048e-09  
     5.7477821758   3.65852010972e-09  
    5.77077324765   2.12304517039e-09  
    5.79385637646   2.84917103553e-09  
     5.8170320132   3.34626948259e-09  
    5.84029970084   1.33244926987e-08  
    5.86366126104   9.60153291552e-09  
    5.88711578034   1.02642902713e-08  
    5.91066417822   6.13549843693e-09  
    5.93430692324   4.81710999947e-09  
    5.95804401457   1.09352421518e-08  
    5.98187640063   1.43332722972e-08  
    6.00580360217   9.94940668283e-09  
    6.02982706295   1.13789580407e-08  
     6.0539463008   1.29455966878e-08  
    6.07816229297   1.08914252097e-08  
    6.10247454277     1.109767227e-08  
    6.12688453908   1.49750961187e-08  
    6.15139228923   1.43247116595e-08  
    6.17599779122   6.81994985957e-09  
    6.20070154853    1.0792541883e-08  
    6.22550459046   1.29876001467e-08  
    6.25040640037   1.07624127532e-08  
    6.27540801757   1.25114932322e-08  
    6.30050997369   1.29933814278e-08  
    6.32571173604   1.28742357877e-08  
     6.3510149058   9.65842684369e-09  
    6.37641894807   1.71623714727e-08  
    6.40192439863   1.28641859498e-08  
    6.42753235412   1.55971413346e-08  
    6.45324226357   1.33821163956e-08  
    6.47905523486   1.81215583545e-08  
    6.50497126841   1.42607863266e-08  
    6.53099149713   1.38989574781e-08  
      6.557115353   2.30922906552e-08  
    6.58334398091   2.52905399805e-08  
    6.60967738247   2.00689574399e-08  
      6.636116139   1.38867007212e-08  
    6.66266024591   1.65250592054e-08  
     6.6893108869   1.88493589111e-08  
    6.71606806547   1.46938948194e-08  
    6.74293238382   1.22705498255e-08  
    6.76990445326   1.04371523471e-08  
    6.79698365696   1.73637499258e-08  
    6.82417184254    8.2275968798e-09  
    6.85146839216   2.17184227339e-08  
    6.87887455859   1.32627332097e-08  
    6.90638970817   7.16594956152e-09  
    6.93401510795   1.53182596752e-08  
    6.96175140629   1.46549049261e-08  
    6.98959860741   9.89389481229e-09  
    7.01755670493   1.05837701367e-08  
    7.04562701121   3.00767246604e-09  
    7.07380952993   1.07560083991e-08  
    7.10210492952    6.5226509492e-09  
    7.13051320818   5.70086127558e-09  
    7.15903503951   4.88615720767e-09  
      7.187671108   5.06601392176e-09  
    7.21642210919   6.66861334437e-09  
     7.2452880469   2.00609808952e-09  
    7.27426891394   3.50636695594e-09  
     7.3033661205   8.05113473136e-09  
    7.33257967105    4.7082171493e-09  
    7.36190955887   7.76262949221e-09  
    7.39135722917   4.85830974598e-09  
    7.42092268746   8.31165335541e-09  
    7.45060667143    1.0816173005e-09  
    7.48040918171   5.39513086682e-09  
     7.5103309629    2.2424198893e-09  
    7.54037201069   2.43278570833e-10  
    7.57053307674   6.15739405838e-09  
    7.60081569915   4.30208364868e-09  
     7.6312191142   1.07992444336e-09  
    7.66174409401   1.97106804246e-09  
    7.69239063155   6.82543217953e-09  
    7.72316030546   3.12579968081e-09  
    7.75405312312   9.95627723768e-09  
    7.78506908015   8.27918111718e-09  
    7.81620897836   6.56600594537e-09  
    7.84747445827   4.74052272469e-09  
    7.87886387586   5.24806498993e-09  
    7.91037971196   3.90823859436e-09  
    7.94202113658   9.37516673809e-09  
    7.97378898366   2.94808072023e-09  
    8.00568410198   6.42513068632e-09  
    8.03770735543   4.34784302056e-09  
    8.06985787909                 0.0  
    8.10213740517   5.29818235704e-09  
    8.13454593714                 0.0  
    8.16708435933   6.82819426135e-09  
    8.19975267166   3.80964495026e-09  
    8.23255176913   3.89054261656e-09  
    8.26548164815   1.16070556341e-09  
    8.29854321466   1.13876763794e-09  
    8.33173739122   5.93543353706e-10  
    8.36506511734                 0.0  
      8.398524516                 0.0  
    8.43211935001   8.87227893997e-10  
    8.46584773181   2.65005709662e-09  
    8.49971060237   4.43234556268e-09  
     8.5337098955   1.42598341883e-09  
    8.56784464499                 0.0  
    8.60211582222   2.39307337629e-09  
    8.63652441684                 0.0  
    8.67107043027   1.76693150628e-09  
    8.70575486565   1.30252807866e-09  
    8.74057772207   3.84681983251e-09  
    8.77554001652    2.8333113343e-09  
    8.81064278543                 0.0  
    8.84588498917                 0.0  
    8.88126871009    2.8690844305e-09  
    8.91679342222   8.53593865705e-10  
    8.95246071565   2.97880192249e-09  
    8.98827059515   3.99480754818e-09  
    9.02422359715   1.30214115352e-09  
    9.06032026159   1.60275662218e-09  
    9.09656168612   4.93609176501e-09  
    9.13294787279   3.80873679824e-09  
    9.16947993568   5.48354356722e-09  
    9.20615787578   1.33994790871e-09  
    9.24298225202   4.00534369758e-09  
      9.279954204   6.02147402484e-09  
    9.31707431261   5.35490238336e-09  
    9.35434257718   4.83906230654e-09  
    9.39175957335   1.39966496411e-08  
     9.4293270718   8.24952133124e-09  
    9.46704388515   4.53760397563e-09  
    9.50491240293   1.27587112463e-08  
    9.54293202825   1.12645160178e-08  
    9.58110335964   1.27607743235e-08  
    9.61942823963   5.19751134757e-09  
     9.6579060571    1.1405252108e-08  
    9.69653742549   6.08776182507e-09  
    9.73532359794   1.32572592383e-08  
    9.77426457375   1.30087640472e-08  
    9.81336162691   9.35480710687e-09  
    9.85261540749   1.69800592149e-08  
     9.8920259161   8.39892409668e-09  
    9.93159379873   1.26539931494e-08  
    9.97132037286     1.794354021e-08  
     10.011205641   1.16342539308e-08  
    10.0512502668   3.77642068308e-09  
     10.091455602   2.53854072288e-09  
    10.1318209644   1.02430791213e-08  
    10.1723484056   8.89836425398e-09  
    10.2130379328   5.05643504505e-09  
    10.2538902416   7.26065085831e-09  
    10.2949053247   2.71718598748e-09  
    10.3360853051    1.2574922165e-09  
     10.377429474    6.6890917538e-09  
    10.4189392642   4.39827048654e-08  
