      wave_micron        flux_mjy  
  0.0151862453319             0.0  
  0.0152415497594             0.0  
  0.0153025154167             0.0  
  0.0153637250122             0.0  
   0.015425180221             0.0  
  0.0154868810502             0.0  
  0.0155488291952             0.0  
  0.0156110246563             0.0  
    0.01567346915             0.0  
  0.0157361626703             0.0  
  0.0157991069548             0.0  
   0.015862303773             0.0  
  0.0159257531313             0.0  
  0.0159894550112             0.0  
  0.0160534130204             0.0  
  0.0161176271782             0.0  
    0.01618209748             0.0  
  0.0162468257657             0.0  
  0.0163118139096             0.0  
  0.0163770600225             0.0  
  0.0164425678735             0.0  
  0.0165083393984             0.0  
  0.0165743726785             0.0  
  0.0166406696301             0.0  
  0.0167072322062             0.0  
  0.0167740623974             0.0  
  0.0168411572105             0.0  
   0.016908522642             0.0  
  0.0169761566919             0.0  
  0.0170440613842             0.0  
  0.0171122377454             0.0  
  0.0171806857636             0.0  
  0.0172494085612             0.0  
  0.0173184061489             0.0  
  0.0173876806522             0.0  
  0.0174572310007             0.0  
  0.0175270593267             0.0  
  0.0175971678042             0.0  
  0.0176675564402             0.0  
  0.0177382274428             0.0  
  0.0178091796948             0.0  
  0.0178804165444             0.0  
  0.0179519379969             0.0  
  0.0180237463309             0.0  
  0.0180958415518             0.0  
  0.0181682248063             0.0  
  0.0182408972502             0.0  
  0.0183138612366             0.0  
  0.0183871167722             0.0  
  0.0184606650422             0.0  
  0.0185345072419             0.0  
  0.0186086458034             0.0  
  0.0186830795002             0.0  
  0.0187578120217             0.0  
  0.0188328433799             0.0  
   0.018908174824             0.0  
  0.0189838076149             0.0  
  0.0190597430247             0.0  
  0.0191359823377             0.0  
  0.0192125255433             0.0  
  0.0192893765535             0.0  
  0.0193665340651             0.0  
  0.0194439993799             0.0  
  0.0195217751624             0.0  
  0.0195998627725             0.0  
  0.0196782622126             0.0  
  0.0197569748375             0.0  
  0.0198360034085             0.0  
  0.0199153465324             0.0  
  0.0199950084036             0.0  
  0.0200749890399             0.0  
  0.0201552884287             0.0  
  0.0202359094264             0.0  
  0.0203168534892             0.0  
  0.0203981206156             0.0  
   0.020479713743             0.0  
  0.0205616313812             0.0  
  0.0206438779969             0.0  
  0.0207264536059             0.0  
  0.0208093597257             0.0  
  0.0208925978913             0.0  
  0.0209761680966             0.0  
  0.0210600718742             0.0  
  0.0211443123573             0.0  
  0.0212288895558             0.0  
  0.0213138050564             0.0  
   0.021399060464             0.0  
  0.0214846574026             0.0  
  0.0215705958681             0.0  
   0.021656877484             0.0  
  0.0217435055676             0.0  
  0.0218304801344             0.0  
  0.0219178011671             0.0  
  0.0220054720439             0.0  
  0.0220934944899             0.0  
  0.0221818685095             0.0  
  0.0222705958296             0.0  
  0.0223596781988             0.0  
  0.0224491173879             0.0  
  0.0225389133917             0.0  
  0.0226290697965             0.0  
  0.0227195847868             0.0  
  0.0228104638233             0.0  
  0.0229017050792             0.0  
  0.0229933122501             0.0  
  0.0230852853412             0.0  
  0.0231776262249             0.0  
  0.0232703367986             0.0  
  0.0233634189851             0.0  
  0.0234568727853             0.0  
  0.0235507001277             0.0  
  0.0236449029677             0.0  
  0.0237394812916             0.0  
  0.0238344410841             0.0  
  0.0239297783475             0.0  
  0.0240254970945             0.0  
  0.0241215993701             0.0  
  0.0242180851719             0.0  
  0.0243149586469             0.0  
   0.024412217708             0.0  
  0.0245098665449             0.0  
  0.0246079051568             0.0  
   0.024706337828             0.0  
  0.0248051624068             0.0  
  0.0249043832227             0.0  
  0.0250040002793             0.0  
  0.0251040180052             0.0  
  0.0252044341848             0.0  
  0.0253052510271             0.0  
  0.0254064730603             0.0  
   0.025508098007             0.0  
  0.0256101304453             0.0  
  0.0257125703795             0.0  
  0.0258154201345             0.0  
  0.0259186820709             0.0  
  0.0260223585857             0.0  
  0.0261264472785             0.0  
  0.0262309529415             0.0  
  0.0263358755693             0.0  
  0.0264412200677             0.0  
  0.0265469839736             0.0  
  0.0266531722503             0.0  
   0.026759784909             0.0  
  0.0268668244763             0.0  
  0.0269742909428             0.0  
  0.0270821894517             0.0  
  0.0271905174168             0.0  
  0.0272992800437             0.0  
   0.027408477344             0.0  
  0.0275181119692             0.0  
  0.0276281839109             0.0  
  0.0277386958433             0.0  
  0.0278496504844             0.0  
  0.0279610505974             0.0  
    0.02807289341             0.0  
  0.0281851844569             0.0  
   0.028297926573             0.0  
  0.0284111169242             0.0  
  0.0285247611853             0.0  
  0.0286388622665             0.0  
  0.0287534172723             0.0  
   0.028868429072             0.0  
  0.0289839035587             0.0  
  0.0290998407737             0.0  
  0.0292162376922             0.0  
  0.0293331033349             0.0  
   0.029450437755             0.0  
  0.0295682378656             0.0  
  0.0296865097975             0.0  
  0.0298052566889             0.0  
  0.0299244785621             0.0  
  0.0300441753939             0.0  
  0.0301643535589             0.0  
  0.0302850098474             0.0  
  0.0304061507215             0.0  
  0.0305277762053             0.0  
  0.0306498862764             0.0  
  0.0307724842184             0.0  
  0.0308955767542             0.0  
  0.0310191571473             0.0  
  0.0311432355684             0.0  
   0.031267808621             0.0  
  0.0313928797303             0.0  
  0.0315184488667             0.0  
  0.0316445230436             0.0  
  0.0317711023035             0.0  
   0.031898186641             0.0  
  0.0320257796335             0.0  
  0.0321538812643             0.0  
  0.0322824988477             0.0  
  0.0324116287246             0.0  
  0.0325412745672             0.0  
  0.0326714401172             0.0  
  0.0328021253768             0.0  
  0.0329333341384             0.0  
  0.0330650663953             0.0  
  0.0331973259923             0.0  
  0.0333301168478             0.0  
  0.0334634350245             0.0  
  0.0335972923954             0.0  
  0.0337316790047             0.0  
  0.0338666068614             0.0  
  0.0340020739821             0.0  
  0.0341380803297             0.0  
  0.0342746341343             0.0  
  0.0344117312592             0.0  
  0.0345493800619             0.0  
  0.0346875763345             0.0  
  0.0348263264174             0.0  
  0.0349656324733             0.0  
   0.035105494499             0.0  
  0.0352459168363             0.0  
   0.035386899479             0.0  
  0.0355284490714             0.0  
  0.0356705611534             0.0  
  0.0358132446918             0.0  
  0.0359564974426             0.0  
  0.0361003239563             0.0  
  0.0362447242236             0.0  
  0.0363897028683             0.0  
  0.0365352622447             0.0  
  0.0366814023445             0.0  
  0.0368281279061             0.0  
  0.0369754413435             0.0  
   0.037123342652             0.0  
  0.0372718366889             0.0  
  0.0374209234529             0.0  
  0.0375706078835             0.0  
  0.0377208899839             0.0  
  0.0378717722387             0.0  
  0.0380232597152             0.0  
  0.0381753524251             0.0  
  0.0383280555238             0.0  
  0.0384813664089             0.0  
  0.0386352929064             0.0  
  0.0387898350439             0.0  
  0.0389449927899             0.0  
  0.0391007741739             0.0  
  0.0392571765096             0.0  
  0.0394142052156             0.0  
  0.0395718630527             0.0  
   0.039730150015             0.0  
   0.039889068853             0.0  
  0.0400486251849             0.0  
  0.0402088218867             0.0  
  0.0403696560937             0.0  
  0.0405311335129             0.0  
  0.0406932599743             0.0  
  0.0408560325667             0.0  
  0.0410194571599             0.0  
  0.0411835337443             0.0  
  0.0413482683014             0.0  
  0.0415136608397             0.0  
  0.0416797143802             0.0  
  0.0418464350782             0.0  
  0.0420138198473             0.0  
  0.0421818748882             0.0  
  0.0423506033619             0.0  
  0.0425200052653             0.0  
  0.0426900869832             0.0  
  0.0428608452837             0.0  
  0.0430322898797             0.0  
  0.0432044175118             0.0  
  0.0433772347439             0.0  
  0.0435507449271             0.0  
  0.0437249480686             0.0  
   0.043899847521             0.0  
  0.0440754466782             0.0  
   0.044251748976             0.0  
  0.0444287543985             0.0  
  0.0446064699073             0.0  
  0.0447848955181             0.0  
  0.0449640383375             0.0  
  0.0451438911989             0.0  
  0.0453244684591             0.0  
  0.0455057665374             0.0  
  0.0456877890588             0.0  
  0.0458705396955             0.0  
  0.0460540221685             0.0  
  0.0462382402479             0.0  
  0.0464231901229             0.0  
  0.0466088831745             0.0  
  0.0467953194487             0.0  
  0.0469825028285             0.0  
  0.0471704293711             0.0  
  0.0473591147907             0.0  
   0.047548551218             0.0  
  0.0477387425614             0.0  
  0.0479296968511             0.0  
   0.048121418203             0.0  
  0.0483139025256             0.0  
  0.0485071580195             0.0  
  0.0487011888768             0.0  
  0.0488959908834             0.0  
  0.0490915766829             0.0  
  0.0492879420471             0.0  
  0.0494850955426             0.0  
  0.0496830328255             0.0  
  0.0498817669577             0.0  
  0.0500812935832             0.0  
  0.0502816170811             0.0  
  0.0504827464078             0.0  
  0.0506846770853             0.0  
  0.0508874135835             0.0  
  0.0510909650607             0.0  
  0.0512953269164             0.0  
  0.0515005084112             0.0  
  0.0517065095584             0.0  
  0.0519133398359             0.0  
  0.0521209897077             0.0  
  0.0523294734927             0.0  
  0.0525387912309             0.0  
   0.052748947809             0.0  
  0.0529599432243             0.0  
  0.0531717823989             0.0  
  0.0533844703326             0.0  
  0.0535980070184             0.0  
  0.0538124026211             0.0  
  0.0540276520462             0.0  
  0.0542437603713             0.0  
  0.0544607380071             0.0  
  0.0546785797359             0.0  
  0.0548972960957             0.0  
  0.0551168817443             0.0  
  0.0553373527706             0.0  
  0.0555586983713             0.0  
  0.0557809348548             0.0  
  0.0560040567579             0.0  
  0.0562280751482             0.0  
  0.0564529844364             0.0  
  0.0566787958303             0.0  
  0.0569055150795             0.0  
  0.0571331364721             0.0  
  0.0573616656758             0.0  
  0.0575911143271             0.0  
  0.0578214765912             0.0  
  0.0580527642567             0.0  
  0.0582849773746             0.0  
  0.0585181159072             0.0  
  0.0587521858386             0.0  
  0.0589871994171             0.0  
  0.0592231443552             0.0  
  0.0594600391771             0.0  
  0.0596978776747             0.0  
  0.0599366724289             0.0  
  0.0601764171007             0.0  
  0.0604171244428             0.0  
  0.0606587944978             0.0  
  0.0609014272165             0.0  
   0.061145029075             0.0  
  0.0613896133384             0.0  
  0.0616351734263             0.0  
  0.0618817092309             0.0  
  0.0621292410506             0.0  
  0.0623777552976             0.0  
  0.0626272656272             0.0  
  0.0628777720403             0.0  
   0.063129288554             0.0  
  0.0633818010893             0.0  
  0.0636353308644             0.0  
   0.063889870777             0.0  
  0.0641454352523             0.0  
  0.0644020170518             0.0  
  0.0646596234095             0.0  
   0.064918261695             0.0  
  0.0651779318951             0.0  
   0.065438641478             0.0  
  0.0657003980535             0.0  
  0.0659632016714             0.0  
  0.0662270522815             0.0  
  0.0664919653869             0.0  
   0.066757933217             0.0  
  0.0670249635555             0.0  
  0.0672930643361             0.0  
  0.0675622355631             0.0  
   0.067832481211             0.0  
  0.0681038134915             0.0  
  0.0683762283497             0.0  
   0.068649734011             0.0  
  0.0689243304506             0.0  
  0.0692000302551             0.0  
  0.0694768292185             0.0  
  0.0697547358146             0.0  
  0.0700337543427             0.0  
  0.0703138891334             0.0  
  0.0705951445493             0.0  
  0.0708775249857             0.0  
  0.0711610348713             0.0  
  0.0714456786688             0.0  
  0.0717314654303             0.0  
  0.0720183906152             0.0  
   0.072306463311             0.0  
  0.0725956881234             0.0  
  0.0728860696955             0.0  
  0.0731776174494             0.0  
  0.0734703266627             0.0  
  0.0737642067987             0.0  
  0.0740592626587             0.0  
  0.0743554990853             0.0  
  0.0746529258973             0.0  
  0.0749515332222             0.0  
   0.075251340833             0.0  
  0.0755523488135             0.0  
  0.0758545571332             0.0  
  0.0761579759141             0.0  
  0.0764626051371             0.0  
  0.0767684551004             0.0  
  0.0770755310579             0.0  
  0.0773838330132             0.0  
   0.077693366195             0.0  
  0.0780041412693             0.0  
   0.078316158267             0.0  
   0.078629422573             0.0  
  0.0789439396258             0.0  
   0.079259714919             0.0  
  0.0795767540021             0.0  
  0.0798950624814             0.0  
  0.0802146403258             0.0  
  0.0805354988643             0.0  
  0.0808576438804             0.0  
  0.0811810753857             0.0  
  0.0815057991484             0.0  
  0.0818318209987             0.0  
  0.0821591468305             0.0  
  0.0824877826019             0.0  
   0.082817734337             0.0  
  0.0831490081274             0.0  
  0.0834816039632             0.0  
  0.0838155279262             0.0  
  0.0841507924355             0.0  
  0.0844873975438             0.0  
  0.0848253431751             0.0  
  0.0851646483849             0.0  
  0.0855053068237             0.0  
  0.0858473248539             0.0  
  0.0861907154896             0.0  
  0.0865354787741             0.0  
  0.0868816213016             0.0  
  0.0872291430099             0.0  
  0.0875780640725             0.0  
  0.0879283778012             0.0  
  0.0882800909551             0.0  
  0.0886332103769             0.0  
   0.088987742995             0.0  
  0.0893436887586             0.0  
  0.0897010688489             0.0  
  0.0900598690908             0.0  
  0.0904201109028             0.0  
  0.0907817943694             0.0  
  0.0911449194373             0.0  
  0.0915095007394             0.0  
  0.0918755382958             0.0  
  0.0922430395187             0.0  
  0.0926120119188             0.0  
  0.0929824554535             0.0  
  0.0933543853675             0.0  
  0.0937278094776             0.0  
  0.0941027200284             0.0  
  0.0944791246749             0.0  
  0.0948570471081             0.0  
  0.0952364714898             0.0  
  0.0956174217934             0.0  
  0.0959998899854             0.0  
  0.0963838840736             0.0  
  0.0967694204686             0.0  
  0.0971564992491             0.0  
  0.0975451287698             0.0  
  0.0979353090143             0.0  
  0.0983270483749             0.0  
  0.0987203553653             0.0  
  0.0991152386231             0.0  
  0.0995116981457             0.0  
  0.0999097426147             0.0  
    0.10030938084             0.0  
   0.100710621762             0.0  
   0.101113465403             0.0  
   0.101517920754             0.0  
   0.101923987748             0.0  
   0.102331684696             0.0  
   0.102741011658             0.0  
   0.103151977956             0.0  
   0.103564583561             0.0  
   0.103978847424             0.0  
   0.104394760008             0.0  
   0.104812340481             0.0  
   0.105231588867             0.0  
   0.105652514907             0.0  
   0.106075128499             0.0  
   0.106499419612             0.0  
   0.106925418218             0.0  
   0.107353124484             0.0  
   0.107782538416             0.0  
   0.108213670222             0.0  
   0.108646519823             0.0  
   0.109081108043             0.0  
   0.109517434971             0.0  
   0.109955500532             0.0  
   0.110395326059             0.0  
   0.110836900777             0.0  
   0.111280257246             0.0  
   0.111725373653             0.0  
   0.112172271863             0.0  
   0.112620963053             0.0  
   0.113071447266             0.0  
   0.113523735783             0.0  
   0.113977828572             0.0  
   0.114433737023             0.0  
   0.114891472716             0.0  
    0.11535103565             0.0  
   0.115812449396             0.0  
   0.116275690229             0.0  
   0.116740793807             0.0  
   0.117207760277             0.0  
   0.117676589609             0.0  
   0.118147293948             0.0  
   0.118619885655             0.0  
   0.119094364748             0.0  
   0.119570743719             0.0  
   0.120049022526             0.0  
    0.12052922666             0.0  
   0.121011343361             0.0  
   0.121495385402             0.0  
   0.121981365789             0.0  
   0.122469297759             0.0  
   0.122959168018             0.0  
   0.123451003131             0.0  
   0.123944816734             0.0  
   0.124440595291             0.0  
   0.124938352277             0.0  
   0.125438101413             0.0  
   0.125939856671             0.0  
   0.126443618128             0.0  
   0.126949385666             0.0  
   0.127457187735             0.0  
   0.127967024514             0.0  
   0.128478881376             0.0  
   0.128992801948             0.0  
   0.129508771677             0.0  
   0.130026805273             0.0  
   0.130546917724             0.0  
    0.13106910909             0.0  
   0.131593379236             0.0  
   0.132119758725             0.0  
   0.132648232174             0.0  
   0.133178830608             0.0  
   0.133711538364             0.0  
   0.134246386932             0.0  
   0.134783368412             0.0  
   0.135322506858             0.0  
   0.135863794217             0.0  
    0.13640724667             0.0  
   0.136952880717             0.0  
   0.137500688072             0.0  
   0.138050693715             0.0  
   0.138602897709             0.0  
   0.139157308481             0.0  
   0.139713934513             0.0  
   0.140272793062             0.0  
   0.140833884164             0.0  
   0.141397216493             0.0  
   0.141962807704             0.0  
   0.142530657824             0.0  
   0.143100784789             0.0  
    0.14367318862             0.0  
   0.144247878329             0.0  
   0.144824872283             0.0  
   0.145404170505             0.0  
   0.145985782226             0.0  
   0.146569726264             0.0  
   0.147156012234             0.0  
   0.147744630509             0.0  
   0.148335609884             0.0  
   0.148928950407             0.0  
   0.149524671689             0.0  
   0.150122763818             0.0  
   0.150723256556             0.0  
   0.151326149986             0.0  
   0.151931454179             0.0  
   0.152539179298             0.0  
   0.153149335602             0.0  
   0.153761933445             0.0  
    0.15437698328             0.0  
   0.154994495661             0.0  
   0.155614470527             0.0  
   0.156236929183             0.0  
   0.156861871606             0.0  
   0.157489319487             0.0  
   0.158119283907             0.0  
   0.158751753754             0.0  
   0.159386762292             0.0  
   0.160024309612             0.0  
   0.160664406987             0.0  
   0.161307065808             0.0  
   0.161952297587             0.0  
   0.162600102255             0.0  
   0.163250503087             0.0  
   0.163903500077             0.0  
   0.164559116943             0.0  
   0.165217353748             0.0  
   0.165878222483             0.0  
   0.166541735275             0.0  
   0.167207904386             0.0  
   0.167876742216             0.0  
   0.168548248734             0.0  
   0.169222436325             0.0  
   0.169899330296             0.0  
   0.170578917867             0.0  
   0.171261237522             0.0  
   0.171946289458             0.0  
   0.172634073617             0.0  
   0.173324602972             0.0  
   0.174017904054             0.0  
   0.174713976962             0.0  
   0.175412835149             0.0  
   0.176114478504             0.0  
   0.176818948161             0.0  
   0.177526216562             0.0  
   0.178236325294             0.0  
   0.178949274492             0.0  
   0.179665064019             0.0  
   0.180383722267             0.0  
    0.18110526375             0.0  
   0.181829673902             0.0  
   0.182556996418             0.0  
   0.183287231512             0.0  
   0.184020379125             0.0  
    0.18475645402             0.0  
   0.185495486389             0.0  
   0.186237461056             0.0  
   0.186982408495             0.0  
   0.187730344282             0.0  
   0.188481268478             0.0  
    0.18923519671             0.0  
    0.18999212884             0.0  
   0.190752096649             0.0  
   0.191515116419             0.0  
    0.19228117193             0.0  
   0.193050295632             0.0  
   0.193822487473             0.0  
   0.194597780629             0.0  
   0.195376175252             0.0  
   0.196157688231             0.0  
   0.196942319531             0.0  
    0.19773008612             0.0  
   0.198521005214             0.0  
   0.199315094279             0.0  
   0.200112353314             0.0  
    0.20091279988             0.0  
   0.201716451797             0.0  
   0.202523308997             0.0  
   0.203333407701             0.0  
   0.204146748093             0.0  
   0.204963330048             0.0  
   0.205783171868             0.0  
   0.206606311029             0.0  
   0.207432728761             0.0  
   0.208262462965             0.0  
   0.209095513742             0.0  
   0.209931900383             0.0  
   0.210771622814             0.0  
   0.211614720282             0.0  
   0.212461173033             0.0  
   0.213311020775             0.0  
   0.214164263564             0.0  
   0.215020921596             0.0  
   0.215880994763             0.0  
    0.21674452421             0.0  
   0.217611510156             0.0  
   0.218481952493             0.0  
   0.219355872072             0.0  
   0.220233311555             0.0  
   0.221114228075             0.0  
   0.221998686117             0.0  
   0.222886685943             0.0  
   0.223778227476             0.0  
   0.224673354985             0.0  
   0.225572046251             0.0  
   0.226474323402             0.0  
   0.227380231819             0.0  
   0.228289748794             0.0  
   0.229202897043             0.0  
   0.230119723105             0.0  
   0.231040203786             0.0  
   0.231964362419             0.0  
   0.232892222738             0.0  
   0.233823784687             0.0  
   0.234759072245             0.0  
   0.235698109808             0.0  
   0.236640897408             0.0  
   0.237587459704             0.0  
   0.238537821784             0.0  
   0.239491983793             0.0  
   0.240449945509             0.0  
   0.241411732136             0.0  
   0.242377395329             0.0  
   0.243346883189             0.0  
    0.24432027388             0.0  
   0.245297567815             0.0  
   0.246278765038             0.0  
    0.24726386522             0.0  
   0.248252922202             0.0  
   0.249245936192             0.0  
   0.250242934734             0.0  
   0.251243889998             0.0  
   0.252248857367             0.0  
   0.253257865238             0.0  
   0.254270885298             0.0  
   0.255287974471             0.0  
   0.256309132972             0.0  
   0.257334360629             0.0  
   0.258363715964             0.0  
   0.259397169641             0.0  
   0.260434751023             0.0  
   0.261476490028             0.0  
   0.262522386629             0.0  
   0.263572471153             0.0  
   0.264626774498             0.0  
   0.265685265663             0.0  
   0.266748006725             0.0  
   0.267814997867             0.0  
   0.268886270863             0.0  
   0.269961825843             0.0  
   0.271041662523             0.0  
   0.272125829369             0.0  
   0.273214342954             0.0  
   0.274307186659             0.0  
   0.275404426841             0.0  
   0.276506046976             0.0  
   0.277612063688             0.0  
   0.278722510916             0.0  
   0.279837405931             0.0  
   0.280956748664             0.0  
   0.282080573835             0.0  
     0.2832088991             0.0  
   0.284341742253             0.0  
   0.285479103186             0.0  
   0.286621017715             0.0  
    0.28776750405             0.0  
   0.288918580543             0.0  
   0.290074247075             0.0  
   0.291234540623             0.0  
   0.292399479992             0.0  
   0.293569084143             0.0  
   0.294743352973             0.0  
   0.295922324686             0.0  
   0.297106018732             0.0  
    0.29829443504             0.0  
    0.29948761278             0.0  
   0.300685571921             0.0  
   0.301888312441             0.0  
    0.30309587452             0.0  
   0.304308258181             0.0  
   0.305525483642             0.0  
   0.306747592131             0.0  
   0.307974583754             0.0  
   0.309206479307             0.0  
   0.310443299785             0.0  
   0.311685066389             0.0  
   0.312931822196             0.0  
   0.314183545656             0.0  
   0.315440280101             0.0  
   0.316702047589             0.0  
   0.317968848024             0.0  
   0.319240725932             0.0  
   0.320517681318             0.0  
    0.32179975953             0.0  
   0.323086960685             0.0  
   0.324379307693             0.0  
   0.325676823708             0.0  
   0.326979532134             0.0  
   0.328287432778             0.0  
   0.329600597068             0.0  
   0.330919001291             0.0  
   0.332242669315             0.0  
   0.333571649902             0.0  
   0.334905918403             0.0  
   0.336245548955             0.0  
   0.337590541904             0.0  
   0.338940897082             0.0  
   0.340296665061             0.0  
   0.341657845854             0.0  
   0.343024491036             0.0  
   0.344396574568             0.0  
   0.345774174887             0.0  
   0.347157265742             0.0  
   0.348545900161             0.0  
   0.349940078147             0.0  
   0.351339826487             0.0  
   0.352745199837             0.0  
   0.354156170793             0.0  
   0.355572794473             0.0  
   0.356995099023             0.0  
   0.358423056085             0.0  
   0.359856750479             0.0  
   0.361296182545             0.0  
   0.362741381197             0.0  
   0.364192346371             0.0  
   0.365649107033             0.0  
   0.367111692529             0.0  
   0.368580162657             0.0  
   0.370054457347             0.0  
   0.371534697329             0.0  
   0.373020821886             0.0  
   0.374512922982             0.0  
   0.376010969812             0.0  
   0.377514993083             0.0  
   0.379025055715             0.0  
   0.380541157981             0.0  
    0.38206333188             0.0  
   0.383591577294             0.0  
   0.385125959166             0.0  
   0.386666444678             0.0  
   0.388213132782             0.0  
   0.389765956915             0.0  
   0.391325051123             0.0  
   0.392890348197             0.0  
   0.394461915901             0.0  
   0.396039754161             0.0  
   0.397623897285             0.0  
   0.399214415358             0.0  
   0.400811273444             0.0  
   0.402414506544             0.0  
   0.404024150177             0.0  
   0.405640240394             0.0  
   0.407262813787             0.0  
   0.408891870496             0.0  
    0.41052744734             0.0  
   0.412169544098             0.0  
   0.413818235712             0.0  
   0.415473484303             0.0  
   0.417135404168             0.0  
   0.418803918566             0.0  
   0.420479143282             0.0  
    0.42216107887             0.0  
   0.423849725244             0.0  
    0.42554512175             0.0  
   0.427247308353             0.0  
   0.428956284932             0.0  
   0.430672091755             0.0  
   0.432394811114             0.0  
   0.434124360447             0.0  
   0.435860864087             0.0  
   0.437604322571             0.0  
   0.439354735776             0.0  
   0.441112145969             0.0  
    0.44287659611             0.0  
   0.444648086107             0.0  
   0.446426703405             0.0  
   0.448212404196             0.0  
   0.450005232208             0.0  
   0.451805277075             0.0  
    0.45361249401             0.0  
   0.455426927892             0.0  
    0.45724867063             0.0  
    0.45907762982             0.0  
    0.46091394446             0.0  
   0.462757615155             0.0  
   0.464608641808             0.0  
   0.466467071771             0.0  
   0.468332953209             0.0  
   0.470206286192             0.0  
   0.472087119393             0.0  
   0.473975452618             0.0  
   0.475871335061             0.0  
   0.477774816778             0.0  
    0.47968594871             0.0  
   0.481604680029             0.0  
   0.483531112768             0.0  
   0.485465247193             0.0  
   0.487407082836             0.0  
    0.48935672447             0.0  
   0.491314119229   38.3765329866  
   0.493279373346             0.0  
   0.495252541446             0.0  
   0.497233514987             0.0  
   0.499222456958             0.0  
   0.501219368051             0.0  
   0.503224248203             0.0  
   0.505237153073             0.0  
   0.507258082401             0.0  
   0.509287092547             0.0  
   0.511324240917             0.0  
   0.513369527656             0.0  
    0.51542301092             0.0  
   0.517484749951             0.0  
   0.519554685619             0.0  
    0.52163287653             0.0  
   0.523719382401             0.0  
   0.525814264075             0.0  
   0.527917521869             0.0  
    0.53002921747   40.3724818326  
   0.532149351069             0.0  
   0.534277922046             0.0  
   0.536415056314             0.0  
   0.538560690453             0.0  
   0.540714952292             0.0  
   0.542877809892             0.0  
   0.545049328073             0.0  
   0.547229506639             0.0  
    0.54941844476             0.0  
   0.551616109283             0.0  
   0.553822566959             0.0  
   0.556037851638             0.0  
   0.558261997412   43.0914708781  
   0.560495073378             0.0  
   0.562737044876   89.8906745501  
   0.564987981235    42.641924222  
   0.567247953161             0.0  
   0.569516925098             0.0  
   0.571795004185             0.0  
    0.57408219074    87.233136567  
   0.576378520968   44.0504119975  
   0.578684031361             0.0  
   0.580998758706   88.7101579848  
    0.58332274009   43.8078654095  
   0.585656050859   88.4237716903  
   0.587998653113             0.0  
   0.590350661093   88.7437234682  
   0.592712075199   89.0881014602  
   0.595082894929   275.927816824  
   0.597463237368   183.091877757  
   0.599853103008     186.9328163  
   0.602252491434   52.6509251087  
   0.604661522677   49.8176650097  
   0.607080156581   425.193993841  
   0.609508474096    188.71384748  
   0.611946516412   48.3307150609  
   0.614394325111   95.2736730159  
   0.616851900062   95.6316644071  
   0.619319282636             0.0  
   0.621796557381   446.349122352  
   0.624283767493   348.648027016  
   0.626780869656    350.73335849  
   0.629287993483   250.109670721  
    0.63180518347   50.7060327471  
   0.634332395511   306.882982805  
   0.636869717762   340.881117079  
   0.639417195011   392.884423984  
   0.641974872512   146.930181349  
   0.644542750024   52.6763121091  
   0.647120918993   104.001187785  
   0.649709426118   466.720688346  
   0.652308271514   532.604610919  
   0.654917501763   535.572089394  
   0.657537163955   722.076835948  
   0.660167305694   221.309926921  
    0.66280797511   163.224455262  
   0.665459220872   160.140975928  
   0.668121042799   108.740909561  
    0.67079353927             0.0  
   0.673476710427   212.865664884  
   0.676170605981   220.218593728  
   0.678875276214   490.833846652  
   0.681590771994   391.351817802  
   0.684317144785   330.293514694  
   0.687054446662    164.90148729  
    0.68980262501   57.2650390936  
   0.692561836779    455.72784189  
   0.695332082421   60.6824288853  
   0.698113415263    176.87948034  
   0.700905889283   61.0732083295  
   0.703709504325   175.023692808  
   0.706524369631   249.230612234  
   0.709350429842   61.4705098217  
   0.712187851239             0.0  
   0.715036578075   417.133425642  
   0.717896722797   182.334679587  
   0.720768342898   176.127993704  
   0.723651380715   57.7306798882  
   0.726546009278   109.595829645  
    0.72945217056   127.851561398  
   0.732369981607   187.725423571  
   0.735299502293   121.022057019  
   0.738240672671   112.123415897  
   0.741193612111   130.990638248  
   0.744158442711   129.982977583  
   0.747135042275   256.963109304  
   0.750123594847             0.0  
   0.753124100979             0.0  
   0.756136560078   115.528415318  
   0.759161097933   184.597510437  
    0.76219777895    116.71531559  
   0.765246538827             0.0  
   0.768307571306             0.0  
   0.771380745977   125.338637603  
   0.774466325285             0.0  
   0.777564177525   136.880770314  
    0.78067443531             0.0  
   0.783797098384   61.6134434318  
   0.786932302339             0.0  
   0.790080047785             0.0  
   0.793240334132    75.693614054  
   0.796413299943   62.4749088724  
   0.799598945532   62.5980342512  
   0.802797341314   202.246603699  
   0.806008558748             0.0  
   0.809232597891   61.9223867739  
    0.81246953061             0.0  
   0.815719429854   65.5329535763  
    0.81898229545   64.3880363783  
   0.822258200786   81.1870723774  
   0.825547220369             0.0  
   0.828849429845             0.0  
   0.832164829396   65.7663041721  
   0.835493495177   152.194784509  
   0.838835426658   135.840648234  
   0.842190778997   138.814895569  
    0.84555955283   334.647784056  
   0.848941827263   134.872546902  
   0.852337602258   202.899020157  
    0.85574695751   276.096874737  
   0.859169892294   75.5925525436  
   0.862606569239   219.577871932  
   0.866056988902    74.637567682  
   0.869521234191   136.825661737  
   0.872999305016   349.650580448  
   0.876491284963   559.851477785  
   0.879997258979   563.213647144  
   0.883517313402   560.947313073  
   0.887051361841   704.303781554  
    0.89059957708   348.372769078  
   0.894161959174   159.958930566  
   0.897738595996             0.0  
   0.901329576884   149.651364674  
   0.904934902051             0.0  
    0.90855457033   75.7224546627  
   0.912188855376   670.612942752  
    0.91583757419   299.191386746  
   0.919500910695   220.793862453  
    0.92317895905   162.294924057  
   0.926871624892             0.0  
   0.930579096884   232.902187084  
   0.934301471767   80.7606049199  
   0.938038653215   160.194382463  
   0.941790834809             0.0  
   0.945558017068   75.1722158019  
   0.949340199073   74.5567566278  
   0.953137579495             0.0  
   0.956950159285             0.0  
   0.960777937946             0.0  
   0.964621016469   168.582796955  
   0.968479497641   154.824827592  
   0.972353486075   164.235944923  
    0.97624287733             0.0  
   0.980147774721   85.9873259825  
   0.984068390582    83.963283957  
   0.988004726545   85.9228646601  
   0.991956673874   160.138880359  
   0.995924557853   320.645183777  
    0.99990827019    79.984061313  
     1.0039079206   79.8193158751  
    1.00792350839             0.0  
    1.01195514463             0.0  
    1.01600305669    84.710833245  
    1.02006701708             0.0  
     1.0241472537             0.0  
    1.02824388327             0.0  
    1.03235690673   168.569204749  
    1.03648632346   81.1621748898  
    1.04063225109             0.0  
    1.04479480945   90.8823421062  
    1.04897399887   185.927278365  
     1.0531698181   81.3685259244  
    1.05738251166   86.8825661762  
    1.06161208096             0.0  
    1.06585852578   79.4809406773  
    1.07012197099   81.4986006091  
    1.07440241613             0.0  
    1.07870005221    83.512678565  
    1.08301481519   85.4127750629  
    1.08734689895             0.0  
    1.09169630414   86.5002415437  
    1.09606302978             0.0  
    1.10044734116             0.0  
    1.10484910523             0.0  
    1.10926852335             0.0  
     1.1137055958             0.0  
    1.11816039035   186.364327671  
    1.12263304497             0.0  
    1.12712355978   268.205817511  
    1.13163207491   180.954246206  
    1.13615859041    186.72326421  
    1.14070324858   273.364922359  
    1.14526604943             0.0  
    1.14984706437             0.0  
    1.15444651285             0.0  
    1.15906424797   92.8992453427  
    1.16370056586   86.8263698245  
    1.16835531727   93.9556107369  
    1.17302872701   101.865163023  
    1.17772087188             0.0  
    1.18243175198   195.513424456  
    1.18716144357   90.7404154606  
    1.19191010218             0.0  
    1.19667772807   97.7276525199  
     1.2014644794   291.210380427  
    1.20627035656             0.0  
    1.21109543928   205.281132732  
      1.215939808   93.5569522148  
    1.22080354391             0.0  
    1.22568681206   284.010693373  
     1.2305895296   207.128168072  
    1.23551186248   104.936811391  
    1.24045389501             0.0  
     1.2454157123   97.8007692576  
     1.2503974003   197.911880098  
    1.25539895864   222.214745786  
    1.26042056078             0.0  
    1.26546229526             0.0  
    1.27052416224             0.0  
    1.27560624992   100.030924991  
    1.28070864744   303.891440644  
    1.28583144485   202.067887039  
    1.29097482537   97.9839068087  
    1.29613869727    207.58189138  
    1.30132324497             0.0  
    1.30652856241    436.42464981  
    1.31175464935   315.654151656  
    1.31700169547   642.664454136  
     1.3222697011             0.0  
    1.32755876203   318.418578341  
    1.33286897515   209.682847901  
    1.33820043842   216.348574353  
    1.34355325091    110.12885156  
    1.34892751285             0.0  
    1.35432322412   566.182132837  
    1.35974048482             0.0  
    1.36517949934   115.110762394  
    1.37064016475   118.466680986  
      1.376122687             0.0  
    1.38162727663             0.0  
    1.38715372296    240.59723159  
    1.39270234299   225.739172709  
    1.39827313727   118.300703948  
    1.40386621331             0.0  
    1.40948167992   343.344023075  
    1.41511964725   119.036524434  
    1.42078011516             0.0  
    1.42646319391             0.0  
    1.43216910863             0.0  
    1.43789774632             0.0  
    1.44364933409   127.033699163  
    1.44942398792             0.0  
    1.45522170815             0.0  
    1.46104249287             0.0  
     1.4668866951   117.949242671  
    1.47275431694   131.979179334  
    1.47864523734   135.212990002  
    1.48455981683             0.0  
    1.49049805659    119.81023978  
    1.49646007942             0.0  
    1.50244588491   119.491928435  
    1.50845572211   121.516105039  
    1.51448959202   121.657386856  
    1.52054749331             0.0  
     1.5266296802             0.0  
    1.53273615283   251.319818871  
    1.53886717105             0.0  
    1.54502260448             0.0  
    1.55120271558   356.645566357  
    1.55740750452             0.0  
    1.56363710436   130.416588205  
    1.56989165006   251.650211424  
    1.57617127854             0.0  
    1.58247599015   125.299634051  
    1.58880592249             0.0  
    1.59516107439             0.0  
    1.60154172603   245.143610805  
    1.60794787812   126.369514172  
    1.61437967308             0.0  
    1.62083725547   400.311389534  
    1.62732047899   130.568256132  
    1.63382978091             0.0  
     1.6403651635             0.0  
    1.64692662655             0.0  
    1.65351431859             0.0  
    1.66012839044   531.496311153  
    1.66676884154   260.707425544  
    1.67343597864   266.337880525  
    1.68012964726    143.16425789  
     1.6868501577   268.438328975  
    1.69359766897             0.0  
    1.70037202268   264.212051854  
    1.70717353647             0.0  
    1.71400221054             0.0  
    1.72085820633             0.0  
    1.72774168785   137.532603209  
    1.73465265526             0.0  
    1.74159127391   286.920203416  
    1.74855754262   157.141832775  
    1.75555179861   396.792542995  
    1.76257404347   271.370418016  
    1.76962427614   131.387401207  
    1.77670284213   413.714085064  
    1.78380956722   273.484633825  
    1.79094480125   153.954700191  
    1.79810872371   561.265521604  
    1.80530115645             0.0  
    1.81252227635   911.895647189  
    1.81977244648   897.136671846  
    1.82705148476   1164.71871407  
    1.83435957276   291.490088936  
    1.84169708283   439.782175648  
    1.84906382895   1190.58571818  
    1.85646018835   742.458192315  
     1.8638859709   152.024616874  
    1.87134155879   149.920350586  
    1.87882695303   461.731836331  
    1.88634215182   489.399701272  
    1.89388754731             0.0  
    1.90146314133   303.970777197  
    1.90906893284             0.0  
    1.91670532438   159.963709951  
    1.92437211384   160.015108878  
    1.93206950273   486.201648134  
    1.93979790433   672.835999716  
    1.94755711267   327.834241539  
    1.95534733522   300.028538362  
    1.96316856994   168.860185925  
    1.97102124165   159.664448371  
    1.97890535251             0.0  
    1.98682112011             0.0  
    1.99476832565   464.665770486  
    2.00274740602   347.485515334  
    2.01075836178   824.587442814  
    2.01880141589   329.529575663  
    2.02687656812   178.841209868  
    2.03498404427             0.0  
    2.04312407431   336.949576022  
    2.05129665965   478.022326967  
     2.0595017986   333.472001777  
    2.06773972286    159.78063218  
    2.07601066845   320.091291546  
    2.08431463547   503.817262667  
    2.09265210542   165.109166702  
    2.10102259513   337.086874672  
    2.10942658742   369.903355316  
    2.11786432936   1675.84390566  
    2.12633582256   322.301249111  
    2.13484131755    329.06796674  
     2.1433805613    463.52886753  
    2.15195405802   1019.10750868  
    2.16056193754   836.833963703  
    2.16920420033   1041.45700637  
    2.17788097479   837.195522156  
     2.1865925224   1203.45309309  
    2.19533884309   2674.36230764  
    2.20412020221   2261.11492314  
    2.21293673483   2264.40097499  
    2.22178844042   2109.70884296  
    2.23067559034   1970.49843649  
    2.23959832256   2641.69551709  
    2.24855677603   4183.41613421  
    2.25755094977   5055.09643343  
    2.26658112356   5430.89375714  
    2.27564743949   5286.02677514  
    2.28475004076   5536.16189194  
    2.29388907166   8437.67766618  
    2.30306467764   6491.50986534  
    2.31227685738   7535.27622211  
    2.32152605332   13576.4174577  
    2.33081211742   11810.5386392  
    2.34013534778   11421.5699785  
    2.34949589586   11511.9596698  
     2.3588939144   7005.41991025  
    2.36832940228   8970.20727471  
    2.37780282395   9544.30496197  
    2.38731402457   7398.45477113  
    2.39686315846   7481.86970702  
    2.40645070173   11656.8665124  
    2.41607649617    8955.5427665  
    2.42574070034   7698.75472709  
    2.43544380238   7353.06473642  
    2.44518547545   4698.91316199  
    2.45496621204   6152.84847163  
    2.46478618067   4944.00306269  
    2.47464521268   4167.24662351  
    2.48454381326    3140.5718745  
    2.49448198371   2949.79237929  
    2.50445989506   1577.13474198  
       2.51447772   623.904360836  
    2.52453563299   1399.40866485  
    2.53463381022   2831.76042365  
    2.54477242968   3116.27318701  
    2.55495149062   2633.35576479  
    2.56517135243   2707.94828599  
    2.57543201517   3310.91637675  
    2.58573365996   2950.73308954  
    2.59607665626    2738.8890499  
    2.60646100556    2668.3740631  
    2.61688670542   3044.87554977  
    2.62735432224   4386.16475496  
    2.63786366667   4662.00965841  
    2.64841512134   2694.32740846  
    2.65900888157   3587.86012487  
    2.66964494773   4507.67887838  
    2.68032351485   6041.51036934  
    2.69104478018    4281.9869587  
    2.70180894321   4784.31807198  
    2.71261620574   3026.90792821  
    2.72346656674   3262.40810618  
    2.73436043466   4452.19991287  
    2.74529801844   2142.30010381  
     2.7562791092   2654.91489574  
    2.76730433452    2907.8055768  
    2.77837348379   2486.56442568  
    2.78948698116   4625.34396623  
    2.80064482621   3958.13739439  
     2.8118474517   3144.99351104  
    2.82309485907   3921.62743784  
    2.83438726773   1769.01135012  
    2.84572489981   3262.22589668  
    2.85710775442   1936.23772562  
    2.86853605393   2886.74751527  
      2.880010253    3862.1105623  
    2.89153035391   3370.21956318  
    2.90309635457   4768.72684617  
    2.91470895348    2508.0003767  
    2.92636768263   6840.91528322  
    2.93807324851   2146.32936085  
    2.94982541299   4007.90177944  
    2.96162465374   3793.73612345  
    2.97347121472   4397.89261254  
    2.98536509663   3039.59756953  
    2.99730654414   3516.83630178  
    3.00929580525   4240.68123086  
    3.02133287881   4011.48633374  
    3.03341826813   2911.46412197  
    3.04555197494   4097.22353317  
    3.05773425498   2212.49031214  
    3.06996510682   3439.21734537  
    3.08224504996    3346.6271925  
    3.09457408611   4407.67058611  
    3.10695221222   3848.54215416  
    3.11937995887   2151.87914686  
    3.13185759762   2385.46869459  
    3.14438513044   2775.31193275  
    3.15696255453   1482.62402939  
    3.16959041803   2464.38641378  
    3.18226872167   3176.36962404  
    3.19499774367   2174.60846182  
     3.2077777664   2584.95088756  
    3.22060907639   5663.53696106  
    3.23349138593   5454.60641557  
    3.24642526784   2757.74744298  
    3.25941101458   5212.49919545  
    3.27244862677   3701.82213156  
    3.28553839867   3338.71857313  
    3.29868062902   4213.02009856  
    3.31187531768   6602.51082708  
    3.32512276534   2842.29302196  
    3.33842327728   2091.93339602  
    3.35177716355   4350.57160574  
    3.36518411244   2278.72551709  
    3.37864506026   3457.92307071  
    3.39215937671   3673.36884316  
    3.40572801038   4830.02634995  
    3.41935096495   3706.16558113  
    3.43302856495   5277.22710117  
     3.4467604828   4262.09179032  
    3.46054770028   5396.62161414  
    3.47438988975   3914.48349556  
    3.48828738091   10106.6315827  
    3.50224050881   4372.03800994  
    3.51624961393   2203.19400999  
    3.53031435276    2974.8317216  
    3.54443575556   5908.14373125  
    3.55861347905   6682.00678337  
    3.57284786965   6107.83168546  
    3.58713927957   3876.87317601  
    3.60148770802   3622.31897224  
    3.61589387213   6347.46946431  
    3.63035741275   3894.20729015  
    3.64487868866   2744.22351946  
    3.65945843514   5557.49985352  
    3.67409628525   5433.65704626  
     3.6887926074    3160.4580617  
    3.70354777632    6927.6145618  
    3.71836179065   5223.24733278  
    3.73323541447    6587.0504929  
    3.74816826477   7827.42097907  
    3.76316111576   4304.46729132  
    3.77821357615    5933.1921755  
    3.79332643045     4429.156678  
    3.80849968022   6112.18825446  
    3.82373372567   3784.53762414  
    3.83902856636   6665.88766062  
    3.85438501793   7978.76820713  
    3.86980225926   7405.23180815  
    3.88528152486    7886.7034663  
    3.90082282035    5910.6931671  
    3.91642614544   10890.6665234  
     3.9320919216   9824.51634072  
    3.94782014671   6946.42252498  
    3.96361124722   5070.78079204  
     3.9794656573   8177.21545908  
    3.99538381902   8102.68468539  
    4.01136529223   7874.52268438  
    4.02741051384    6136.0509585  
    4.04352038115   5939.75852275  
    4.05969444633    7885.3252017  
    4.07593316003   8075.24155609  
    4.09223698126   9437.85887903  
    4.10860591058    11504.049087  
    4.12504041299    12055.164895  
    4.14154048768   9457.22141229  
    4.15810660581   11453.5870251  
    4.17473924737   10565.4344816  
     4.1914379294   4122.64432548  
    4.20820361671   11321.4474345  
    4.22503631116   7124.61344635  
    4.24193650599   11409.6999818  
    4.25890420203   9527.27970367  
    4.27593989945   8245.19317969  
    4.29304359811   11743.3594838  
    4.31021606223   12142.7142834  
    4.32745677891    12087.231612  
    4.34476677871    9707.0033205  
    4.36214580283   12775.1992853  
    4.37959437336   10643.3289513  
    4.39711275511   8134.97859376  
    4.41470121473   15712.4102662  
    4.43236002067   12256.0165041  
    4.45008944329   15101.3039142  
    4.46788975486   7333.12245851  
     4.4857612296   9040.40652975  
     4.5037044243   12608.1988763  
    4.52171905834   13826.6060908  
    4.53980597546   17204.4899805  
    4.55796517761   15025.6175572  
    4.57619723913   15283.5605869  
    4.59450186987   13433.3064281  
    4.61287994068   16738.3087683  
    4.63133145335   13968.5205345  
    4.64985670171   13948.8099109  
    4.66845628346   11839.6173415  
    4.68712989672    14867.914921  
    4.70587844804   15128.8778985  
    4.72470193969   11617.5459386  
    4.74360098925   17303.7156208  
    4.76257528571   13053.3685572  
    4.78162544951   17410.1807289  
    4.80075211388   15619.3615437  
    4.81995496102   12470.3999629  
    4.83923495122   11931.8644263  
    4.85859176224   10629.4190584  
    4.87802637057   14940.3305667  
    4.89753844961   13573.7587766  
     4.9171283236   16696.7160715  
    4.93679699404   11629.5826758  
    4.95654412786   16633.3511785  
    4.97637040127   16901.1593171  
    4.99627581409   15297.9827358  
    5.01626105463   17646.2290452  
    5.03632612401   11404.1604087  
    5.05647136933    19329.038671  
    5.07669714118   14716.0530144  
    5.09700379373   19665.1690537  
    5.11739204703   15386.6197436  
    5.13786154103   17201.3978258  
    5.15841300039    15060.609729  
    5.17904679429   17866.4682657  
    5.19976292187   18596.0071729  
    5.22056175127   13722.6779004  
    5.24144403461   19730.1842195  
    5.26240977412   22252.7178982  
    5.28345973627   18958.8090798  
    5.30459353645   18087.5612954  
    5.32581194655   19799.2012992  
    5.34711496429   18793.6587609  
     5.3685033765   22797.4566247  
    5.38997758533   23072.1847223  
     5.4115375925   18420.8414966  
    5.43318339149   22387.0647144  
    5.45491620212    21647.669951  
    5.47673603057   15733.7179703  
    5.49864287472   20496.8883276  
    5.52063756715   21237.4344242  
    5.54272010896   19801.9310989  
    5.56489092113   20824.2362984  
    5.58715042976   18664.8190573  
    5.60949906616   25283.4565674  
    5.63193726694   22146.7182971  
    5.65446458961   19106.9957178  
    5.67708279786   23345.6274584  
    5.69979100731   22412.4648842  
    5.72259010817   19347.2510188  
    5.74548055411   22138.4086297  
    5.76846234429   27450.2754846  
      5.791536397   24604.3382853  
    5.81470224819   26489.5721545  
    5.83796129572   27048.3579225  
    5.86131307274    28374.707922  
    5.88475852542   24844.3129665  
    5.90829717285   18433.0502619  
    5.93193045656    25097.732151  
    5.95565838363   23353.2398708  
    5.97948095214   32658.9964141  
    6.00339864953   20518.8740352  
    6.02741247236   19874.6616458  
    6.05152192044   25526.8919601  
    6.07572799998    31108.088701  
    6.10003122573   28248.7335589  
    6.12443108191   24502.6224857  
    6.14892911878   21973.7826619  
    6.17352481846   28543.5956695  
    6.19821869966   31785.9813855  
    6.22301182415   26283.2635281  
    6.24790365848   31407.9221113  
    6.27289527528   33122.9069538  
    6.29798667496   33551.4245413  
    6.32317895437   34095.0424608  
    6.34847156357   28385.1795163  
    6.37386561103   33527.7277568  
    6.39936109829   32951.5491034  
    6.42495858819   33587.8130162  
    6.45065807628    32414.322582  
    6.47646070858   27867.2152714  
    6.50236648851   37532.3614059  
    6.52837599909   27335.5256824  
    6.55448983217   29996.9110338  
    6.58070739056    28635.732926  
     6.6070304631   30151.5212687  
    6.63345845158   33298.4817895  
    6.65999256893   30842.7533532  
    6.68663220164   32103.2659596  
    6.71337857646   26198.0085987  
     6.7402323211   34642.9754093  
    6.76719343966   27477.4855751  
    6.79426192596   27723.2140828  
    6.82143905059   22143.3496146  
    6.84872481713   23211.1034838  
    6.87611987273   32547.1214558  
    6.90362421565   31126.6933878  
    6.93123849806   40306.3602354  
    6.95896338267   38367.5179365  
    6.98679954287   33727.6429422  
    7.01474698239   30007.2830636  
    7.04280569424   30074.7032958  
    7.07097704376   28124.0409352  
    7.09926103526   37620.6231334  
    7.12765766225   31123.1141401  
    7.15616832394   32988.7970662  
    7.18479302568   39933.5077925  
    7.21353248167   38656.1777438  
    7.24238669254   30405.3114736  
    7.27135637916   38367.4019515  
    7.30044153741   24507.2243345  
    7.32964289499   38403.4528828  
    7.35896194108    36757.504453  
    7.38839793625   25642.1794922  
    7.41795162807   34785.1366579  
     7.4476230097   32078.1084243  
    7.47741360958   27343.8666229  
    7.50732343484   39869.2674085  
    7.53735248125   41759.9392633  
    7.56750152509   34878.8889225  
     7.5977721547   36257.7819143  
    7.62816277835   34797.6578852  
    7.65867579796    40133.488313  
    7.68931040992   35816.8884699  
    7.72006742165    36012.892767  
    7.75094765492   33710.4042164  
    7.78195194613   35459.5645873  
    7.81307945788   23284.8528478  
    7.84433186727   38525.1321667  
    7.87570917764   33462.8257838  
    7.90721224521   35549.2362308  
    7.93884106988   35380.7280975  
    7.97059651818   40139.6659204  
    8.00247858663   31870.1537538  
    8.03448815236     41152.29503  
    8.06662610855   31419.9618312  
    8.09889336484   39988.1879229  
     8.1312881039   32794.1572747  
    8.16381396885   40938.9171114  
    8.19646913217   34329.6278757  
    8.22925450488   28130.0922233  
    8.26217195928   36705.1755963  
     8.2952205599     29774.12827  
    8.32840124719   33846.7115372  
    8.36171497933    38934.822416  
    8.39516175769   34946.8087312  
    8.42874255349   37352.8726845  
    8.46245736585   35499.5335718  
     8.4963071794   31111.2722703  
    8.53029299759    39532.840144  
    8.56441381387   36843.0999409  
    8.59867164433   33959.5105703  
    8.63306597974   31434.3751866  
    8.66759835958   34692.0697222  
    8.70226878849   37643.8512564  
    8.73707778582    29856.135802  
    8.77202587434    33868.553943  
    8.80711411676   42811.5627781  
    8.84234251506   43895.9446201  
    8.87771214789   32655.2279734  
    8.91322301618    37571.266564  
    8.94887566111   34035.9486409  
    8.98467118599   40591.3195647  
    9.02061015324   36817.6955782  
    9.05669256222   31531.6859209  
    9.09291897023   43469.8456503  
    9.12929109163   33235.4844743  
    9.16580777681   39781.2484727  
    9.20247133927   33580.7447153  
     9.2392812011   44395.5334672  
    9.27623794181   32463.0621889  
    9.31334334528   37644.4913564  
    9.35059681985   31424.5319922  
    9.38799895942   34156.7573639  
    9.42555097729    33208.386099  
    9.46325287276    33609.666823  
    9.50110587927   33551.1325611  
    9.53911062623   19901.4659208  
    9.57726711423   31022.5072501  
    9.61557596868   41279.7458641  
    9.65403846516   25592.2173332  
    9.69265460608    31120.272986  
    9.73142503402    19823.203154  
    9.77035105768   18387.2937179  
    9.80943201648   24090.3330637  
    9.84866989689   17327.7314569  
    9.88806470579   31565.2893168  
    9.92761711669   20734.2886798  
    9.96732712253   24946.8692715  
    10.0071967787   26934.3443964  
    10.0472253989   20398.6650233  
    10.0874143706   270800.663205  
