      wave_micron            flux_mjy  
  0.0151862453319                 0.0  
  0.0152415497594                 0.0  
  0.0153025154167                 0.0  
  0.0153637250122                 0.0  
   0.015425180221                 0.0  
  0.0154868810502                 0.0  
  0.0155488291952                 0.0  
  0.0156110246563                 0.0  
    0.01567346915                 0.0  
  0.0157361626703                 0.0  
  0.0157991069548                 0.0  
   0.015862303773                 0.0  
  0.0159257531313                 0.0  
  0.0159894550112                 0.0  
  0.0160534130204                 0.0  
  0.0161176271782                 0.0  
    0.01618209748                 0.0  
  0.0162468257657                 0.0  
  0.0163118139096                 0.0  
  0.0163770600225                 0.0  
  0.0164425678735                 0.0  
  0.0165083393984                 0.0  
  0.0165743726785                 0.0  
  0.0166406696301                 0.0  
  0.0167072322062                 0.0  
  0.0167740623974                 0.0  
  0.0168411572105                 0.0  
   0.016908522642                 0.0  
  0.0169761566919                 0.0  
  0.0170440613842                 0.0  
  0.0171122377454                 0.0  
  0.0171806857636                 0.0  
  0.0172494085612                 0.0  
  0.0173184061489                 0.0  
  0.0173876806522                 0.0  
  0.0174572310007                 0.0  
  0.0175270593267                 0.0  
  0.0175971678042                 0.0  
  0.0176675564402                 0.0  
  0.0177382274428                 0.0  
  0.0178091796948                 0.0  
  0.0178804165444                 0.0  
  0.0179519379969                 0.0  
  0.0180237463309                 0.0  
  0.0180958415518                 0.0  
  0.0181682248063                 0.0  
  0.0182408972502                 0.0  
  0.0183138612366                 0.0  
  0.0183871167722                 0.0  
  0.0184606650422                 0.0  
  0.0185345072419                 0.0  
  0.0186086458034                 0.0  
  0.0186830795002                 0.0  
  0.0187578120217                 0.0  
  0.0188328433799                 0.0  
   0.018908174824                 0.0  
  0.0189838076149                 0.0  
  0.0190597430247                 0.0  
  0.0191359823377                 0.0  
  0.0192125255433                 0.0  
  0.0192893765535                 0.0  
  0.0193665340651                 0.0  
  0.0194439993799                 0.0  
  0.0195217751624                 0.0  
  0.0195998627725                 0.0  
  0.0196782622126                 0.0  
  0.0197569748375                 0.0  
  0.0198360034085                 0.0  
  0.0199153465324                 0.0  
  0.0199950084036                 0.0  
  0.0200749890399                 0.0  
  0.0201552884287                 0.0  
  0.0202359094264                 0.0  
  0.0203168534892                 0.0  
  0.0203981206156                 0.0  
   0.020479713743                 0.0  
  0.0205616313812                 0.0  
  0.0206438779969                 0.0  
  0.0207264536059                 0.0  
  0.0208093597257                 0.0  
  0.0208925978913                 0.0  
  0.0209761680966                 0.0  
  0.0210600718742                 0.0  
  0.0211443123573                 0.0  
  0.0212288895558                 0.0  
  0.0213138050564                 0.0  
   0.021399060464                 0.0  
  0.0214846574026                 0.0  
  0.0215705958681                 0.0  
   0.021656877484                 0.0  
  0.0217435055676                 0.0  
  0.0218304801344                 0.0  
  0.0219178011671                 0.0  
  0.0220054720439                 0.0  
  0.0220934944899                 0.0  
  0.0221818685095                 0.0  
  0.0222705958296                 0.0  
  0.0223596781988                 0.0  
  0.0224491173879                 0.0  
  0.0225389133917                 0.0  
  0.0226290697965                 0.0  
  0.0227195847868                 0.0  
  0.0228104638233                 0.0  
  0.0229017050792                 0.0  
  0.0229933122501                 0.0  
  0.0230852853412                 0.0  
  0.0231776262249                 0.0  
  0.0232703367986                 0.0  
  0.0233634189851                 0.0  
  0.0234568727853                 0.0  
  0.0235507001277                 0.0  
  0.0236449029677                 0.0  
  0.0237394812916                 0.0  
  0.0238344410841                 0.0  
  0.0239297783475                 0.0  
  0.0240254970945                 0.0  
  0.0241215993701                 0.0  
  0.0242180851719                 0.0  
  0.0243149586469                 0.0  
   0.024412217708                 0.0  
  0.0245098665449                 0.0  
  0.0246079051568                 0.0  
   0.024706337828                 0.0  
  0.0248051624068                 0.0  
  0.0249043832227                 0.0  
  0.0250040002793                 0.0  
  0.0251040180052                 0.0  
  0.0252044341848                 0.0  
  0.0253052510271                 0.0  
  0.0254064730603                 0.0  
   0.025508098007                 0.0  
  0.0256101304453                 0.0  
  0.0257125703795                 0.0  
  0.0258154201345                 0.0  
  0.0259186820709                 0.0  
  0.0260223585857                 0.0  
  0.0261264472785                 0.0  
  0.0262309529415                 0.0  
  0.0263358755693                 0.0  
  0.0264412200677                 0.0  
  0.0265469839736                 0.0  
  0.0266531722503                 0.0  
   0.026759784909                 0.0  
  0.0268668244763                 0.0  
  0.0269742909428                 0.0  
  0.0270821894517                 0.0  
  0.0271905174168                 0.0  
  0.0272992800437                 0.0  
   0.027408477344                 0.0  
  0.0275181119692                 0.0  
  0.0276281839109                 0.0  
  0.0277386958433                 0.0  
  0.0278496504844                 0.0  
  0.0279610505974                 0.0  
    0.02807289341                 0.0  
  0.0281851844569                 0.0  
   0.028297926573                 0.0  
  0.0284111169242                 0.0  
  0.0285247611853                 0.0  
  0.0286388622665                 0.0  
  0.0287534172723                 0.0  
   0.028868429072                 0.0  
  0.0289839035587                 0.0  
  0.0290998407737                 0.0  
  0.0292162376922                 0.0  
  0.0293331033349                 0.0  
   0.029450437755                 0.0  
  0.0295682378656                 0.0  
  0.0296865097975                 0.0  
  0.0298052566889                 0.0  
  0.0299244785621                 0.0  
  0.0300441753939                 0.0  
  0.0301643535589                 0.0  
  0.0302850098474                 0.0  
  0.0304061507215                 0.0  
  0.0305277762053                 0.0  
  0.0306498862764                 0.0  
  0.0307724842184                 0.0  
  0.0308955767542                 0.0  
  0.0310191571473                 0.0  
  0.0311432355684                 0.0  
   0.031267808621                 0.0  
  0.0313928797303                 0.0  
  0.0315184488667                 0.0  
  0.0316445230436                 0.0  
  0.0317711023035                 0.0  
   0.031898186641                 0.0  
  0.0320257796335                 0.0  
  0.0321538812643                 0.0  
  0.0322824988477                 0.0  
  0.0324116287246                 0.0  
  0.0325412745672                 0.0  
  0.0326714401172                 0.0  
  0.0328021253768                 0.0  
  0.0329333341384                 0.0  
  0.0330650663953                 0.0  
  0.0331973259923                 0.0  
  0.0333301168478                 0.0  
  0.0334634350245                 0.0  
  0.0335972923954                 0.0  
  0.0337316790047                 0.0  
  0.0338666068614                 0.0  
  0.0340020739821                 0.0  
  0.0341380803297                 0.0  
  0.0342746341343                 0.0  
  0.0344117312592                 0.0  
  0.0345493800619                 0.0  
  0.0346875763345                 0.0  
  0.0348263264174                 0.0  
  0.0349656324733                 0.0  
   0.035105494499                 0.0  
  0.0352459168363                 0.0  
   0.035386899479                 0.0  
  0.0355284490714                 0.0  
  0.0356705611534                 0.0  
  0.0358132446918                 0.0  
  0.0359564974426                 0.0  
  0.0361003239563                 0.0  
  0.0362447242236                 0.0  
  0.0363897028683                 0.0  
  0.0365352622447                 0.0  
  0.0366814023445                 0.0  
  0.0368281279061                 0.0  
  0.0369754413435                 0.0  
   0.037123342652                 0.0  
  0.0372718366889                 0.0  
  0.0374209234529                 0.0  
  0.0375706078835                 0.0  
  0.0377208899839                 0.0  
  0.0378717722387                 0.0  
  0.0380232597152                 0.0  
  0.0381753524251                 0.0  
  0.0383280555238                 0.0  
  0.0384813664089                 0.0  
  0.0386352929064                 0.0  
  0.0387898350439                 0.0  
  0.0389449927899                 0.0  
  0.0391007741739                 0.0  
  0.0392571765096                 0.0  
  0.0394142052156                 0.0  
  0.0395718630527                 0.0  
   0.039730150015                 0.0  
   0.039889068853                 0.0  
  0.0400486251849                 0.0  
  0.0402088218867                 0.0  
  0.0403696560937                 0.0  
  0.0405311335129                 0.0  
  0.0406932599743                 0.0  
  0.0408560325667                 0.0  
  0.0410194571599                 0.0  
  0.0411835337443                 0.0  
  0.0413482683014                 0.0  
  0.0415136608397                 0.0  
  0.0416797143802                 0.0  
  0.0418464350782                 0.0  
  0.0420138198473                 0.0  
  0.0421818748882                 0.0  
  0.0423506033619                 0.0  
  0.0425200052653                 0.0  
  0.0426900869832                 0.0  
  0.0428608452837                 0.0  
  0.0430322898797                 0.0  
  0.0432044175118                 0.0  
  0.0433772347439                 0.0  
  0.0435507449271                 0.0  
  0.0437249480686                 0.0  
   0.043899847521                 0.0  
  0.0440754466782                 0.0  
   0.044251748976                 0.0  
  0.0444287543985                 0.0  
  0.0446064699073                 0.0  
  0.0447848955181                 0.0  
  0.0449640383375                 0.0  
  0.0451438911989                 0.0  
  0.0453244684591                 0.0  
  0.0455057665374                 0.0  
  0.0456877890588                 0.0  
  0.0458705396955                 0.0  
  0.0460540221685                 0.0  
  0.0462382402479                 0.0  
  0.0464231901229                 0.0  
  0.0466088831745                 0.0  
  0.0467953194487                 0.0  
  0.0469825028285                 0.0  
  0.0471704293711                 0.0  
  0.0473591147907                 0.0  
   0.047548551218                 0.0  
  0.0477387425614                 0.0  
  0.0479296968511                 0.0  
   0.048121418203                 0.0  
  0.0483139025256                 0.0  
  0.0485071580195                 0.0  
  0.0487011888768                 0.0  
  0.0488959908834                 0.0  
  0.0490915766829                 0.0  
  0.0492879420471                 0.0  
  0.0494850955426                 0.0  
  0.0496830328255                 0.0  
  0.0498817669577                 0.0  
  0.0500812935832                 0.0  
  0.0502816170811                 0.0  
  0.0504827464078                 0.0  
  0.0506846770853                 0.0  
  0.0508874135835                 0.0  
  0.0510909650607                 0.0  
  0.0512953269164                 0.0  
  0.0515005084112                 0.0  
  0.0517065095584                 0.0  
  0.0519133398359                 0.0  
  0.0521209897077                 0.0  
  0.0523294734927                 0.0  
  0.0525387912309                 0.0  
   0.052748947809                 0.0  
  0.0529599432243                 0.0  
  0.0531717823989                 0.0  
  0.0533844703326                 0.0  
  0.0535980070184                 0.0  
  0.0538124026211                 0.0  
  0.0540276520462                 0.0  
  0.0542437603713                 0.0  
  0.0544607380071                 0.0  
  0.0546785797359                 0.0  
  0.0548972960957                 0.0  
  0.0551168817443                 0.0  
  0.0553373527706                 0.0  
  0.0555586983713                 0.0  
  0.0557809348548                 0.0  
  0.0560040567579                 0.0  
  0.0562280751482                 0.0  
  0.0564529844364                 0.0  
  0.0566787958303                 0.0  
  0.0569055150795                 0.0  
  0.0571331364721                 0.0  
  0.0573616656758                 0.0  
  0.0575911143271                 0.0  
  0.0578214765912                 0.0  
  0.0580527642567                 0.0  
  0.0582849773746                 0.0  
  0.0585181159072                 0.0  
  0.0587521858386                 0.0  
  0.0589871994171                 0.0  
  0.0592231443552                 0.0  
  0.0594600391771                 0.0  
  0.0596978776747                 0.0  
  0.0599366724289                 0.0  
  0.0601764171007                 0.0  
  0.0604171244428                 0.0  
  0.0606587944978                 0.0  
  0.0609014272165                 0.0  
   0.061145029075                 0.0  
  0.0613896133384                 0.0  
  0.0616351734263                 0.0  
  0.0618817092309                 0.0  
  0.0621292410506                 0.0  
  0.0623777552976                 0.0  
  0.0626272656272                 0.0  
  0.0628777720403                 0.0  
   0.063129288554                 0.0  
  0.0633818010893                 0.0  
  0.0636353308644                 0.0  
   0.063889870777                 0.0  
  0.0641454352523                 0.0  
  0.0644020170518                 0.0  
  0.0646596234095                 0.0  
   0.064918261695                 0.0  
  0.0651779318951                 0.0  
   0.065438641478                 0.0  
  0.0657003980535                 0.0  
  0.0659632016714                 0.0  
  0.0662270522815                 0.0  
  0.0664919653869                 0.0  
   0.066757933217                 0.0  
  0.0670249635555                 0.0  
  0.0672930643361                 0.0  
  0.0675622355631                 0.0  
   0.067832481211                 0.0  
  0.0681038134915                 0.0  
  0.0683762283497                 0.0  
   0.068649734011                 0.0  
  0.0689243304506                 0.0  
  0.0692000302551                 0.0  
  0.0694768292185                 0.0  
  0.0697547358146                 0.0  
  0.0700337543427                 0.0  
  0.0703138891334                 0.0  
  0.0705951445493                 0.0  
  0.0708775249857                 0.0  
  0.0711610348713                 0.0  
  0.0714456786688                 0.0  
  0.0717314654303                 0.0  
  0.0720183906152                 0.0  
   0.072306463311                 0.0  
  0.0725956881234                 0.0  
  0.0728860696955                 0.0  
  0.0731776174494                 0.0  
  0.0734703266627                 0.0  
  0.0737642067987                 0.0  
  0.0740592626587                 0.0  
  0.0743554990853                 0.0  
  0.0746529258973                 0.0  
  0.0749515332222                 0.0  
   0.075251340833                 0.0  
  0.0755523488135                 0.0  
  0.0758545571332                 0.0  
  0.0761579759141                 0.0  
  0.0764626051371                 0.0  
  0.0767684551004                 0.0  
  0.0770755310579                 0.0  
  0.0773838330132                 0.0  
   0.077693366195                 0.0  
  0.0780041412693                 0.0  
   0.078316158267                 0.0  
   0.078629422573                 0.0  
  0.0789439396258                 0.0  
   0.079259714919                 0.0  
  0.0795767540021                 0.0  
  0.0798950624814                 0.0  
  0.0802146403258                 0.0  
  0.0805354988643                 0.0  
  0.0808576438804                 0.0  
  0.0811810753857                 0.0  
  0.0815057991484                 0.0  
  0.0818318209987                 0.0  
  0.0821591468305                 0.0  
  0.0824877826019                 0.0  
   0.082817734337                 0.0  
  0.0831490081274                 0.0  
  0.0834816039632                 0.0  
  0.0838155279262                 0.0  
  0.0841507924355                 0.0  
  0.0844873975438                 0.0  
  0.0848253431751                 0.0  
  0.0851646483849                 0.0  
  0.0855053068237                 0.0  
  0.0858473248539                 0.0  
  0.0861907154896                 0.0  
  0.0865354787741                 0.0  
  0.0868816213016                 0.0  
  0.0872291430099                 0.0  
  0.0875780640725                 0.0  
  0.0879283778012                 0.0  
  0.0882800909551                 0.0  
  0.0886332103769                 0.0  
   0.088987742995                 0.0  
  0.0893436887586                 0.0  
  0.0897010688489                 0.0  
  0.0900598690908                 0.0  
  0.0904201109028                 0.0  
  0.0907817943694                 0.0  
  0.0911449194373                 0.0  
  0.0915095007394                 0.0  
  0.0918755382958                 0.0  
  0.0922430395187                 0.0  
  0.0926120119188                 0.0  
  0.0929824554535                 0.0  
  0.0933543853675                 0.0  
  0.0937278094776                 0.0  
  0.0941027200284                 0.0  
  0.0944791246749                 0.0  
  0.0948570471081                 0.0  
  0.0952364714898                 0.0  
  0.0956174217934                 0.0  
  0.0959998899854                 0.0  
  0.0963838840736                 0.0  
  0.0967694204686                 0.0  
  0.0971564992491                 0.0  
  0.0975451287698                 0.0  
  0.0979353090143                 0.0  
  0.0983270483749                 0.0  
  0.0987203553653                 0.0  
  0.0991152386231                 0.0  
  0.0995116981457                 0.0  
  0.0999097426147                 0.0  
    0.10030938084                 0.0  
   0.100710621762                 0.0  
   0.101113465403                 0.0  
   0.101517920754                 0.0  
   0.101923987748                 0.0  
   0.102331684696                 0.0  
   0.102741011658                 0.0  
   0.103151977956                 0.0  
   0.103564583561                 0.0  
   0.103978847424                 0.0  
   0.104394760008                 0.0  
   0.104812340481                 0.0  
   0.105231588867                 0.0  
   0.105652514907                 0.0  
   0.106075128499                 0.0  
   0.106499419612                 0.0  
   0.106925418218                 0.0  
   0.107353124484                 0.0  
   0.107782538416                 0.0  
   0.108213670222                 0.0  
   0.108646519823                 0.0  
   0.109081108043                 0.0  
   0.109517434971                 0.0  
   0.109955500532                 0.0  
   0.110395326059                 0.0  
   0.110836900777                 0.0  
   0.111280257246                 0.0  
   0.111725373653                 0.0  
   0.112172271863                 0.0  
   0.112620963053                 0.0  
   0.113071447266                 0.0  
   0.113523735783                 0.0  
   0.113977828572                 0.0  
   0.114433737023                 0.0  
   0.114891472716                 0.0  
    0.11535103565                 0.0  
   0.115812449396                 0.0  
   0.116275690229                 0.0  
   0.116740793807                 0.0  
   0.117207760277                 0.0  
   0.117676589609                 0.0  
   0.118147293948                 0.0  
   0.118619885655                 0.0  
   0.119094364748                 0.0  
   0.119570743719                 0.0  
   0.120049022526                 0.0  
    0.12052922666                 0.0  
   0.121011343361                 0.0  
   0.121495385402                 0.0  
   0.121981365789                 0.0  
   0.122469297759                 0.0  
   0.122959168018                 0.0  
   0.123451003131                 0.0  
   0.123944816734                 0.0  
   0.124440595291                 0.0  
   0.124938352277                 0.0  
   0.125438101413                 0.0  
   0.125939856671                 0.0  
   0.126443618128                 0.0  
   0.126949385666                 0.0  
   0.127457187735                 0.0  
   0.127967024514                 0.0  
   0.128478881376                 0.0  
   0.128992801948                 0.0  
   0.129508771677                 0.0  
   0.130026805273                 0.0  
   0.130546917724                 0.0  
    0.13106910909                 0.0  
   0.131593379236                 0.0  
   0.132119758725                 0.0  
   0.132648232174                 0.0  
   0.133178830608                 0.0  
   0.133711538364                 0.0  
   0.134246386932                 0.0  
   0.134783368412                 0.0  
   0.135322506858                 0.0  
   0.135863794217                 0.0  
    0.13640724667                 0.0  
   0.136952880717                 0.0  
   0.137500688072                 0.0  
   0.138050693715                 0.0  
   0.138602897709                 0.0  
   0.139157308481                 0.0  
   0.139713934513                 0.0  
   0.140272793062                 0.0  
   0.140833884164                 0.0  
   0.141397216493                 0.0  
   0.141962807704                 0.0  
   0.142530657824                 0.0  
   0.143100784789                 0.0  
    0.14367318862                 0.0  
   0.144247878329                 0.0  
   0.144824872283                 0.0  
   0.145404170505                 0.0  
   0.145985782226                 0.0  
   0.146569726264                 0.0  
   0.147156012234                 0.0  
   0.147744630509                 0.0  
   0.148335609884                 0.0  
   0.148928950407                 0.0  
   0.149524671689                 0.0  
   0.150122763818                 0.0  
   0.150723256556                 0.0  
   0.151326149986                 0.0  
   0.151931454179                 0.0  
   0.152539179298                 0.0  
   0.153149335602                 0.0  
   0.153761933445                 0.0  
    0.15437698328                 0.0  
   0.154994495661                 0.0  
   0.155614470527                 0.0  
   0.156236929183                 0.0  
   0.156861871606                 0.0  
   0.157489319487                 0.0  
   0.158119283907                 0.0  
   0.158751753754                 0.0  
   0.159386762292                 0.0  
   0.160024309612                 0.0  
   0.160664406987                 0.0  
   0.161307065808                 0.0  
   0.161952297587                 0.0  
   0.162600102255                 0.0  
   0.163250503087                 0.0  
   0.163903500077                 0.0  
   0.164559116943                 0.0  
   0.165217353748                 0.0  
   0.165878222483                 0.0  
   0.166541735275                 0.0  
   0.167207904386                 0.0  
   0.167876742216                 0.0  
   0.168548248734                 0.0  
   0.169222436325                 0.0  
   0.169899330296                 0.0  
   0.170578917867                 0.0  
   0.171261237522                 0.0  
   0.171946289458                 0.0  
   0.172634073617                 0.0  
   0.173324602972                 0.0  
   0.174017904054                 0.0  
   0.174713976962                 0.0  
   0.175412835149                 0.0  
   0.176114478504                 0.0  
   0.176818948161                 0.0  
   0.177526216562                 0.0  
   0.178236325294                 0.0  
   0.178949274492                 0.0  
   0.179665064019                 0.0  
   0.180383722267                 0.0  
    0.18110526375                 0.0  
   0.181829673902                 0.0  
   0.182556996418                 0.0  
   0.183287231512                 0.0  
   0.184020379125                 0.0  
    0.18475645402                 0.0  
   0.185495486389                 0.0  
   0.186237461056                 0.0  
   0.186982408495                 0.0  
   0.187730344282                 0.0  
   0.188481268478                 0.0  
    0.18923519671                 0.0  
    0.18999212884                 0.0  
   0.190752096649                 0.0  
   0.191515116419                 0.0  
    0.19228117193                 0.0  
   0.193050295632                 0.0  
   0.193822487473                 0.0  
   0.194597780629                 0.0  
   0.195376175252                 0.0  
   0.196157688231                 0.0  
   0.196942319531                 0.0  
    0.19773008612                 0.0  
   0.198521005214                 0.0  
   0.199315094279                 0.0  
   0.200112353314                 0.0  
    0.20091279988                 0.0  
   0.201716451797                 0.0  
   0.202523308997                 0.0  
   0.203333407701                 0.0  
   0.204146748093                 0.0  
   0.204963330048                 0.0  
   0.205783171868                 0.0  
   0.206606311029                 0.0  
   0.207432728761                 0.0  
   0.208262462965                 0.0  
   0.209095513742                 0.0  
   0.209931900383                 0.0  
   0.210771622814                 0.0  
   0.211614720282                 0.0  
   0.212461173033                 0.0  
   0.213311020775                 0.0  
   0.214164263564                 0.0  
   0.215020921596                 0.0  
   0.215880994763                 0.0  
    0.21674452421                 0.0  
   0.217611510156                 0.0  
   0.218481952493                 0.0  
   0.219355872072                 0.0  
   0.220233311555                 0.0  
   0.221114228075                 0.0  
   0.221998686117                 0.0  
   0.222886685943                 0.0  
   0.223778227476                 0.0  
   0.224673354985                 0.0  
   0.225572046251                 0.0  
   0.226474323402                 0.0  
   0.227380231819                 0.0  
   0.228289748794                 0.0  
   0.229202897043                 0.0  
   0.230119723105                 0.0  
   0.231040203786                 0.0  
   0.231964362419                 0.0  
   0.232892222738                 0.0  
   0.233823784687                 0.0  
   0.234759072245                 0.0  
   0.235698109808                 0.0  
   0.236640897408                 0.0  
   0.237587459704                 0.0  
   0.238537821784                 0.0  
   0.239491983793                 0.0  
   0.240449945509                 0.0  
   0.241411732136                 0.0  
   0.242377395329                 0.0  
   0.243346883189                 0.0  
    0.24432027388                 0.0  
   0.245297567815                 0.0  
   0.246278765038                 0.0  
    0.24726386522                 0.0  
   0.248252922202                 0.0  
   0.249245936192                 0.0  
   0.250242934734                 0.0  
   0.251243889998                 0.0  
   0.252248857367                 0.0  
   0.253257865238                 0.0  
   0.254270885298                 0.0  
   0.255287974471                 0.0  
   0.256309132972                 0.0  
   0.257334360629                 0.0  
   0.258363715964                 0.0  
   0.259397169641                 0.0  
   0.260434751023                 0.0  
   0.261476490028                 0.0  
   0.262522386629                 0.0  
   0.263572471153                 0.0  
   0.264626774498                 0.0  
   0.265685265663                 0.0  
   0.266748006725                 0.0  
   0.267814997867                 0.0  
   0.268886270863                 0.0  
   0.269961825843                 0.0  
   0.271041662523                 0.0  
   0.272125829369                 0.0  
   0.273214342954                 0.0  
   0.274307186659                 0.0  
   0.275404426841                 0.0  
   0.276506046976                 0.0  
   0.277612063688                 0.0  
   0.278722510916                 0.0  
   0.279837405931                 0.0  
   0.280956748664                 0.0  
   0.282080573835                 0.0  
     0.2832088991                 0.0  
   0.284341742253                 0.0  
   0.285479103186                 0.0  
   0.286621017715                 0.0  
    0.28776750405                 0.0  
   0.288918580543                 0.0  
   0.290074247075                 0.0  
   0.291234540623                 0.0  
   0.292399479992                 0.0  
   0.293569084143                 0.0  
   0.294743352973                 0.0  
   0.295922324686                 0.0  
   0.297106018732                 0.0  
    0.29829443504                 0.0  
    0.29948761278                 0.0  
   0.300685571921                 0.0  
   0.301888312441                 0.0  
    0.30309587452                 0.0  
   0.304308258181                 0.0  
   0.305525483642                 0.0  
   0.306747592131                 0.0  
   0.307974583754                 0.0  
   0.309206479307                 0.0  
   0.310443299785                 0.0  
   0.311685066389                 0.0  
   0.312931822196                 0.0  
   0.314183545656                 0.0  
   0.315440280101                 0.0  
   0.316702047589                 0.0  
   0.317968848024                 0.0  
   0.319240725932                 0.0  
   0.320517681318                 0.0  
    0.32179975953                 0.0  
   0.323086960685                 0.0  
   0.324379307693                 0.0  
   0.325676823708                 0.0  
   0.326979532134                 0.0  
   0.328287432778                 0.0  
   0.329600597068                 0.0  
   0.330919001291                 0.0  
   0.332242669315                 0.0  
   0.333571649902                 0.0  
   0.334905918403                 0.0  
   0.336245548955                 0.0  
   0.337590541904                 0.0  
   0.338940897082                 0.0  
   0.340296665061                 0.0  
   0.341657845854                 0.0  
   0.343024491036                 0.0  
   0.344396574568                 0.0  
   0.345774174887                 0.0  
   0.347157265742                 0.0  
   0.348545900161                 0.0  
   0.349940078147                 0.0  
   0.351339826487                 0.0  
   0.352745199837                 0.0  
   0.354156170793                 0.0  
   0.355572794473                 0.0  
   0.356995099023                 0.0  
   0.358423056085                 0.0  
   0.359856750479                 0.0  
   0.361296182545                 0.0  
   0.362741381197                 0.0  
   0.364192346371                 0.0  
   0.365649107033                 0.0  
   0.367111692529                 0.0  
   0.368580162657                 0.0  
   0.370054457347                 0.0  
   0.371534697329                 0.0  
   0.373020821886                 0.0  
   0.374512922982                 0.0  
   0.376010969812                 0.0  
   0.377514993083                 0.0  
   0.379025055715                 0.0  
   0.380541157981                 0.0  
    0.38206333188                 0.0  
   0.383591577294                 0.0  
   0.385125959166                 0.0  
   0.386666444678                 0.0  
   0.388213132782                 0.0  
   0.389765956915                 0.0  
   0.391325051123                 0.0  
   0.392890348197                 0.0  
   0.394461915901                 0.0  
   0.396039754161                 0.0  
   0.397623897285                 0.0  
   0.399214415358                 0.0  
   0.400811273444                 0.0  
   0.402414506544                 0.0  
   0.404024150177                 0.0  
   0.405640240394                 0.0  
   0.407262813787                 0.0  
   0.408891870496                 0.0  
    0.41052744734                 0.0  
   0.412169544098                 0.0  
   0.413818235712                 0.0  
   0.415473484303                 0.0  
   0.417135404168                 0.0  
   0.418803918566                 0.0  
   0.420479143282                 0.0  
    0.42216107887                 0.0  
   0.423849725244                 0.0  
    0.42554512175                 0.0  
   0.427247308353                 0.0  
   0.428956284932                 0.0  
   0.430672091755                 0.0  
   0.432394811114                 0.0  
   0.434124360447                 0.0  
   0.435860864087                 0.0  
   0.437604322571                 0.0  
   0.439354735776                 0.0  
   0.441112145969                 0.0  
    0.44287659611                 0.0  
   0.444648086107                 0.0  
   0.446426703405                 0.0  
   0.448212404196                 0.0  
   0.450005232208                 0.0  
   0.451805277075                 0.0  
    0.45361249401                 0.0  
   0.455426927892                 0.0  
    0.45724867063                 0.0  
    0.45907762982                 0.0  
    0.46091394446                 0.0  
   0.462757615155                 0.0  
   0.464608641808                 0.0  
   0.466467071771                 0.0  
   0.468332953209                 0.0  
   0.470206286192                 0.0  
   0.472087119393                 0.0  
   0.473975452618                 0.0  
   0.475871335061                 0.0  
   0.477774816778                 0.0  
    0.47968594871                 0.0  
   0.481604680029                 0.0  
   0.483531112768                 0.0  
   0.485465247193                 0.0  
   0.487407082836                 0.0  
    0.48935672447                 0.0  
   0.491314119229                 0.0  
   0.493279373346                 0.0  
   0.495252541446                 0.0  
   0.497233514987                 0.0  
   0.499222456958                 0.0  
   0.501219368051                 0.0  
   0.503224248203                 0.0  
   0.505237153073                 0.0  
   0.507258082401   2.88965499173e-10  
   0.509287092547                 0.0  
   0.511324240917                 0.0  
   0.513369527656                 0.0  
    0.51542301092                 0.0  
   0.517484749951   1.42184529848e-10  
   0.519554685619   1.44498677203e-10  
    0.52163287653                 0.0  
   0.523719382401   1.44825947841e-10  
   0.525814264075                 0.0  
   0.527917521869   1.42242913469e-10  
    0.53002921747   1.42099987835e-10  
   0.532149351069                 0.0  
   0.534277922046   1.50862305044e-10  
   0.536415056314   3.11020961095e-10  
   0.538560690453   4.77020232749e-10  
   0.540714952292   1.51003846991e-10  
   0.542877809892   1.51084319391e-10  
   0.545049328073   1.55613501725e-10  
   0.547229506639   3.14928457115e-10  
    0.54941844476   9.93081362726e-10  
   0.551616109283   1.92801765854e-10  
   0.553822566959   3.35180804331e-10  
   0.556037851638   1.87041885157e-10  
   0.558261997412   3.24222553118e-10  
   0.560495073378   6.23103964515e-10  
   0.562737044876   2.11411138197e-10  
   0.564987981235   1.60808079866e-10  
   0.567247953161   5.32353124095e-10  
   0.569516925098   1.93920445163e-10  
   0.571795004185   5.37617780699e-10  
    0.57408219074   6.56224280896e-10  
   0.576378520968   1.55378981001e-10  
   0.578684031361   2.00461116599e-10  
   0.580998758706   3.59497400879e-10  
    0.58332274009   5.70379667749e-10  
   0.585656050859   5.33897520632e-10  
   0.587998653113   1.89884068879e-10  
   0.590350661093   7.42649183098e-10  
   0.592712075199   5.90762964207e-10  
   0.595082894929   8.96545235359e-10  
   0.597463237368   1.68160450735e-10  
   0.599853103008   7.52072222904e-10  
   0.602252491434   1.99975163885e-10  
   0.604661522677   4.10564653996e-10  
   0.607080156581   8.25697169674e-10  
   0.609508474096   8.24665506648e-10  
   0.611946516412   3.90496998935e-10  
   0.614394325111   6.35735235175e-10  
   0.616851900062   2.08769976363e-10  
   0.619319282636   8.50407409138e-10  
   0.621796557381   6.27133296246e-10  
   0.624283767493                 0.0  
   0.626780869656    4.3304016065e-10  
   0.629287993483    8.8410665019e-10  
    0.63180518347   8.99312139777e-10  
   0.634332395511   4.38269255224e-10  
   0.636869717762   9.05643503857e-10  
   0.639417195011   4.14727275677e-10  
   0.641974872512   4.08871927553e-10  
   0.644542750024   2.34165216133e-10  
   0.647120918993   1.30208085116e-09  
   0.649709426118   2.32020140795e-10  
   0.652308271514                 0.0  
   0.654917501763   7.08157215536e-10  
   0.657537163955   2.14434367005e-10  
   0.660167305694   6.88443826645e-10  
    0.66280797511   2.14203608605e-10  
   0.665459220872                 0.0  
   0.668121042799   2.29973401438e-10  
    0.67079353927   9.91922505696e-10  
   0.673476710427   4.70415040608e-10  
   0.676170605981   2.46766289945e-10  
   0.678875276214   7.29001370289e-10  
   0.681590771994   2.47577162213e-10  
   0.684317144785     4.973843791e-10  
   0.687054446662                 0.0  
    0.68980262501                 0.0  
   0.692561836779   2.43042449981e-10  
   0.695332082421   2.41694678808e-10  
   0.698113415263   2.19317577399e-10  
   0.700905889283   4.97392362355e-10  
   0.703709504325   2.89597201397e-10  
   0.706524369631   7.42581610526e-10  
   0.709350429842                 0.0  
   0.712187851239                 0.0  
   0.715036578075   2.12849843669e-10  
   0.717896722797                 0.0  
   0.720768342898   4.35172692798e-10  
   0.723651380715   4.48585678264e-10  
   0.726546009278   2.63380384202e-10  
    0.72945217056   7.48980722149e-10  
   0.732369981607   7.12399415269e-10  
   0.735299502293   7.02623767584e-10  
   0.738240672671   2.87305998713e-10  
   0.741193612111   5.05691548901e-10  
   0.744158442711   2.50809533827e-10  
   0.747135042275   2.09752789524e-10  
   0.750123594847   5.07074304687e-10  
   0.753124100979   9.84129236957e-10  
   0.756136560078     7.921816235e-10  
   0.759161097933   1.36226240434e-09  
    0.76219777895     7.396932966e-10  
   0.765246538827   5.26284324924e-10  
   0.768307571306   4.49636864605e-10  
   0.771380745977   9.54913510014e-10  
   0.774466325285   9.29030969852e-10  
   0.777564177525    5.3916368749e-10  
    0.78067443531   9.44977793787e-10  
   0.783797098384   1.48010852166e-09  
   0.786932302339   1.57644778845e-09  
   0.790080047785   1.59948261852e-09  
   0.793240334132   5.06252178312e-10  
   0.796413299943   1.79476578696e-09  
   0.799598945532     1.003767554e-09  
   0.802797341314   7.37788036464e-10  
   0.806008558748   5.68655808829e-10  
   0.809232597891   1.59680209982e-09  
    0.81246953061   1.52491660939e-09  
   0.815719429854   1.13682238568e-09  
    0.81898229545   1.38909516937e-09  
   0.822258200786   1.73181552686e-09  
   0.825547220369   8.20272288327e-10  
   0.828849429845   1.08646915781e-09  
   0.832164829396    1.1127636841e-09  
   0.835493495177   1.73477554129e-09  
   0.838835426658   1.48022164664e-09  
   0.842190778997   1.13651686842e-09  
    0.84555955283   2.87524514149e-09  
   0.848941827263   2.82700147083e-10  
   0.852337602258   1.44814884006e-09  
    0.85574695751   6.07986819642e-10  
   0.859169892294   1.76770126823e-09  
   0.862606569239   3.33671256314e-09  
   0.866056988902   2.27265275792e-09  
   0.869521234191   1.81552175877e-09  
   0.872999305016   1.17140879436e-09  
   0.876491284963   9.43504137692e-10  
   0.879997258979   3.13993892078e-10  
   0.883517313402   8.76484549736e-10  
   0.887051361841   9.33746507759e-10  
    0.89059957708   1.26372354062e-09  
   0.894161959174   2.85746589337e-09  
   0.897738595996   9.73230487208e-10  
   0.901329576884    2.9173778749e-09  
   0.904934902051   2.55920501197e-09  
    0.90855457033   3.44896359321e-10  
   0.912188855376   1.99575084052e-09  
    0.91583757419   1.64515144406e-09  
   0.919500910695   1.57789244311e-09  
    0.92317895905   3.21317942459e-10  
   0.926871624892   1.60087093117e-09  
   0.930579096884   2.26571200382e-09  
   0.934301471767   1.28104792216e-09  
   0.938038653215   2.04978182342e-09  
   0.941790834809   1.04210562146e-09  
   0.945558017068   1.86464491434e-09  
   0.949340199073     6.128876372e-10  
   0.953137579495   1.35995933434e-09  
   0.956950159285   3.34184021921e-10  
   0.960777937946   3.32050396826e-10  
   0.964621016469   7.83195592432e-10  
   0.968479497641   1.12332735192e-09  
   0.972353486075   9.98016045033e-10  
    0.97624287733   1.36289712515e-09  
   0.980147774721   2.16293888038e-09  
   0.984068390582   6.51089534292e-10  
   0.988004726545   3.65685377321e-10  
   0.991956673874   3.59197844246e-10  
   0.995924557853   6.60885831672e-10  
    0.99990827019   1.10344707465e-09  
     1.0039079206   3.58217445671e-10  
    1.00792350839   1.16951841855e-09  
    1.01195514463   7.46780831226e-10  
    1.01600305669   2.98458258866e-10  
    1.02006701708   1.50988375177e-09  
     1.0241472537   2.27254956355e-09  
    1.02824388327   2.19695147471e-09  
    1.03235690673    1.5496283058e-09  
    1.03648632346   1.54696188601e-09  
    1.04063225109   1.10640908459e-09  
    1.04479480945    1.8767290483e-09  
    1.04897399887   8.00224796334e-10  
     1.0531698181   3.66399794925e-10  
    1.05738251166    2.8960796853e-10  
    1.06161208096   4.17038691563e-10  
    1.06585852578   3.84162546044e-10  
    1.07012197099   2.19333500114e-09  
    1.07440241613   1.42980117758e-09  
    1.07870005221   1.48840199083e-09  
    1.08301481519   7.20142331033e-10  
    1.08734689895   3.65015567166e-10  
    1.09169630414                 0.0  
    1.09606302978   7.38094085366e-10  
    1.10044734116   3.47418728698e-10  
    1.10484910523   1.86369566146e-09  
    1.10926852335   7.96109011197e-10  
     1.1137055958   3.96090241046e-10  
    1.11816039035   1.09508659235e-09  
    1.12263304497   1.57540859378e-09  
    1.12712355978   1.11379697632e-09  
    1.13163207491   1.61514906068e-09  
    1.13615859041    2.0028766187e-09  
    1.14070324858   7.22171879043e-10  
    1.14526604943   1.11753132658e-09  
    1.14984706437   2.75231151503e-09  
    1.15444651285   1.50908937675e-09  
    1.15906424797   7.49634435252e-10  
    1.16370056586                 0.0  
    1.16835531727   1.94667379575e-09  
    1.17302872701    2.7032847408e-09  
    1.17772087188   7.86995514029e-10  
    1.18243175198      2.74489057e-09  
    1.18716144357   1.57567419273e-09  
    1.19191010218   2.38709984515e-09  
    1.19667772807   1.99795799765e-09  
     1.2014644794   1.15809387653e-09  
    1.20627035656     2.842605182e-09  
    1.21109543928   3.15767467711e-09  
      1.215939808   1.61336782756e-09  
    1.22080354391    4.0621223908e-09  
    1.22568681206    2.8044772963e-09  
     1.2305895296   3.83641329504e-09  
    1.23551186248    2.5663333311e-09  
    1.24045389501   2.97933437817e-09  
     1.2454157123   2.08909169929e-09  
     1.2503974003   2.03386835437e-09  
    1.25539895864   3.93501340194e-09  
    1.26042056078   4.31709126782e-09  
    1.26546229526   2.60587286695e-09  
    1.27052416224   2.86195620002e-09  
    1.27560624992   4.89504786327e-09  
    1.28070864744   3.06951591721e-09  
    1.28583144485   3.67890258236e-09  
    1.29097482537   4.41668762897e-09  
    1.29613869727   3.67781100703e-09  
    1.30132324497   3.25716675263e-09  
    1.30652856241   2.21814355084e-09  
    1.31175464935   1.90287460625e-09  
    1.31700169547   2.74999510204e-09  
     1.3222697011   3.35865880354e-09  
    1.32755876203   2.86673940779e-09  
    1.33286897515   4.71643484823e-09  
    1.33820043842    4.2660654171e-09  
    1.34355325091   8.50668069264e-09  
    1.34892751285   3.77258697501e-09  
    1.35432322412   3.36399627387e-09  
    1.35974048482   6.45494998612e-09  
    1.36517949934   3.95033331788e-09  
    1.37064016475   4.39188413923e-09  
      1.376122687   3.45934941388e-09  
    1.38162727663   2.91259770284e-09  
    1.38715372296   1.85597625162e-09  
    1.39270234299   1.43211132233e-09  
    1.39827313727   2.59237559267e-09  
    1.40386621331   3.20399070832e-09  
    1.40948167992   4.57813306795e-09  
    1.41511964725   4.95695363484e-10  
    1.42078011516   4.23580792413e-09  
    1.42646319391    5.6240796323e-10  
    1.43216910863   2.50808099157e-09  
    1.43789774632   2.65468740293e-09  
    1.44364933409   5.72531997948e-10  
    1.44942398792   1.97417423122e-09  
    1.45522170815   2.11383414939e-09  
    1.46104249287   4.33258846401e-09  
     1.4668866951   2.53927382375e-09  
    1.47275431694   4.90839252301e-10  
    1.47864523734   4.49983649945e-10  
    1.48455981683   2.66766499063e-09  
    1.49049805659    4.5726540061e-10  
    1.49646007942   2.47973503322e-09  
    1.50244588491   1.65454752006e-09  
    1.50845572211                 0.0  
    1.51448959202   2.01329722682e-09  
    1.52054749331   2.04780437342e-09  
     1.5266296802   1.05330885767e-09  
    1.53273615283   2.64450450913e-09  
    1.53886717105   1.06804916796e-09  
    1.54502260448   2.04844677461e-09  
    1.55120271558   1.57459102603e-09  
    1.55740750452   3.16042912551e-09  
    1.56363710436   5.54478422382e-09  
    1.56989165006    1.5118007809e-09  
    1.57617127854   2.15412155962e-09  
    1.58247599015   2.72197677341e-09  
    1.58880592249   1.11340901591e-09  
    1.59516107439   3.62803776641e-09  
    1.60154172603   5.31819106329e-09  
    1.60794787812   1.67148415823e-09  
    1.61437967308   5.02308211849e-09  
    1.62083725547   4.30107445653e-09  
    1.62732047899   5.74608058852e-09  
    1.63382978091   3.78933401862e-09  
     1.6403651635   4.31165846501e-09  
    1.64692662655    3.2346297592e-09  
    1.65351431859   4.00498993146e-09  
    1.66012839044   5.19534020798e-09  
    1.66676884154   3.71122859753e-09  
    1.67343597864   5.24470072415e-09  
    1.68012964726   8.95648475584e-09  
     1.6868501577   8.82873946882e-09  
    1.69359766897   7.50278043231e-09  
    1.70037202268   8.77866086139e-09  
    1.70717353647   1.09422637303e-08  
    1.71400221054   1.29455881344e-08  
    1.72085820633   7.41734729182e-09  
    1.72774168785   7.82279342121e-09  
    1.73465265526   1.34169836686e-08  
    1.74159127391   1.44657637358e-08  
    1.74855754262   1.09761744759e-08  
    1.75555179861   1.38103120277e-08  
    1.76257404347   1.34093843629e-08  
    1.76962427614   1.33497970132e-08  
    1.77670284213   1.57320901389e-08  
    1.78380956722   6.55972030497e-09  
    1.79094480125   1.62021198723e-08  
    1.79810872371   1.45497389995e-08  
    1.80530115645   1.58766950483e-08  
    1.81252227635    1.6023363866e-08  
    1.81977244648   1.62356264777e-08  
    1.82705148476   1.15812675757e-08  
    1.83435957276   1.61040652206e-08  
    1.84169708283   1.01385669677e-08  
    1.84906382895   1.39502145217e-08  
    1.85646018835   7.31113432153e-09  
     1.8638859709   1.17597140338e-08  
    1.87134155879   1.48094026675e-08  
    1.87882695303   9.38138004863e-09  
    1.88634215182   9.41556139057e-09  
    1.89388754731   1.07464085331e-08  
    1.90146314133   8.10090620623e-09  
    1.90906893284   8.69134458188e-09  
    1.91670532438    1.2167456812e-08  
    1.92437211384   1.10387049147e-08  
    1.93206950273   1.57800473662e-08  
    1.93979790433   1.62277901718e-08  
    1.94755711267   1.12011350795e-08  
    1.95534733522   1.21954298131e-08  
    1.96316856994   6.50525210354e-09  
    1.97102124165    1.3651094182e-08  
    1.97890535251   9.95524232074e-09  
    1.98682112011   7.84278071552e-09  
    1.99476832565   9.27903429148e-09  
    2.00274740602   1.08450787642e-08  
    2.01075836178    1.4909286417e-08  
    2.01880141589   1.35807797716e-08  
    2.02687656812   1.28505541021e-08  
    2.03498404427   2.03067041343e-08  
    2.04312407431   2.06589270836e-08  
    2.05129665965   2.05293514583e-08  
     2.0595017986   2.08287455825e-08  
    2.06773972286   3.14566659362e-08  
    2.07601066845   3.51716088625e-08  
    2.08431463547   3.40847023084e-08  
    2.09265210542   3.27604861594e-08  
    2.10102259513    4.1188788455e-08  
    2.10942658742    4.4833777796e-08  
    2.11786432936   4.53473656093e-08  
    2.12633582256   4.73745624499e-08  
    2.13484131755   4.20103656784e-08  
     2.1433805613   4.43377493379e-08  
    2.15195405802   3.95143002208e-08  
    2.16056193754    4.4684894577e-08  
    2.16920420033   5.72796316292e-08  
    2.17788097479   5.80043042818e-08  
     2.1865925224   7.24795942255e-08  
    2.19533884309   6.55103522179e-08  
    2.20412020221   5.97366844406e-08  
    2.21293673483   6.18784574448e-08  
    2.22178844042   6.11137278619e-08  
    2.23067559034   6.81137258901e-08  
    2.23959832256   7.36908353008e-08  
    2.24855677603   7.88843499679e-08  
    2.25755094977   9.26481126969e-08  
    2.26658112356   6.95258301636e-08  
    2.27564743949   8.76870703528e-08  
    2.28475004076   7.62000363747e-08  
    2.29388907166   7.41817596413e-08  
    2.30306467764   8.44989807361e-08  
    2.31227685738   7.12807553684e-08  
    2.32152605332    8.5732831279e-08  
    2.33081211742   9.37987109732e-08  
    2.34013534778   9.88536987088e-08  
    2.34949589586   8.54193560903e-08  
     2.3588939144   9.88580560613e-08  
    2.36832940228   7.96720337055e-08  
    2.37780282395   8.94924333119e-08  
    2.38731402457   9.59551968895e-08  
    2.39686315846   6.77794066015e-08  
    2.40645070173    7.9032297254e-08  
    2.41607649617   7.69565111045e-08  
    2.42574070034   7.03271744819e-08  
    2.43544380238   9.63397998508e-08  
    2.44518547545    8.6408185707e-08  
    2.45496621204   9.13558633155e-08  
    2.46478618067   6.36848231878e-08  
    2.47464521268   8.19226715249e-08  
    2.48454381326   6.01796662996e-08  
    2.49448198371   8.81541505736e-08  
    2.50445989506   8.73668457823e-08  
       2.51447772   9.21562800668e-08  
    2.52453563299   6.89527553487e-08  
    2.53463381022   7.48568693313e-08  
    2.54477242968   8.22015772676e-08  
    2.55495149062   1.05476666261e-07  
    2.56517135243   8.30356897542e-08  
    2.57543201517   9.56528957934e-08  
    2.58573365996    7.8159260859e-08  
    2.59607665626   1.05822206995e-07  
    2.60646100556   7.78258471393e-08  
    2.61688670542   9.33152953591e-08  
    2.62735432224   1.05897490181e-07  
    2.63786366667   9.87009496568e-08  
    2.64841512134   1.00549077203e-07  
    2.65900888157   1.20731292652e-07  
    2.66964494773   1.20483744175e-07  
    2.68032351485   1.20667389097e-07  
    2.69104478018   1.26469574348e-07  
    2.70180894321   9.78364862841e-08  
    2.71261620574   9.89361265102e-08  
    2.72346656674   9.17375032564e-08  
    2.73436043466   1.07794574583e-07  
    2.74529801844   9.69364615816e-08  
     2.7562791092   8.52726281557e-08  
    2.76730433452   8.85928710514e-08  
    2.77837348379   9.18503783098e-08  
    2.78948698116   1.11439269486e-07  
    2.80064482621   9.85052408888e-08  
     2.8118474517   1.01743047581e-07  
    2.82309485907   1.08402309255e-07  
    2.83438726773   9.63840028013e-08  
    2.84572489981   9.68507876917e-08  
    2.85710775442   9.52705033763e-08  
    2.86853605393   8.61762368735e-08  
      2.880010253   7.74897939309e-08  
    2.89153035391   7.50211522617e-08  
    2.90309635457   6.86096595354e-08  
    2.91470895348   7.53067872932e-08  
    2.92636768263   8.18783339913e-08  
    2.93807324851    7.4881561719e-08  
    2.94982541299   7.60811230849e-08  
    2.96162465374   6.46270921448e-08  
    2.97347121472   7.36973096349e-08  
    2.98536509663   4.21444352453e-08  
    2.99730654414   6.89365356126e-08  
    3.00929580525    5.3299179785e-08  
    3.02133287881   5.25516626012e-08  
    3.03341826813   4.62057701752e-08  
    3.04555197494    4.4503549211e-08  
    3.05773425498   4.69816617398e-08  
    3.06996510682   3.77566997331e-08  
    3.08224504996   3.02348378042e-08  
    3.09457408611    3.3866513478e-08  
    3.10695221222   3.17769096271e-08  
    3.11937995887   4.09214144734e-08  
    3.13185759762   2.54064607582e-08  
    3.14438513044   3.83828846047e-08  
    3.15696255453   2.87137360639e-08  
    3.16959041803   2.50717011206e-08  
    3.18226872167   2.18740083553e-08  
    3.19499774367   2.25974074325e-08  
     3.2077777664   2.38622812929e-08  
    3.22060907639   3.31363576173e-08  
    3.23349138593     2.164779857e-08  
    3.24642526784   2.04333189973e-08  
    3.25941101458   2.36051048647e-08  
    3.27244862677   2.68391406292e-08  
    3.28553839867   2.29269209379e-08  
    3.29868062902   9.43435609491e-09  
    3.31187531768    2.3300683446e-08  
    3.32512276534    1.5753620761e-08  
    3.33842327728   1.11226672405e-08  
    3.35177716355    1.8207998792e-08  
    3.36518411244   1.58302420629e-08  
    3.37864506026   1.67599443886e-08  
    3.39215937671    1.2384471103e-08  
    3.40572801038   1.08798464393e-08  
    3.41935096495   6.20170809312e-09  
    3.43302856495   9.05976260803e-09  
     3.4467604828   3.63587430408e-09  
    3.46054770028    1.3012653559e-09  
    3.47438988975   9.08464591598e-09  
    3.48828738091   1.16812678404e-08  
    3.50224050881   3.59604001714e-09  
    3.51624961393   7.96784688244e-09  
    3.53031435276   1.63945340885e-08  
    3.54443575556   5.00073694659e-09  
    3.55861347905   2.51299688614e-09  
    3.57284786965   1.30495085617e-08  
    3.58713927957    6.3777727294e-09  
    3.60148770802   1.53301391496e-08  
    3.61589387213   1.11537761682e-08  
    3.63035741275   9.91483693066e-09  
    3.64487868866   4.62708313058e-09  
    3.65945843514   1.01378923461e-08  
    3.67409628525    9.9282330969e-09  
     3.6887926074   5.86548935588e-09  
    3.70354777632   9.41966693843e-09  
    3.71836179065   8.66672660127e-09  
    3.73323541447   1.10897917902e-08  
    3.74816826477   1.38829486218e-08  
    3.76316111576    6.1633125513e-09  
    3.77821357615   4.96878917405e-09  
    3.79332643045   1.49367160034e-08  
    3.80849968022   1.01406951948e-08  
    3.82373372567   3.95993996992e-09  
    3.83902856636   7.81135173043e-09  
    3.85438501793   9.14004600714e-09  
    3.86980225926   1.72547930053e-08  
    3.88528152486   6.71184593691e-09  
    3.90082282035   7.98291027674e-09  
    3.91642614544   1.21681383591e-08  
     3.9320919216   1.36062920406e-08  
    3.94782014671   8.22067541166e-09  
    3.96361124722   1.38180266623e-08  
     3.9794656573   1.15446939746e-08  
    3.99538381902    2.0089996974e-08  
    4.01136529223   1.11298579574e-08  
    4.02741051384   1.30647170546e-08  
    4.04352038115   1.44505571885e-08  
    4.05969444633   8.56536676128e-09  
    4.07593316003   7.43206266646e-09  
    4.09223698126   1.64459504668e-08  
    4.10860591058   7.23511817243e-09  
    4.12504041299    9.1475928057e-09  
    4.14154048768   9.00391055912e-09  
    4.15810660581   6.20507176487e-09  
    4.17473924737   4.58660510834e-09  
     4.1914379294   1.39421755484e-08  
    4.20820361671   6.26603524788e-09  
    4.22503631116   4.93320421518e-09  
    4.24193650599   5.02571351276e-09  
    4.25890420203   3.16158892892e-09  
    4.27593989945   1.70134875254e-09  
    4.29304359811   4.76674292801e-09  
    4.31021606223   3.43874063773e-09  
    4.32745677891   4.57724294742e-09  
    4.34476677871   1.67286958676e-09  
    4.36214580283   4.41226029672e-09  
    4.37959437336   2.53603978214e-09  
    4.39711275511   4.70373582392e-09  
    4.41470121473                 0.0  
    4.43236002067                 0.0  
    4.45008944329   3.07888482767e-09  
    4.46788975486                 0.0  
     4.4857612296                 0.0  
     4.5037044243   3.03728290848e-09  
    4.52171905834                 0.0  
    4.53980597546   1.74752400491e-09  
    4.55796517761   1.74870830723e-09  
    4.57619723913                 0.0  
    4.59450186987                 0.0  
    4.61287994068   1.20042291654e-09  
    4.63133145335                 0.0  
    4.64985670171   1.71398208641e-09  
    4.66845628346   1.59131536879e-09  
    4.68712989672                 0.0  
    4.70587844804                 0.0  
    4.72470193969                 0.0  
    4.74360098925   1.47866441568e-09  
    4.76257528571                 0.0  
    4.78162544951                 0.0  
    4.80075211388                 0.0  
    4.81995496102   4.70209545854e-09  
    4.83923495122   2.45524446368e-09  
    4.85859176224                 0.0  
    4.87802637057                 0.0  
    4.89753844961                 0.0  
     4.9171283236                 0.0  
    4.93679699404   1.73438427261e-09  
    4.95654412786   3.11560950181e-09  
    4.97637040127                 0.0  
    4.99627581409   1.56500862454e-09  
    5.01626105463                 0.0  
    5.03632612401                 0.0  
    5.05647136933                 0.0  
    5.07669714118                 0.0  
    5.09700379373   1.99316273495e-09  
    5.11739204703    1.8673429106e-09  
    5.13786154103                 0.0  
    5.15841300039   3.44077295417e-09  
    5.17904679429                 0.0  
    5.19976292187   1.45294651853e-09  
    5.22056175127   1.39062171813e-09  
    5.24144403461                 0.0  
    5.26240977412   4.79925460018e-09  
    5.28345973627   3.28851801633e-09  
    5.30459353645   1.64683519808e-09  
    5.32581194655   3.25667607874e-09  
    5.34711496429   5.01625432267e-09  
     5.3685033765   6.25165060875e-09  
    5.38997758533   3.33670613568e-09  
     5.4115375925                 0.0  
    5.43318339149   1.72469018047e-09  
    5.45491620212   3.02257089959e-09  
    5.47673603057   1.72890869822e-09  
    5.49864287472   1.75395281141e-09  
    5.52063756715   3.60910366768e-09  
    5.54272010896   6.64686092185e-09  
    5.56489092113   5.06155474484e-09  
    5.58715042976   6.57279124412e-09  
    5.60949906616   6.81136981543e-09  
    5.63193726694   8.56087648865e-09  
    5.65446458961   1.33331225206e-08  
    5.67708279786   1.31807291068e-08  
    5.69979100731   2.07936584244e-08  
    5.72259010817   1.86292696078e-08  
    5.74548055411   5.07716899151e-08  
    5.76846234429   6.07689594767e-08  
      5.791536397   3.81234464993e-08  
    5.81470224819   4.29086866081e-08  
    5.83796129572    3.2201843391e-08  
    5.86131307274   5.78537150573e-08  
    5.88475852542   5.73786098233e-08  
    5.90829717285   5.24916766847e-08  
    5.93193045656   5.35999788248e-08  
    5.95565838363   5.37840323551e-08  
    5.97948095214   6.53706079068e-08  
    6.00339864953   7.11943835741e-08  
    6.02741247236   7.08386320627e-08  
    6.05152192044   7.49260173878e-08  
    6.07572799998   5.75857236104e-08  
    6.10003122573   7.21952837022e-08  
    6.12443108191   6.92497100779e-08  
    6.14892911878   7.26493581552e-08  
    6.17352481846   8.02939950783e-08  
    6.19821869966   7.03544388046e-08  
    6.22301182415   1.10972126435e-07  
    6.24790365848   9.39387448306e-08  
    6.27289527528   1.00308629177e-07  
    6.29798667496   1.01245154377e-07  
    6.32317895437   9.23981055043e-08  
    6.34847156357   8.77520626198e-08  
    6.37386561103   7.19664803212e-08  
    6.39936109829   5.12381627559e-08  
    6.42495858819   4.29089647559e-08  
    6.45065807628   7.74054155958e-08  
    6.47646070858   7.78151647937e-08  
    6.50236648851   8.46571267342e-08  
    6.52837599909   4.98565221511e-08  
    6.55448983217   6.12985105087e-08  
    6.58070739056   5.85219950219e-08  
     6.6070304631   3.74350516421e-08  
    6.63345845158   6.29032620634e-08  
    6.65999256893   5.67218928285e-08  
    6.68663220164   6.77789143561e-08  
    6.71337857646   5.77655404294e-08  
     6.7402323211   6.58777224596e-08  
    6.76719343966   4.57388387936e-08  
    6.79426192596   5.23276218014e-08  
    6.82143905059   3.32329171001e-08  
    6.84872481713   3.86659629519e-08  
    6.87611987273   3.69907757704e-08  
    6.90362421565    1.5298241983e-08  
    6.93123849806   2.66623465672e-08  
    6.95896338267   3.11733984073e-08  
    6.98679954287   2.59330469083e-08  
    7.01474698239   1.85589032734e-08  
    7.04280569424   1.58388314675e-08  
    7.07097704376   1.33192634442e-08  
    7.09926103526   4.99809159321e-09  
    7.12765766225   1.72020889351e-08  
    7.15616832394    1.1200676521e-08  
    7.18479302568   1.12452768843e-08  
    7.21353248167   9.74377548612e-09  
    7.24238669254   9.80131834151e-09  
    7.27135637916   1.25121219721e-08  
    7.30044153741   7.33698422388e-09  
    7.32964289499   1.03982951108e-08  
    7.35896194108   9.97355243794e-09  
    7.38839793625     6.841823695e-09  
    7.41795162807   2.44520385905e-09  
     7.4476230097   2.44106966787e-09  
    7.47741360958   1.22403534862e-08  
    7.50732343484   5.10769067903e-09  
    7.53735248125   2.66473463933e-09  
    7.56750152509   1.03070364811e-08  
     7.5977721547   2.65663265924e-09  
    7.62816277835    5.4338903096e-09  
    7.65867579796   1.05151143682e-08  
    7.68931040992   2.62282027121e-09  
    7.72006742165   8.02082169174e-09  
    7.75094765492   2.80911254453e-09  
    7.78195194613    5.6331737201e-09  
    7.81307945788    2.8188205432e-09  
    7.84433186727   7.80261817833e-09  
    7.87570917764   5.72294923033e-09  
    7.90721224521                 0.0  
    7.93884106988                 0.0  
    7.97059651818                 0.0  
    8.00247858663                 0.0  
    8.03448815236   3.02663041412e-09  
    8.06662610855   3.02989309041e-09  
    8.09889336484   5.46699869266e-09  
     8.1312881039                 0.0  
    8.16381396885   1.21558113766e-08  
    8.19646913217    1.2189258102e-08  
    8.22925450488   2.58277426133e-09  
    8.26217195928                 0.0  
     8.2952205599                 0.0  
    8.32840124719   3.26731110928e-09  
    8.36171497933   3.27207906027e-09  
    8.39516175769   2.13925068181e-09  
    8.42874255349    3.2698404991e-09  
    8.46245736585   6.08963150711e-09  
     8.4963071794                 0.0  
    8.53029299759    2.8176800441e-09  
    8.56441381387   2.39488043259e-09  
    8.59867164433   7.60023919985e-09  
    8.63306597974   7.65514558872e-09  
    8.66759835958   1.00437559922e-08  
    8.70226878849   4.94165198306e-09  
    8.73707778582   5.10683752295e-09  
    8.77202587434   4.85198842265e-09  
    8.80711411676   1.26081626605e-08  
    8.84234251506   1.84099849587e-08  
    8.87771214789   1.31402551883e-08  
    8.91322301618   8.41570641896e-09  
    8.94887566111   2.25141540667e-08  
    8.98467118599   1.64682432908e-08  
    9.02061015324   1.88078224824e-08  
    9.05669256222   2.99101313083e-08  
    9.09291897023   4.68426415657e-08  
    9.12929109163   6.14152672077e-08  
    9.16580777681     8.385220033e-08  
    9.20247133927   6.49424295087e-08  
     9.2392812011   9.07946436098e-08  
    9.27623794181   9.18101869402e-08  
    9.31334334528   6.33221132934e-08  
    9.35059681985   1.01763555669e-07  
    9.38799895942   1.06045030404e-07  
    9.42555097729   1.10222283427e-07  
    9.46325287276   9.31434888546e-08  
    9.50110587927   1.00927517045e-07  
    9.53911062623   1.10263501311e-07  
    9.57726711423   1.35097016543e-07  
    9.61557596868   8.09829889211e-08  
    9.65403846516   1.60066155251e-07  
    9.69265460608   1.61195317234e-07  
    9.73142503402   1.72061530899e-07  
    9.77035105768   1.26266476576e-07  
    9.80943201648   8.47962123727e-08  
    9.84866989689   9.55796149714e-08  
    9.88806470579   1.48634592814e-07  
    9.92761711669   1.27584363189e-07  
    9.96732712253   7.90400364374e-08  
    10.0071967787   1.10653784836e-07  
    10.0472253989   1.71361810068e-07  
    10.0874143706   2.41104217888e-06  
