      wave_micron            flux_mjy  
  0.0156853443263                 0.0  
  0.0157424663449                 0.0  
  0.0158054356507                 0.0  
  0.0158686569118                 0.0  
  0.0159321318584                 0.0  
  0.0159958604977                 0.0  
  0.0160598445808                 0.0  
  0.0161240841083                 0.0  
  0.0161885808528                 0.0  
  0.0162533348082                 0.0  
  0.0163183477691                 0.0  
  0.0163836215635                 0.0  
  0.0164491561976                 0.0  
  0.0165149516526                 0.0  
  0.0165810116545                 0.0  
  0.0166473362235                 0.0  
  0.0167139253547                 0.0  
  0.0167807809484                 0.0  
  0.0168479049407                 0.0  
  0.0169152953802                 0.0  
  0.0169829561599                 0.0  
  0.0170508892791                 0.0  
  0.0171190927561                 0.0  
  0.0171875685703                 0.0  
  0.0172563187389                 0.0  
  0.0173253453176                 0.0  
  0.0173946452152                 0.0  
  0.0174642246251                 0.0  
  0.0175340814816                 0.0  
  0.0176042178752                 0.0  
  0.0176746348662                 0.0  
  0.0177453324422                 0.0  
  0.0178163138284                 0.0  
  0.0178875790356                 0.0  
  0.0179591302593                 0.0  
   0.018030966394                 0.0  
  0.0181030896418                 0.0  
  0.0181755022485                 0.0  
  0.0182482042211                 0.0  
  0.0183211978404                 0.0  
  0.0183944819524                 0.0  
  0.0184680600153                 0.0  
  0.0185419320346                 0.0  
  0.0186161003639                 0.0  
  0.0186905650087                 0.0  
  0.0187653271533                 0.0  
  0.0188403879917                 0.0  
  0.0189157499541                 0.0  
  0.0189914130476                 0.0  
  0.0190673784962                 0.0  
  0.0191436475346                 0.0  
  0.0192202226747                 0.0  
  0.0192971026499                 0.0  
  0.0193742912707                 0.0  
  0.0194517885495                 0.0  
  0.0195295957766                 0.0  
  0.0196077142543                 0.0  
  0.0196861452965                 0.0  
  0.0197648902299                 0.0  
  0.0198439490432                 0.0  
  0.0199233257773                 0.0  
  0.0200030190859                 0.0  
  0.0200830303139                 0.0  
   0.020163362213                 0.0  
   0.020244016188                 0.0  
  0.0203249922415                 0.0  
  0.0204062917725                 0.0  
  0.0204879176333                 0.0  
  0.0205698683849                 0.0  
  0.0206521483595                 0.0  
  0.0207347575754                 0.0  
  0.0208176960197                 0.0  
  0.0209009666426                 0.0  
  0.0209845709483                 0.0  
   0.021068508935                 0.0  
  0.0211527836369                 0.0  
  0.0212373935147                 0.0  
  0.0213223431819                 0.0  
  0.0214076326548                 0.0  
  0.0214932635009                 0.0  
  0.0215792373054                 0.0  
  0.0216655540623                 0.0  
  0.0217522153544                 0.0  
  0.0218392244177                 0.0  
  0.0219265812629                 0.0  
  0.0220142875284                 0.0  
   0.022102344872                 0.0  
  0.0221907549711                 0.0  
  0.0222795178215                 0.0  
     0.0223686351                 0.0  
  0.0224581102329                 0.0  
  0.0225479432363                 0.0  
  0.0226381340923                 0.0  
    0.02272868629                 0.0  
  0.0228196016112                 0.0  
  0.0229108800607                 0.0  
  0.0230025234219                 0.0  
  0.0230945335011                 0.0  
  0.0231869121271                 0.0  
  0.0232796592944                 0.0  
  0.0233727787076                 0.0  
  0.0234662684912                 0.0  
  0.0235601342854                 0.0  
  0.0236543742035                 0.0  
  0.0237489920624                 0.0  
  0.0238439878675                 0.0  
  0.0239393635529                 0.0  
  0.0240351210781                 0.0  
  0.0241312624294                 0.0  
  0.0242277876074                 0.0  
  0.0243246986042                 0.0  
  0.0244219974394                 0.0  
  0.0245196840988                 0.0  
  0.0246177647639                 0.0  
  0.0247162353057                 0.0  
  0.0248150998684                 0.0  
  0.0249143605646                 0.0  
  0.0250140173915                 0.0  
  0.0251140746327                 0.0  
  0.0252145301323                 0.0  
  0.0253153882178                 0.0  
  0.0254166488883                 0.0  
   0.025518316569                 0.0  
  0.0256203890373                 0.0  
  0.0257228707652                 0.0  
  0.0258257617563                 0.0  
  0.0259290665849                 0.0  
  0.0260327829623                 0.0  
  0.0261369131704                 0.0  
  0.0262414618859                 0.0  
  0.0263464267569                 0.0  
  0.0264518125117                 0.0  
  0.0265576191548                 0.0  
  0.0266638490876                 0.0  
  0.0267705047483                 0.0  
  0.0268775886124                 0.0  
   0.026985098201                 0.0  
  0.0270930384635                 0.0  
  0.0272014093945                 0.0  
   0.027310216061                 0.0  
  0.0274194559189                 0.0  
  0.0275291340945                 0.0  
  0.0276392505996                 0.0  
  0.0277498080437                 0.0  
  0.0278608064171                 0.0  
  0.0279722510321                 0.0  
  0.0280841392175                 0.0  
  0.0281964763499                 0.0  
  0.0283092624414                 0.0  
  0.0284225002304                 0.0  
  0.0285361897086                 0.0  
  0.0286503336378                 0.0  
  0.0287649348254                 0.0  
  0.0288799961254                 0.0  
  0.0289955146745                 0.0  
  0.0291114961891                 0.0  
  0.0292279435974                 0.0  
  0.0293448539722                 0.0  
  0.0294622331746                 0.0  
  0.0295800842108                 0.0  
  0.0296984040898                 0.0  
  0.0298171957753                 0.0  
  0.0299364653541                 0.0  
   0.030056212869                 0.0  
  0.0301764351955                 0.0  
   0.030297141651                 0.0  
  0.0304183322902                 0.0  
   0.030540003925                 0.0  
  0.0306621628877                 0.0  
  0.0307848124195                 0.0  
  0.0309079525434                 0.0  
  0.0310315832356                 0.0  
    0.03115571108                 0.0  
  0.0312803327616                 0.0  
  0.0314054549548                 0.0  
  0.0315310776845                 0.0  
  0.0316572009275                 0.0  
  0.0317838280754                 0.0  
  0.0319109660721                 0.0  
  0.0320386079596                 0.0  
  0.0321667642428                 0.0  
  0.0322954314137                 0.0  
  0.0324246130101                 0.0  
  0.0325543090014                 0.0  
  0.0326845266313                 0.0  
  0.0328152659439                 0.0  
  0.0329465269336                 0.0  
  0.0330783132954                 0.0  
   0.033210625012                 0.0  
   0.033343469638                 0.0  
  0.0334768433941                 0.0  
  0.0336107500733                 0.0  
  0.0337451935402                 0.0  
   0.033880173797                 0.0  
  0.0340156947608                 0.0  
  0.0341517564247                 0.0  
  0.0342883627599                 0.0  
  0.0344255178135                 0.0  
  0.0345632175188                 0.0  
   0.034701474139                 0.0  
  0.0348402773911                 0.0  
  0.0349796396789                 0.0  
  0.0351195589536                 0.0  
   0.035260035177                 0.0  
  0.0354010768498                 0.0  
  0.0355426796991                 0.0  
  0.0356848523573                 0.0  
  0.0358275904781                 0.0  
  0.0359709006102                 0.0  
  0.0361147849876                 0.0  
  0.0362592436068                 0.0  
  0.0364042809523                 0.0  
  0.0365498970178                 0.0  
  0.0366960986659                 0.0  
  0.0368428812899                 0.0  
  0.0369902541514                 0.0  
  0.0371382149325                 0.0  
  0.0372867683334                 0.0  
  0.0374359143444                 0.0  
  0.0375856577413                 0.0  
  0.0377360009557                 0.0  
  0.0378869439793                 0.0  
  0.0380384917058                 0.0  
  0.0381906466288                 0.0  
  0.0383434087434                 0.0  
  0.0384967830666                 0.0  
   0.038650769597                 0.0  
  0.0388053734364                 0.0  
   0.038960594588                 0.0  
  0.0391164356184                 0.0  
  0.0392729017611                 0.0  
  0.0394299930284                 0.0  
  0.0395877147451                 0.0  
  0.0397460642231                 0.0  
  0.0399050495458                 0.0  
  0.0400646707415                 0.0  
   0.040224927778                 0.0  
  0.0403858289483                 0.0  
  0.0405473714781                 0.0  
  0.0407095609641                 0.0  
  0.0408724002575                 0.0  
  0.0410358893525                 0.0  
  0.0412000310899                 0.0  
  0.0413648312727                 0.0  
  0.0415302928712                 0.0  
  0.0416964129266                 0.0  
  0.0418631973335                 0.0  
  0.0420306521135                 0.0  
  0.0421987742598                 0.0  
   0.042367569835                 0.0  
  0.0425370388292                 0.0  
  0.0427071874205                 0.0  
  0.0428780156177                 0.0  
   0.043049526541                 0.0  
  0.0432217265482                 0.0  
  0.0433946124512                 0.0  
  0.0435681906547                 0.0  
  0.0437424644236                 0.0  
  0.0439174337544                 0.0  
   0.044093105242                 0.0  
  0.0442694755483                 0.0  
  0.0444465547052                 0.0  
  0.0446243393465                 0.0  
  0.0448028362515                 0.0  
  0.0449820488816                 0.0  
  0.0451619772443                 0.0  
  0.0453426248022                 0.0  
  0.0455239950608                 0.0  
   0.045706091569                 0.0  
  0.0458889143101                 0.0  
  0.0460724704748                 0.0  
   0.046256760079                 0.0  
   0.046441790463                 0.0  
  0.0466275542247                 0.0  
  0.0468140661927                 0.0  
  0.0470013226687                 0.0  
  0.0471893273967                 0.0  
  0.0473780841697                 0.0  
  0.0475675968309                 0.0  
  0.0477578692744                 0.0  
  0.0479488975641                 0.0  
   0.048140693455                 0.0  
  0.0483332569947                 0.0  
  0.0485265921937                 0.0  
  0.0487206949799                 0.0  
  0.0489155815836                 0.0  
   0.049111243877                 0.0  
   0.049307685897                 0.0  
  0.0495049159376                 0.0  
  0.0497029382501                 0.0  
  0.0499017486086                 0.0  
   0.050101355483                 0.0  
  0.0503017632032                 0.0  
  0.0505029674168                 0.0  
  0.0507049811828                 0.0  
   0.050907800134                 0.0  
  0.0511114331187                 0.0  
    0.05131587565                 0.0  
  0.0515211412192                 0.0  
  0.0517272253272                 0.0  
  0.0519341324971                 0.0  
  0.0521418719793                 0.0  
  0.0523504391491                 0.0  
  0.0525598386228                 0.0  
  0.0527700798601                 0.0  
  0.0529811581091                 0.0  
  0.0531930829348                 0.0  
   0.053405854351                 0.0  
   0.053619482147                 0.0  
  0.0538339564734                 0.0  
  0.0540492921197                 0.0  
  0.0542654891273                 0.0  
  0.0544825525434                 0.0  
  0.0547004823653                 0.0  
  0.0549192836769                 0.0  
  0.0551389616421                 0.0  
  0.0553595162538                 0.0  
  0.0555809580109                 0.0  
  0.0558032816516                 0.0  
  0.0560264924201                 0.0  
  0.0562506010693                 0.0  
  0.0564756022102                 0.0  
  0.0567015067269                 0.0  
  0.0569283091019                 0.0  
  0.0571560259525                 0.0  
  0.0573846461207                 0.0  
  0.0576141864508                 0.0  
  0.0578446412999                 0.0  
  0.0580760220995                 0.0  
  0.0583083230765                 0.0  
  0.0585415558071                 0.0  
  0.0587757262298                 0.0  
  0.0590108284451                 0.0  
  0.0592468683068                 0.0  
   0.059483857834                 0.0  
      0.059721791                 0.0  
   0.059960679981                 0.0  
  0.0602005248295                 0.0  
  0.0604413255067                 0.0  
  0.0606830881933                 0.0  
  0.0609258255401                 0.0  
  0.0611695248559                 0.0  
  0.0614142052735                 0.0  
  0.0616598603809                 0.0  
  0.0619065031726                 0.0  
  0.0621541271011                 0.0  
  0.0624027453381                 0.0  
  0.0626523579279                 0.0  
  0.0629029648195                 0.0  
  0.0631545727019                 0.0  
  0.0634071952761                 0.0  
  0.0636608257455                 0.0  
  0.0639154639987                 0.0  
  0.0641711310012                 0.0  
  0.0644278127187                 0.0  
  0.0646855232552                 0.0  
  0.0649442626117                 0.0  
  0.0652040452661                 0.0  
  0.0654648566764                 0.0  
  0.0657267187584                 0.0  
  0.0659896241762                 0.0  
  0.0662535878291                 0.0  
  0.0665186022408                 0.0  
  0.0667846748831                 0.0  
  0.0670518133677                 0.0  
  0.0673200176808                 0.0  
  0.0675892955364                 0.0  
  0.0678596547942                 0.0  
  0.0681310955057                 0.0  
  0.0684036176189                 0.0  
  0.0686772371465                 0.0  
  0.0689519460626                 0.0  
  0.0692277524068                 0.0  
  0.0695046643732                 0.0  
  0.0697826819665                 0.0  
  0.0700618092917                 0.0  
  0.0703420589619                 0.0  
   0.070623426789                 0.0  
  0.0709059212687                 0.0  
  0.0711895423753                 0.0  
  0.0714743031091                 0.0  
  0.0717601991258                 0.0  
  0.0720472391778                 0.0  
  0.0723354277057                 0.0  
  0.0726247691824                 0.0  
  0.0729152681139                 0.0  
    0.07320692904                 0.0  
  0.0734997565348                 0.0  
  0.0737937552076                 0.0  
  0.0740889344083                 0.0  
  0.0743852894469                 0.0  
  0.0746828297095                 0.0  
  0.0749815599532                 0.0  
  0.0752814849739                 0.0  
  0.0755826145031                 0.0  
  0.0758849436633                 0.0  
  0.0761884822289                 0.0  
  0.0764932351588                 0.0  
  0.0767992074549                 0.0  
  0.0771064092587                 0.0  
  0.0774148303731                 0.0  
  0.0777244912211                 0.0  
  0.0780353918892                 0.0  
  0.0783475323458                 0.0  
  0.0786609230457                 0.0  
  0.0789755639691                 0.0  
  0.0792914657527                 0.0  
   0.079608633823                 0.0  
  0.0799270681838                 0.0  
  0.0802467742357                 0.0  
   0.080567762995                 0.0  
  0.0808900344938                 0.0  
   0.081213594294                 0.0  
  0.0815384480128                 0.0  
  0.0818646013243                 0.0  
  0.0821920599602                 0.0  
  0.0825208297115                 0.0  
  0.0828509105458                 0.0  
  0.0831823141643                 0.0  
   0.083515046541                 0.0  
  0.0838491076875                 0.0  
  0.0841845035616                 0.0  
  0.0845212401854                 0.0  
  0.0848593236462                 0.0  
   0.085198760098                 0.0  
   0.085539555763                 0.0  
  0.0858817169328                 0.0  
  0.0862252435974                 0.0  
  0.0865701420383                 0.0  
  0.0869164250829                 0.0  
  0.0872640927855                 0.0  
  0.0876131450676                 0.0  
  0.0879636016111                 0.0  
  0.0883154558578                 0.0  
   0.088668714379                 0.0  
  0.0890233906167                 0.0  
  0.0893794846157                 0.0  
  0.0897370031866                 0.0  
  0.0900959462655                 0.0  
  0.0904563346886                 0.0  
  0.0908181615483                 0.0  
  0.0911814338254                 0.0  
  0.0915461585877                 0.0  
  0.0919123429913                 0.0  
  0.0922799869838                 0.0  
  0.0926491124422                 0.0  
   0.093019704726                 0.0  
  0.0933917859573                 0.0  
  0.0937653562234                 0.0  
  0.0941404154694                 0.0  
  0.0945169788091                 0.0  
  0.0948950462631                 0.0  
  0.0952746254872                 0.0  
  0.0956557242391                 0.0  
  0.0960383424748                 0.0  
    0.09642249594                 0.0  
  0.0968081927081                 0.0  
  0.0971954247693                 0.0  
    0.09758420003                 0.0  
  0.0979745429595                 0.0  
  0.0983664371996                 0.0  
  0.0987599075112                 0.0  
  0.0991549455969                 0.0  
  0.0995515597278                 0.0  
  0.0999497668536                 0.0  
   0.100349567056                 0.0  
   0.100750968963                 0.0  
    0.10115397256                 0.0  
   0.101558586513                 0.0  
   0.101964819616                 0.0  
   0.102372680792                 0.0  
   0.102782170036                 0.0  
   0.103193296316                 0.0  
   0.103606068731                 0.0  
   0.104020496516                 0.0  
   0.104436579694                 0.0  
   0.104854327552                 0.0  
   0.105273740019                 0.0  
   0.105694836009                 0.0  
   0.106117615583                 0.0  
   0.106542088371                 0.0  
   0.106968254342                 0.0  
    0.10739613307                 0.0  
   0.107825714704                 0.0  
   0.108257019043                 0.0  
   0.108690046111                 0.0  
    0.10912480597                 0.0  
   0.109561308842                 0.0  
   0.109999544368                 0.0  
   0.110439543503                 0.0  
   0.110881306421                 0.0  
   0.111324833128                 0.0  
   0.111770134167                 0.0  
   0.112217209458                 0.0  
   0.112666080506                 0.0  
   0.113116747406                 0.0  
   0.113569210079                 0.0  
    0.11402349056                 0.0  
    0.11447957772                 0.0  
   0.114937505188                 0.0  
   0.115397250435                 0.0  
   0.115858836044                 0.0  
    0.11632227356                 0.0  
   0.116787563027                 0.0  
   0.117254716096                 0.0  
   0.117723732736                 0.0  
   0.118194624709                 0.0  
   0.118667403978                 0.0  
    0.11914207054                 0.0  
   0.119618648741                 0.0  
   0.120097114076                 0.0  
   0.120577503377                 0.0  
   0.121059816793                 0.0  
   0.121544054295                 0.0  
   0.122030228427                 0.0  
   0.122518351955                 0.0  
   0.123008424898                 0.0  
    0.12350046016                 0.0  
   0.123994457695                 0.0  
   0.124490443835                 0.0  
   0.124988405397                 0.0  
   0.125488355577                 0.0  
   0.125990307807                 0.0  
   0.126494275758                 0.0  
   0.127000245701                 0.0  
   0.127508245074                 0.0  
    0.12801828796                 0.0  
   0.128530360378                 0.0  
   0.129044476247                 0.0  
   0.129560649739                 0.0  
   0.130078895284                 0.0  
   0.130599212962                 0.0  
   0.131121602652                 0.0  
   0.131646093737                 0.0  
   0.132172686404                 0.0  
   0.132701365544                 0.0  
   0.133232176219                 0.0  
   0.133765103397                 0.0  
   0.134300162271                 0.0  
   0.134837368321                 0.0  
   0.135376721612                 0.0  
   0.135918222001                 0.0  
   0.136461901057                 0.0  
   0.137007742892                 0.0  
   0.137555779549                 0.0  
   0.138105994852                 0.0  
   0.138658421326                 0.0  
   0.139213050809                 0.0  
   0.139769908149                 0.0  
   0.140328985025                 0.0  
   0.140890298152                 0.0  
   0.141453864571                 0.0  
   0.142019675725                 0.0  
   0.142587757413                 0.0  
   0.143158109703                 0.0  
   0.143730741295                 0.0  
   0.144305660953                 0.0  
     0.1448828865                 0.0  
   0.145462417974                 0.0  
   0.146044264332                 0.0  
   0.146628443812                 0.0  
    0.14721495644                 0.0  
   0.147803820742                 0.0  
   0.148395036739                 0.0  
   0.148988613741                 0.0  
   0.149584570717                 0.0  
    0.15018290769                 0.0  
   0.150783634197                 0.0  
   0.151386769673                 0.0  
   0.151992324049                 0.0  
   0.152600287381                 0.0  
   0.153210689412                 0.0  
    0.15382353019                 0.0  
   0.154438829972                 0.0  
   0.155056578518                 0.0  
    0.15567680657                 0.0  
   0.156299514214                 0.0  
    0.15692471185                 0.0  
   0.157552409977                 0.0  
    0.15818261919                 0.0  
   0.158815350183                 0.0  
   0.159450613755                 0.0  
   0.160088420804                 0.0  
   0.160728771267                 0.0  
   0.161371687153                 0.0  
   0.162017168434                 0.0  
   0.162665237514                 0.0  
   0.163315905841                 0.0  
   0.163969161936                 0.0  
   0.164625040157                 0.0  
   0.165283540598                 0.0  
   0.165944674901                 0.0  
   0.166608454833                 0.0  
   0.167274892283                 0.0  
   0.167943987181                 0.0  
   0.168615763567                 0.0  
   0.169290221434                 0.0  
    0.16996738528                 0.0  
   0.170647255169                 0.0  
   0.171329843488                 0.0  
   0.172015162761                 0.0  
   0.172703225652                 0.0  
   0.173394044972                 0.0  
   0.174087620686                 0.0  
   0.174783965587                 0.0  
   0.175483105814                 0.0  
   0.176185028167                 0.0  
   0.176889772394                 0.0  
   0.177597338699                 0.0  
   0.178307727023                 0.0  
   0.179020950763                 0.0  
   0.179737037323                 0.0  
   0.180455986807                 0.0  
   0.181177813108                 0.0  
   0.181902516113                 0.0  
   0.182630138307                 0.0  
   0.183360651225                 0.0  
   0.184094097823                 0.0  
   0.184830478239                 0.0  
   0.185569792332                 0.0  
   0.186312069427                 0.0  
   0.187057324515                 0.0  
   0.187805542552                 0.0  
   0.188556768668                 0.0  
   0.189311003085                 0.0  
   0.190068245741                 0.0  
   0.190828511884                 0.0  
   0.191591832701                 0.0  
   0.192358192514                 0.0  
     0.1931276228                 0.0  
   0.193900139646                 0.0  
   0.194675743117                 0.0  
    0.19545444935                 0.0  
   0.196236258206                 0.0  
    0.19702120251                 0.0  
   0.197809299078                 0.0  
   0.198600531156                 0.0  
   0.199394932263                 0.0  
   0.200192502344                 0.0  
   0.200993275664                 0.0  
   0.201797252382                 0.0  
   0.202604449942                 0.0  
   0.203414868307                 0.0  
   0.204228525003                 0.0  
    0.20504543781                 0.0  
   0.205865624771                 0.0  
   0.206689085885                 0.0  
   0.207515839287                 0.0  
   0.208345903386                 0.0  
   0.209179278109                 0.0  
   0.210016000869                 0.0  
   0.210856071857                 0.0  
   0.211699490941                 0.0  
   0.212546277026                 0.0  
   0.213396468821                 0.0  
   0.214250046937                 0.0  
   0.215107050522                 0.0  
    0.21596747968                 0.0  
   0.216831354335                 0.0  
   0.217698674411                 0.0  
   0.218569480447                 0.0  
   0.219443752038                 0.0  
   0.220321530195                 0.0  
   0.221202814979                 0.0  
    0.22208762725                 0.0  
   0.222975966893                 0.0  
   0.223867876408                 0.0  
   0.224763356022                 0.0  
    0.22566240562                 0.0  
   0.226565046741                 0.0  
   0.227471323449                 0.0  
   0.228381191466                 0.0  
   0.229294717399                 0.0  
   0.230211901517                 0.0  
   0.231132743741                 0.0  
   0.232057289795                 0.0  
    0.23298551673                 0.0  
   0.233917447399                 0.0  
   0.234853128678                 0.0  
   0.235792537111                 0.0  
   0.236735696159                 0.0  
   0.237682653894                 0.0  
   0.238633386357                 0.0  
   0.239587917649                 0.0  
   0.240546272283                 0.0  
   0.241508450202                 0.0  
   0.242474476173                 0.0  
   0.243444375393                 0.0  
   0.244418147897                 0.0  
   0.245395819152                 0.0  
   0.246377415072                 0.0  
   0.247362935807                 0.0  
   0.248352381126                 0.0  
   0.249345777063                 0.0  
   0.250343176971                 0.0  
   0.251344527244   1.73515545688e-06  
   0.252349908614                 0.0  
    0.25335932151   7.07467077897e-07  
   0.254372765977   1.85245781973e-06  
   0.255390241673                 0.0  
   0.256411804211                 0.0  
   0.257437453804   9.35043062496e-07  
   0.258467218904                 0.0  
   0.259501070763   5.85618877227e-07  
   0.260539066586   1.13978563216e-06  
   0.261581235703                 0.0  
   0.262627548869                 0.0  
   0.263678064881                 0.0  
   0.264732783961   8.96488703022e-07  
    0.26579170593                 0.0  
   0.266854891235                 0.0  
   0.267922309574   1.59467843026e-06  
   0.268993991277                 0.0  
   0.270069967242   9.34116937141e-07  
   0.271150237445                 0.0  
   0.272234833207                 0.0  
   0.273323786442                 0.0  
   0.274417065131                 0.0  
   0.275514733392                 0.0  
   0.276616791411                 0.0  
   0.277723272009   2.93819899508e-07  
   0.278834175318   1.27873486738e-06  
   0.279949501047                 0.0  
   0.281069299253                 0.0  
   0.282193587055                 0.0  
   0.283322347287                 0.0  
   0.284455648488   3.04958761662e-06  
   0.285593473589   1.35181937647e-06  
   0.286735839763   5.61999957576e-07  
    0.28788278206                 0.0  
   0.289034318324                 0.0  
    0.29019044848   4.04175266632e-07  
    0.29135120839                 0.0  
   0.292516616291   1.65138216745e-06  
   0.293686690561   1.80907467539e-06  
   0.294861431089   1.34799532467e-06  
   0.296040874868                 0.0  
   0.297225040705                 0.0  
   0.298413947558                 0.0  
   0.299607595302   2.36500335519e-06  
    0.30080602213                 0.0  
   0.302009247464   4.18671513883e-07  
    0.30321729089   1.38569517711e-06  
     0.3044301523   1.19899081061e-06  
   0.305647871155    4.1393437732e-06  
   0.306870467543   1.51321266657e-06  
   0.308097941391   9.37169540637e-07  
   0.309330333157     1.924964275e-06  
   0.310567663464   1.54431838061e-06  
   0.311809932292    3.2234178719e-06  
   0.313057181141   2.44981560308e-06  
   0.314309410034   5.71698499506e-06  
   0.315566639853   6.18132097653e-06  
   0.316828913182   6.43187353749e-06  
   0.318096230131   8.51509893356e-06  
   0.319368612178   6.96187519757e-06  
   0.320646081009   6.96764418179e-06  
   0.321928658521   5.03760424165e-06  
   0.323216389208    7.1176065147e-06  
   0.324509250809    1.0759035499e-05  
   0.325807288084   1.04161387096e-05  
   0.327110523813   5.81237068981e-06  
   0.328418957898    3.1360395767e-06  
   0.329732636328   6.74811814107e-06  
   0.331051559108   6.61480895315e-06  
   0.332375773078   5.35048556781e-06  
   0.333705278357   4.31111822117e-06  
   0.335040098608   4.64446563555e-06  
   0.336380257747   4.82752967429e-06  
   0.337725779946   4.51289973325e-06  
   0.339076665006   3.90893350804e-06  
   0.340432986705   7.32611770017e-06  
   0.341794720546   2.62707947633e-06  
   0.343161891185   4.37352969387e-06  
   0.344534548985   3.28099761514e-06  
   0.345912668488    3.2928647414e-06  
   0.347296326266   9.98057563013e-06  
   0.348685522677   6.42698629576e-06  
   0.350080257549    7.9693533263e-06  
   0.351480583114   9.65049226813e-06  
   0.352886499387   3.02696705747e-06  
   0.354298059636   1.09424087091e-05  
   0.355715236968    8.4917734805e-06  
   0.357138112398   9.07396095847e-06  
   0.358566658811    6.1980507902e-06  
   0.360000930978   1.22656470197e-05  
   0.361440928903   5.36080099064e-06  
   0.362886680252    1.0032197089e-05  
   0.364338241478   2.75432129698e-06  
   0.365795584278   6.40282742264e-06  
   0.367258765579   5.48468955784e-06  
   0.368727814453   1.43706202013e-05  
   0.370202701609   1.03893375853e-05  
   0.371683514657   4.92614325363e-06  
   0.373170253946    7.8427685581e-06  
   0.374662949342   1.44239911398e-05  
   0.376161600777   8.51508356609e-06  
   0.377666238169   9.62683544192e-06  
    0.37917689183   1.31162565495e-06  
   0.380693623523   3.99864928896e-06  
   0.382216371204   4.00045763508e-06  
   0.383745259568   1.28399301414e-05  
   0.385280225907   3.96330917068e-06  
   0.386821365205   4.21196518988e-06  
   0.388368645644   9.84089036882e-06  
   0.389922098941   9.68136441008e-06  
   0.391481790084   7.58600762602e-06  
   0.393047719354   9.05333359924e-06  
   0.394619919803   1.23077308812e-05  
   0.396198391308   7.48048542768e-06  
   0.397783200948   1.48631666239e-05  
   0.399374314825   1.01352927969e-05  
   0.400971835143   1.26780988731e-05  
   0.402575693153    1.3522322867e-05  
   0.404186027304    1.2948116946e-05  
    0.40580276818   2.03919273885e-05  
   0.407425985771    1.6363124815e-05  
   0.409055680001    1.9235506231e-05  
   0.410691886307   1.21800467036e-05  
   0.412334677075   2.88180948409e-05  
   0.413984016222    1.7463952994e-05  
   0.415639939898   1.15971104353e-05  
   0.417302484792   2.27640140377e-05  
   0.418971688138   1.65440098469e-05  
    0.42064758773   3.06013407885e-05  
   0.422330183714   2.16126658189e-05  
   0.424019514119    2.8503669336e-05  
   0.425715578715    1.8166574397e-05  
    0.42741845491   2.20734849336e-05  
   0.429128103577   1.99931108023e-05  
   0.430844642772   2.77491161218e-05  
   0.432567993229   1.43434711109e-05  
   0.434298274541   3.36905956978e-05  
   0.436035487278   4.01037757704e-05  
   0.437779631355    3.2048804652e-05  
   0.439530747406   2.35880145901e-05  
   0.441288876713   5.88935387112e-05  
   0.443054019149   4.94694864635e-05  
   0.444826216307   4.08490437939e-05  
   0.446605553183   5.13863956108e-05  
   0.448391944501   5.64859955836e-05  
   0.450185518681   5.62231027526e-05  
   0.451986276277    5.4408637798e-05  
   0.453794217163   3.69338105785e-05  
   0.455609384994   6.01016793782e-05  
   0.457431824142   6.77786189816e-05  
   0.459261534513   7.00003607502e-05  
   0.461098606424   8.50161859368e-05  
   0.462942994629   8.53193095472e-05  
   0.464794744293   7.53090771259e-05  
   0.466653947995   8.98506985903e-05  
   0.468520559477   8.82660036182e-05  
   0.470394625092   8.77575760976e-05  
    0.47227623977   9.30724586618e-05  
   0.474165308069   9.21207773409e-05  
   0.476061973558   0.000127604549526  
   0.477966236859   9.70338082086e-05  
   0.479878097875   0.000121433148947  
    0.48179760551   0.000152000509541  
   0.483724809516   0.000123677141465  
   0.485659709962   0.000126557810512  
   0.487602357123   0.000131534098156  
   0.489552750798   0.000140947200354  
   0.491510941797    0.00015315693877  
   0.493476981822   0.000154657993245  
   0.495450923487    0.00016349213799  
   0.497432714296   0.000179330744594  
   0.499422459632   0.000174681558898  
   0.501420159773   0.000199218353843  
   0.503425814233   0.000160305484857  
    0.50543953123   0.000215190693512  
   0.507461256159   0.000237313952177  
   0.509491098746   0.000201873215998  
   0.511529115411   0.000248640584204  
   0.513575194045   0.000202518852518  
   0.515629502992   0.000226697314568  
   0.517692042968   0.000254961749194  
   0.519762813907   0.000289762876543  
   0.521841873299   0.000264986639186  
   0.523929220874   0.000265028701063  
   0.526024914845    0.00027959017842  
   0.528129014504   0.000237654989565  
   0.530241520001   0.000282358588423  
   0.532362491404   0.000288190131232  
   0.534491989902   0.000276842431103  
    0.53662995442    0.00030149325608  
   0.538776445492   0.000340085961186  
   0.540931524796   0.000298392358471  
   0.543095255176   0.000368011751135  
   0.545267636958   0.000334744534591  
   0.547448733858   0.000314283636355  
   0.549638546073   0.000365326165481  
    0.55183707296   0.000380034861602  
   0.554044444575   0.000362980418941  
    0.55626059541   0.000351469360388  
   0.558485657495   0.000309211777814  
   0.560719597844   0.000368949843254  
   0.562962483405   0.000387377477374  
   0.565214313975   0.000412766272698  
   0.567475191987   0.000390303183828  
   0.569745083194    0.00040825599528  
   0.572024056544   0.000432515740666  
   0.574312146998   0.000487052144592  
   0.576609389767   0.000461686189723  
   0.578915856223   0.000561843025683  
   0.581231510563   0.000465855176452  
   0.583556424395   0.000495277796696  
   0.585890670752   0.000485220892413  
   0.588234212906   0.000606211878844  
   0.590587161519    0.00057839522793  
   0.592949516918   0.000575678483292  
   0.595321316499   0.000571841012366  
   0.597702597952   0.000544939953937  
   0.600093399275   0.000614020908321  
   0.602493758773   0.000601095871772  
   0.604903754268   0.000644253269107  
   0.607323346614   0.000627193135102  
   0.609752653807   0.000589070227196  
    0.61219167626   0.000602169538113  
   0.614640413456   0.000583710545838  
   0.617098986326   0.000636672408534  
   0.619567395379   0.000577369932838  
   0.622045640186   0.000523986718007  
   0.624533844723   0.000543164933332  
   0.627031967515   0.000629746342917  
   0.629540092171   0.000593698261725  
   0.632058261237   0.000581841344315  
   0.634586517658   0.000608793085964  
   0.637124861303   0.000562193368426  
   0.639673334899   0.000604698447973  
   0.642232025774   0.000596770092341  
   0.644800978545   0.000628733004169  
   0.647380148471   0.000591993158264  
   0.649969669425   0.000636227391718  
   0.652569587365   0.000688383330736  
   0.655179856736   0.000645555442222  
   0.657800568591   0.000704934722335  
   0.660431769189   0.000840899480635  
   0.663073505274   0.000744026251326  
   0.665725776595    0.00078779309126  
   0.668388677604   0.000798038818827  
   0.671062256533   0.000876326913696  
   0.673746513503   0.000832211066527  
   0.676441496628   0.000905294056296  
   0.679147254542   0.000895740645943  
   0.681863836416   0.000946640291072  
   0.684591291962   0.000970908100261  
   0.687329671447    0.00113973369582  
   0.690078974684    0.00105888268607  
   0.692839303287    0.00111748092141  
   0.695610657402    0.00106824273411  
   0.698393088372    0.00125353461756  
   0.701186648134    0.00126967914416  
   0.703991389227    0.00141596075538  
   0.706807364806    0.00135370343947  
   0.709634628657    0.00138582397971  
   0.712473126437    0.00147016898509  
   0.715323020253    0.00156149436057  
   0.718184310573    0.00153450964751  
   0.721057052476    0.00173412247722  
   0.723941301714    0.00174484513667  
   0.726837058126    0.00175965733351  
   0.729744434544    0.00168315502458  
    0.73266337379    0.00189761684178  
   0.735594047609    0.00179415349739  
   0.738536398423    0.00185364067265  
   0.741490542374    0.00197846539786  
   0.744456538845    0.00192454934933  
   0.747434328278    0.00204256241529  
   0.750424089387    0.00199304786857  
   0.753425762242    0.00200501622035  
   0.756439467734    0.00219246237791  
   0.759465267704     0.0022527164541  
   0.762503100235    0.00222224308022  
   0.765553088621    0.00220575620341  
   0.768615358973     0.0021538656667  
   0.771689785078    0.00226775483726  
   0.774776557029     0.0022287648141  
   0.777875675396    0.00235504863837  
   0.780987139566    0.00233042919642  
   0.784111079464      0.002432771638  
   0.787247561611    0.00256420547781  
   0.790396519592    0.00259842619976  
   0.793558153516    0.00257583167978  
   0.796732328688    0.00249225980414  
   0.799919316178    0.00256482948449  
   0.803118979953    0.00274131236357  
   0.806331456982    0.00265666807037  
   0.809556747003     0.0027043092088  
   0.812794990065    0.00268877300732  
   0.816046186795    0.00262607634296  
   0.819310336587    0.00283637245301  
   0.822587582554    0.00284281340183  
   0.825877925024    0.00295184785447  
   0.829181436724    0.00279525008263  
   0.832498191461    0.00293598193306  
   0.835828189296    0.00295748984207  
   0.839171504458    0.00288248159551  
   0.842528212291    0.00298026746984  
   0.845898312618    0.00304126242336  
   0.849281881239    0.00284335161789  
   0.852678995109     0.0031301358259  
   0.856089732362    0.00309756072552  
   0.859514093183    0.00307877161574  
   0.862952156231    0.00308537493963  
    0.86640392096    0.00323354573102  
   0.869869547625    0.00325487338225  
   0.873349036885    0.00312750393331  
   0.876842470444    0.00316228329663  
   0.880349848266    0.00321040140145  
    0.88387125266    0.00319708160156  
   0.887406682882    0.00314465703602  
   0.890956306903    0.00302928940043  
   0.894520125299    0.00310307621789  
   0.898098223703    0.00320879558792  
   0.901690602022    0.00321877572842  
    0.90529734659    0.00310082888782  
   0.908918545144    0.00318738840775  
   0.912554286861    0.00315635386485  
    0.91620448251    0.00319386893536  
   0.919869310553    0.00311450616036  
   0.923548771048    0.00298938035208  
   0.927242954756    0.00295614712599  
   0.930951953949    0.00308296142698  
    0.93467576885      0.003135513942  
   0.938414398252     0.0030010796381  
   0.942168124804      0.003156432917  
   0.945936759492    0.00293705067649  
   0.949720492285    0.00307555770598  
   0.953519420436    0.00277769760767  
   0.957333446481    0.00308559013975  
   0.961162765282    0.00291948807289  
   0.965007476762    0.00299617851753  
   0.968867481426    0.00290431530704  
    0.97274297922    0.00282760397875  
   0.976633970679    0.00284680121723  
   0.980540454853    0.00286686257546  
   0.984462636942    0.00285143937891  
   0.988400517931    0.00277614268072  
   0.992354097304    0.00275850307262  
   0.996323479373    0.00295822862737  
     1.0003087703    0.00289490447751  
    1.00431007814    0.00310290520934  
    1.00832729502     0.0032216777377  
    1.01236052764    0.00286574446812  
    1.01640999533    0.00286620383423  
    1.02047569976    0.00302473178394  
    1.02455752863      0.002868797686  
    1.02865581791    0.00300334097596  
    1.03277045575     0.0028332107464  
    1.03690155548    0.00270331940377  
    1.04104911636    0.00286437005863  
    1.04521325314    0.00291785547483  
    1.04939420063    0.00292905866324  
    1.05359172389    0.00301865340549  
    1.05780605831    0.00284409543428  
    1.06203732443    0.00279220318712  
    1.06628552323    0.00276128028624  
    1.07055065407    0.00300649054972  
    1.07483283844     0.0028017052561  
    1.07913220012    0.00281355764836  
    1.08344873944    0.00270050704169  
     1.0877824551    0.00270392596341  
    1.09213359969    0.00270832014105  
    1.09650217463    0.00266006314109  
     1.1008881797    0.00250553621586  
     1.1052917439    0.00267355768555  
    1.10971286672    0.00262953878611  
    1.11415174547    0.00265186475427  
      1.118608314    0.00255343053712  
    1.12308277256    0.00255683377623  
    1.12757512183    0.00243359283096  
    1.13208536077     0.0022814896765  
    1.13661376343    0.00248137095567  
    1.14116019235    0.00238221017095  
    1.14572485554    0.00215721094306  
    1.15030775326    0.00205314165215  
    1.15490895553      0.002134462395  
    1.15952860483    0.00214124608206  
    1.16416670132    0.00238595712349  
     1.1688233897    0.00200318458446  
    1.17349867003    0.00199416526031  
     1.1781926893    0.00199732258212  
    1.18290544752    0.00209507774372  
    1.18763701844    0.00184978563197  
    1.19238762871    0.00193782254997  
    1.19715712662    0.00198379657625  
    1.20194581802      0.001928197707  
    1.20675354877    0.00217264870906  
    1.21158055106    0.00191752780185  
    1.21642690421     0.0020001262754  
    1.22129260833    0.00193854694228  
    1.22617774218     0.0020956187207  
    1.23108246641    0.00187643321944  
    1.23600678128    0.00206896557052  
    1.24095085014    0.00206277287311  
    1.24591467342     0.0020790971197  
    1.25089833345    0.00203462505626  
    1.25590191332     0.0019823512575  
    1.26092549688    0.00203324136434  
    1.26596925462    0.00200678911659  
    1.27103310096    0.00210783255299  
    1.27611720729     0.0020426825789  
    1.28122166071     0.0020773522739  
    1.28634654912    0.00204769317224  
     1.2914919613     0.0020603522612  
    1.29665789685    0.00193688255157  
    1.30184453495    0.00194767770489  
    1.30705196705    0.00220975457324  
    1.31228019329    0.00197300191613  
     1.3175293048    0.00203781251866  
    1.32279939364    0.00210605303484  
    1.32809055282    0.00183538429077  
    1.33340297157    0.00224702748016  
    1.33873655515    0.00197317285112  
    1.34409149405    0.00207202504353  
    1.34946788529    0.00215466250711  
    1.35486572862    0.00209937287022  
    1.36028521997    0.00206182434916  
    1.36572635965    0.00195204699004  
    1.37118924663    0.00190567686467  
    1.37667398097    0.00182223470595  
    1.38218066385    0.00210724754702  
     1.3877093976    0.00195560759198  
    1.39326028573     0.0019136785631  
    1.39883332813    0.00172173602718  
    1.40442862818    0.00182302487794  
    1.41004639701    0.00196679080539  
    1.41568652828    0.00182902815724  
    1.42134923472    0.00177954792638  
     1.4270347338    0.00174663290874  
    1.43274280789      0.002021585834  
    1.43847378442    0.00173659086038  
    1.44422766398     0.0016767158431  
    1.45000455759    0.00168988632062  
    1.45580457763     0.0017559929687  
    1.46162783788    0.00163175852101  
     1.4674743382    0.00179565293574  
    1.47334419247    0.00151335343224  
    1.47923763322    0.00151950276915  
    1.48515454374    0.00154821466035  
    1.49109515859    0.00160242053119  
    1.49705959758     0.0017355461328  
    1.50304786104    0.00158959983437  
    1.50905994702    0.00155859686492  
    1.51509622013    0.00152813155162  
    1.52115668254    0.00149603770425  
    1.52724120921    0.00152003258683  
    1.53335017254     0.0015566276064  
    1.53948357374    0.00145528355884  
    1.54564153965    0.00157116919619  
    1.55182406983    0.00158338957599  
    1.55803142154    0.00142525409535  
    1.56426359579     0.0015019678946  
    1.57052059122    0.00137346218532  
     1.5768026704    0.00149841470568  
    1.58310983348    0.00136779701546  
    1.58944234883    0.00138874781415  
    1.59580008182    0.00148956555595  
    1.60218330351    0.00149007012018  
    1.60859201408    0.00131557377142  
    1.61502635096    0.00152467067232  
    1.62148645356    0.00134244559111  
    1.62797246329    0.00135610832156  
    1.63448438051    0.00159359836581  
    1.64102234735    0.00131641344639  
    1.64758636258     0.0010700853088  
    1.65417671562    0.00136808660657  
    1.66079340718    0.00141546662561  
    1.66743658437    0.00126945812257  
     1.6741063965    0.00130667285859  
    1.68080269246    0.00122209239845  
    1.68752592389    0.00126834817269  
    1.69427609314    0.00143878363098  
    1.70105319998    0.00107018559444  
    1.70785739784    0.00127736968955  
    1.71468884249     0.0011778007292  
    1.72154753335    0.00104902594048  
    1.72843378724    0.00125942229844  
    1.73534744462    0.00106764180608  
    1.74228882598    0.00111583471269  
    1.74925809556    0.00118681131868  
    1.75625508976    0.00128186491223  
    1.76328013667    0.00125984913912  
    1.77033323648    0.00116186705514  
    1.77741455594    0.00102855055648  
    1.78452426446    0.00114672450515  
     1.7916623622    0.00106917879184  
    1.79882901993    0.00120482266462  
    1.80602423647    0.00111795830816  
    1.81324836008    0.00104653347139  
    1.82050139242   0.000987640431371  
     1.8277833324    0.00104707766396  
    1.83509453688   0.000982865285948  
    1.84243482592    0.00106529797148  
    1.84980456084   0.000978129653771  
    1.85720392704    0.00102435205181  
    1.86463274053   0.000982086622296  
    1.87209118398    0.00101283947108  
     1.8795796324   0.000856254554768  
    1.88709789773   0.000972703124086  
    1.89464616751   0.000941669377206  
    1.90222482632   0.000985701908863  
    1.90983368203     0.0010174143271  
    1.91747312426   0.000974479630355  
    1.92514295664   0.000840494325804  
    1.93284357391   0.000991763295504  
    1.94057497714   0.000830167014551  
    1.94833716444   0.000895628066407  
    1.95613054087   0.000987018086754  
     1.9639551083     0.0009230283292  
    1.97181086567    0.00104348287384  
    1.97969822875   0.000923511681949  
    1.98761698878    0.00087939674806  
     1.9955673539   0.000897595895244  
    2.00354975096   0.000871326741692  
    2.01156396724   0.000910279687319  
    2.01961021701   0.000779997205489  
    2.02768849818   0.000815240096944  
    2.03579924952   0.000759453309756  
    2.04394247327   0.000805704681943  
    2.05211839415   0.000899048355398  
    2.06032678619   0.000716920175581  
    2.06856810064    0.00090174279385  
    2.07684233806   0.000705267105359  
    2.08514972876   0.000724699462135  
    2.09349027249   0.000684492479479  
    2.10186420246   0.000706264117846  
    2.11027175621   0.000705264810824  
    2.11871293521   0.000661544655704  
     2.1271877377   0.000781348629259  
    2.13569640299   0.000617978527624  
    2.14423917486   0.000692144713963  
    2.15281605342   0.000620094401031  
    2.16142753599   0.000745918819524  
    2.17007312352   0.000623448210677  
     2.1787533147   0.000648919941279  
    2.18746836472   0.000613112561642  
    2.19621827524   0.000635430421249  
    2.20500330503   0.000732596297947  
    2.21382319273   0.000570483770679  
    2.22267845914   0.000624738393198  
    2.23156923834   0.000649178562098  
    2.24049553083   0.000564689346003  
    2.24945746922   0.000564310753901  
    2.25845532359    0.00054778264343  
    2.26748909386   0.000424537552409  
     2.2765590541   0.000535554695306  
    2.28566534384   0.000588101230257  
     2.2948079625   0.000590657154783  
    2.30398719039   0.000599300490106  
    2.31320316998   0.000576526162686  
    2.32245604483    0.00048588794387  
    2.33174581389   0.000591011963939  
    2.34107276615   0.000526439561234  
    2.35043704837   0.000598660652558  
    2.35983880845   0.000480740130006  
    2.36927819543   0.000413859038639  
    2.37875535953   0.000537417751326  
    2.38827029941   0.000629733156814  
    2.39782347203   0.000507626224491  
    2.40741472448   0.000451550812827  
    2.41704436467   0.000446796797526  
    2.42671254905    0.00050835620851  
    2.43641943535   0.000521285914009  
    2.44616502242   0.000367844703013  
       2.45594979   0.000438684373578  
    2.46577357813   0.000504865178562  
    2.47563654622    0.00034174360154  
    2.48553918601   0.000418460625314  
    2.49548133412   0.000589530588231  
    2.50546315429    0.00040579396925  
    2.51548515073    0.00033766143359  
    2.52554698583   0.000362647531588  
    2.53564916829   0.000512496818501  
    2.54579187216   0.000480859548818  
    2.55597492322   0.000433472316877  
     2.5661988433   0.000456332962774  
    2.57646363371   0.000379703631012  
    2.58676947111   0.000389860185912  
    2.59711653388   0.000264327478083  
    2.60750500219   0.000277640147592  
    2.61793505804   0.000310614734608  
    2.62840688526   0.000319750551231  
    2.63892048307   0.000262660925936  
    2.64947622269   0.000237789311657  
    2.66007410417   0.000281426924704  
    2.67071431458   0.000278570849685  
    2.68139723552   0.000226864470458  
    2.69212286854   0.000284782607264  
    2.70289121112   0.000323793919196  
    2.71370284826   0.000264407403464  
     2.7245575844    0.00022645572246  
    2.73545581473   0.000264886212965  
    2.74639774102   0.000181851535745  
    2.75738336362    0.00027066088296  
    2.76841288399    0.00029481269835  
    2.77948650585   0.000244531523004  
    2.79060443525   0.000279283621497  
    2.80176688064   0.000265153198465  
    2.81297384093   0.000275296638585  
    2.82422573799   0.000201154172716  
    2.83552278766   0.000221646641008  
    2.84686477416   0.000251055095707  
    2.85825234572   0.000259728857213  
     2.8696852848   0.000212345701803  
    2.88116402948   0.000226445967779  
    2.89268857934   0.000330045552272  
    2.90425938136   0.000188638437667  
    2.91587643703   0.000150977680828  
    2.92753997296   0.000113493435184  
    2.93925021859   0.000164732823294  
      2.951007173    0.00021544073819  
    2.96281106587   0.000230989945764  
    2.97466236678   0.000198961173735  
    2.98656107812   0.000174775114189  
     2.9985071977   0.000168776181288  
      3.010501447   0.000226748873483  
    3.02254334263   0.000182030544428  
    3.03463361427   0.000215712428989  
    3.04677201599   0.000197028286187  
    3.05895904115   0.000256202181176  
    3.07119494173   0.000269234007057  
    3.08347971845   0.000295211856282  
    3.09581362403   9.65619219127e-05  
    3.10819691461   0.000214654134571  
    3.12062958899   8.76999557035e-05  
    3.13311216706   0.000154183217011  
    3.14564465057   0.000209365988981  
    3.15822730368   0.000125588329252  
    3.17086012492   0.000170563372212  
    3.18354365085   0.000169392212263  
    3.19627788324    0.00018619036652  
    3.20906281894   0.000108386710398  
    3.22189900597   0.000144078433718  
    3.23478672482   0.000194635333709  
    3.24772597752   0.000137772382707  
    3.26071676117   0.000117071244204  
    3.27375964194   0.000151141012568  
    3.28685462056   6.80931157469e-05  
    3.30000198442   0.000107123275304  
    3.31320202516   9.13778021689e-05  
    3.32645503871   7.56389961477e-05  
    3.33976072794   0.000124035768243  
    3.35311968447   0.000154384752973  
    3.36653221038   7.19987864392e-05  
     3.3799983063   0.000136642605421  
    3.39351827618   4.28285736249e-05  
    3.40709242856   8.19534235546e-05  
    3.42072076331   0.000117478924519  
    3.43440359099   0.000162057230417  
    3.44814122692    0.00014166886754  
    3.46193399134    9.1834600268e-05  
    3.47578156229   0.000120307595513  
    3.48968490685   0.000149151552999  
    3.50364337402    8.6004840829e-05  
    3.51765794355   0.000166293188657  
    3.53172861925   7.25087453931e-05  
    3.54585573632   0.000130493825892  
     3.5600389564   0.000134628025469  
    3.57427929354   8.78607179584e-05  
    3.58857640934   5.15378439265e-05  
    3.60293064433    0.00010617340887  
    3.61734234457   6.44511108671e-05  
    3.63181186174   0.000105708138205  
    3.64633884103    7.8850690336e-05  
    3.66092434656   0.000108772661513  
    3.67556802377   3.67379240737e-05  
    3.69027023047   8.90952217855e-05  
    3.70503133043   4.02710189422e-05  
    3.71985132286   8.22145010254e-05  
    3.73473094844   8.45039359885e-05  
    3.74966983622   6.73279963637e-05  
    3.76466835677   9.28626159517e-05  
    3.77972726954   5.02870320568e-05  
    3.79484619552   0.000102916259545  
    3.81002551525   6.56698336581e-05  
    3.82526561575   0.000101239689624  
    3.84056649563   4.07613476918e-05  
    3.85592894407   4.46951380143e-05  
    3.87135256549   5.32991394424e-05  
    3.88683815953   4.69722649408e-05  
    3.90238532204   5.06646058263e-05  
    3.91799486333    1.6990234977e-05  
    3.93366678499   2.51619911239e-05  
     3.9494015004   4.52682574461e-05  
    3.96519900909   9.68811060468e-05  
    3.98106015352   6.83041694091e-05  
    3.99698408556   3.84556412552e-05  
    4.01297208033   4.40462315505e-05  
    4.02902414361   1.49107978622e-05  
    4.04514027511   8.92775609147e-05  
    4.06132091013   2.24116205593e-05  
    4.07756604651   4.32799886937e-05  
     4.0938761247    1.3886319545e-05  
    4.11025159314   2.17089621385e-05  
    4.12669290844   8.16956521834e-05  
    4.14319961597   4.61362133744e-05  
      4.159772167   6.79273606475e-06  
    4.17641148833   4.42558909822e-05  
     4.1931171174   3.53360357363e-05  
    4.20988951967   3.88615815968e-05  
    4.22672916926   2.34321060146e-05  
    4.24363606672     1.364002656e-05  
    4.26061069234   4.31607023396e-05  
    4.27765304529   3.97408824144e-05  
     4.2947636122   2.46346310158e-05  
    4.31194288887     7.316297669e-05  
    4.32919037643   3.91975882057e-05  
    4.34650707141    4.2765498118e-05  
    4.36389297573   2.95796294462e-05  
    4.38134859885   2.79986719813e-05  
    4.39887394162   8.10316160622e-06  
    4.41646952064   3.03257008518e-05  
    4.43413533578   5.33774063778e-05  
    4.45187217638   3.59866039587e-05  
    4.46967951266   4.79834974594e-05  
    4.48755840908   5.13375467354e-05  
    4.50550859831                 0.0  
     4.5235306196                 0.0  
    4.54162474648   2.60596931696e-05  
    4.55979125434   5.04525961314e-05  
    4.57803042047                 0.0  
    4.59634252412   1.33842970203e-05  
     4.6147278465   1.86961934647e-05  
    4.63318667084   3.34514996238e-05  
    4.65171957222   2.38006459417e-05  
    4.67032626082   7.38653005656e-06  
    4.68900760809   1.92937502157e-05  
    4.70776361606                 0.0  
    4.72659487793                 0.0  
    4.74550109403   4.60079429872e-05  
    4.76448316381   3.83015580541e-05  
    4.78354108914   6.54720274362e-06  
     4.8026751735   7.73288326157e-06  
    4.82188603423   3.64661289007e-05  
    4.84117335953   3.26611024993e-05  
    4.86053808574                 0.0  
    4.87998021521                 0.0  
    4.89950038583                 0.0  
    4.91909827634                 0.0  
    4.93877452759    1.9513564072e-05  
    4.95852979362   2.88700120868e-05  
    4.97836374618   3.10516487338e-05  
    4.99827737711   1.89372993881e-05  
     5.0182703536    2.6022217332e-05  
    5.03834368422   2.33175099892e-05  
    5.05849703165   1.07561526621e-05  
    5.07873073078   1.13601565619e-05  
    5.09904581601   5.10242137621e-05  
    5.11944194334   6.07963294311e-06  
    5.13991981119                 0.0  
    5.16047941939   6.75430581643e-06  
    5.18112147886   1.54508727669e-05  
    5.20184599077                 0.0  
    5.22265331361    4.3629894064e-05  
     5.2435438095   5.27024589637e-05  
    5.26451784426   2.00507019393e-05  
    5.28557616158   7.68503243946e-06  
     5.3067183896   6.24233325671e-05  
    5.32794527679                 0.0  
    5.34925720446    4.4110527377e-05  
    5.37065417172   2.52739457711e-05  
    5.39213655882   1.01984514494e-05  
    5.41370514258                 0.0  
    5.43535992532   0.000119945001308  
    5.45710169869    5.9198371831e-06  
    5.47893006545   3.91818728559e-05  
    5.50084582284    3.0164191544e-05  
    5.52284896853   1.34084759619e-05  
    5.54494031519   3.12970144219e-05  
    5.56712027819   3.74830684211e-05  
    5.58938885932    1.7556730632e-05  
    5.61174605182   2.92683086605e-05  
    5.63419311564                 0.0  
    5.65673005712   4.18762587318e-05  
    5.67935687409    6.8687024206e-05  
    5.70207442649   3.71435928184e-05  
    5.72488271545   4.03531304249e-05  
     5.7477821758   3.26116484806e-05  
    5.77077324765                 0.0  
    5.79385637646   3.38884547072e-05  
     5.8170320132   0.000117221708463  
    5.84029970084   3.17064553741e-05  
    5.86366126104    2.9736787167e-05  
    5.88711578034   9.29870584844e-06  
    5.91066417822   2.49350798278e-05  
    5.93430692324   6.63800243059e-05  
    5.95804401457   5.53354880558e-05  
    5.98187640063                 0.0  
    6.00580360217   1.38799484119e-05  
    6.02982706295   9.23896574604e-05  
     6.0539463008   4.90753470389e-05  
    6.07816229297   5.71330644563e-05  
    6.10247454277   1.47217641613e-05  
    6.12688453908   3.59213448423e-05  
    6.15139228923   3.24635757819e-05  
    6.17599779122   4.59030087338e-05  
    6.20070154853   1.62857694771e-05  
    6.22550459046   1.63656626586e-05  
    6.25040640037   3.20698002802e-05  
    6.27540801757   3.33436455527e-05  
    6.30050997369                 0.0  
    6.32571173604   4.24114206062e-05  
     6.3510149058   4.77052757244e-05  
    6.37641894807   3.95610228645e-05  
    6.40192439863   1.00586996589e-05  
    6.42753235412   4.57071961709e-05  
    6.45324226357   1.61124056047e-05  
    6.47905523486                 0.0  
    6.50497126841   1.32823926941e-05  
    6.53099149713   1.36413596798e-05  
      6.557115353                 0.0  
    6.58334398091   4.82145166129e-05  
    6.60967738247                 0.0  
      6.636116139   2.13004000947e-05  
    6.66266024591    1.5028623215e-05  
     6.6893108869    9.9843611988e-06  
    6.71606806547    1.3540752631e-05  
    6.74293238382   2.95507708593e-05  
    6.76990445326                 0.0  
    6.79698365696                 0.0  
    6.82417184254   4.45220360385e-05  
    6.85146839216                 0.0  
    6.87887455859                 0.0  
    6.90638970817   8.01420741633e-05  
    6.93401510795                 0.0  
    6.96175140629   8.79309816268e-05  
    6.98959860741    1.1778018018e-05  
    7.01755670493    6.9880941094e-05  
    7.04562701121   1.29547448824e-05  
    7.07380952993   5.79437583476e-05  
    7.10210492952   1.06505170772e-05  
    7.13051320818   6.48775980931e-05  
    7.15903503951                 0.0  
      7.187671108   1.48488666324e-05  
    7.21642210919                 0.0  
     7.2452880469   0.000126574034252  
    7.27426891394   6.72208303358e-05  
     7.3033661205   2.00788144756e-05  
    7.33257967105   7.64472152865e-05  
    7.36190955887   2.63813559973e-05  
    7.39135722917   6.55764675863e-05  
    7.42092268746   1.18143414287e-05  
    7.45060667143   2.14555969579e-05  
    7.48040918171     0.0001006934151  
     7.5103309629   1.79818946075e-05  
    7.54037201069   0.000120960427746  
    7.57053307674    4.7310428191e-05  
    7.60081569915   4.89321424022e-05  
     7.6312191142   2.36082718902e-05  
    7.66174409401   4.00519513225e-05  
    7.69239063155   1.64863192212e-05  
    7.72316030546   2.59643171163e-05  
    7.75405312312   8.86835329447e-06  
    7.78506908015   1.48951533411e-05  
    7.81620897836   1.25442958269e-05  
    7.84747445827                 0.0  
    7.87886387586                 0.0  
    7.91037971196     1.331750984e-05  
    7.94202113658                 0.0  
    7.97378898366                 0.0  
    8.00568410198                 0.0  
    8.03770735543                 0.0  
    8.06985787909                 0.0  
    8.10213740517                 0.0  
    8.13454593714   4.62061649623e-05  
    8.16708435933                 0.0  
    8.19975267166                 0.0  
    8.23255176913                 0.0  
    8.26548164815   2.00270919775e-05  
    8.29854321466                 0.0  
    8.33173739122   1.70468506265e-05  
    8.36506511734   2.32682915279e-05  
      8.398524516                 0.0  
    8.43211935001                 0.0  
    8.46584773181                 0.0  
    8.49971060237                 0.0  
     8.5337098955                 0.0  
    8.56784464499                 0.0  
    8.60211582222                 0.0  
    8.63652441684                 0.0  
    8.67107043027                 0.0  
    8.70575486565   4.72925981142e-05  
    8.74057772207                 0.0  
    8.77554001652                 0.0  
    8.81064278543                 0.0  
    8.84588498917                 0.0  
    8.88126871009                 0.0  
    8.91679342222                 0.0  
    8.95246071565                 0.0  
    8.98827059515                 0.0  
    9.02422359715                 0.0  
    9.06032026159                 0.0  
    9.09656168612                 0.0  
    9.13294787279                 0.0  
    9.16947993568                 0.0  
    9.20615787578                 0.0  
    9.24298225202                 0.0  
      9.279954204                 0.0  
    9.31707431261                 0.0  
    9.35434257718                 0.0  
    9.39175957335                 0.0  
     9.4293270718                 0.0  
    9.46704388515                 0.0  
    9.50491240293                 0.0  
    9.54293202825                 0.0  
    9.58110335964                 0.0  
    9.61942823963                 0.0  
     9.6579060571                 0.0  
    9.69653742549                 0.0  
    9.73532359794                 0.0  
    9.77426457375   1.36894293781e-05  
    9.81336162691                 0.0  
    9.85261540749                 0.0  
     9.8920259161                 0.0  
    9.93159379873                 0.0  
    9.97132037286                 0.0  
     10.011205641                 0.0  
    10.0512502668                 0.0  
     10.091455602                 0.0  
    10.1318209644                 0.0  
    10.1723484056                 0.0  
    10.2130379328                 0.0  
    10.2538902416                 0.0  
    10.2949053247                 0.0  
    10.3360853051                 0.0  
     10.377429474                 0.0  
    10.4189392642                 0.0  
