      wave_micron            flux_mjy  
  0.0156853443263                 0.0  
  0.0157424663449                 0.0  
  0.0158054356507                 0.0  
  0.0158686569118                 0.0  
  0.0159321318584                 0.0  
  0.0159958604977                 0.0  
  0.0160598445808                 0.0  
  0.0161240841083                 0.0  
  0.0161885808528                 0.0  
  0.0162533348082                 0.0  
  0.0163183477691                 0.0  
  0.0163836215635                 0.0  
  0.0164491561976                 0.0  
  0.0165149516526                 0.0  
  0.0165810116545                 0.0  
  0.0166473362235                 0.0  
  0.0167139253547                 0.0  
  0.0167807809484                 0.0  
  0.0168479049407                 0.0  
  0.0169152953802                 0.0  
  0.0169829561599                 0.0  
  0.0170508892791                 0.0  
  0.0171190927561                 0.0  
  0.0171875685703                 0.0  
  0.0172563187389                 0.0  
  0.0173253453176                 0.0  
  0.0173946452152                 0.0  
  0.0174642246251                 0.0  
  0.0175340814816                 0.0  
  0.0176042178752                 0.0  
  0.0176746348662                 0.0  
  0.0177453324422                 0.0  
  0.0178163138284                 0.0  
  0.0178875790356                 0.0  
  0.0179591302593                 0.0  
   0.018030966394                 0.0  
  0.0181030896418                 0.0  
  0.0181755022485                 0.0  
  0.0182482042211                 0.0  
  0.0183211978404                 0.0  
  0.0183944819524                 0.0  
  0.0184680600153                 0.0  
  0.0185419320346                 0.0  
  0.0186161003639                 0.0  
  0.0186905650087                 0.0  
  0.0187653271533                 0.0  
  0.0188403879917                 0.0  
  0.0189157499541                 0.0  
  0.0189914130476                 0.0  
  0.0190673784962                 0.0  
  0.0191436475346                 0.0  
  0.0192202226747                 0.0  
  0.0192971026499                 0.0  
  0.0193742912707                 0.0  
  0.0194517885495                 0.0  
  0.0195295957766                 0.0  
  0.0196077142543                 0.0  
  0.0196861452965                 0.0  
  0.0197648902299                 0.0  
  0.0198439490432                 0.0  
  0.0199233257773                 0.0  
  0.0200030190859                 0.0  
  0.0200830303139                 0.0  
   0.020163362213                 0.0  
   0.020244016188                 0.0  
  0.0203249922415                 0.0  
  0.0204062917725                 0.0  
  0.0204879176333                 0.0  
  0.0205698683849                 0.0  
  0.0206521483595                 0.0  
  0.0207347575754                 0.0  
  0.0208176960197                 0.0  
  0.0209009666426                 0.0  
  0.0209845709483                 0.0  
   0.021068508935                 0.0  
  0.0211527836369                 0.0  
  0.0212373935147                 0.0  
  0.0213223431819                 0.0  
  0.0214076326548                 0.0  
  0.0214932635009                 0.0  
  0.0215792373054                 0.0  
  0.0216655540623                 0.0  
  0.0217522153544                 0.0  
  0.0218392244177                 0.0  
  0.0219265812629                 0.0  
  0.0220142875284                 0.0  
   0.022102344872                 0.0  
  0.0221907549711                 0.0  
  0.0222795178215                 0.0  
     0.0223686351                 0.0  
  0.0224581102329                 0.0  
  0.0225479432363                 0.0  
  0.0226381340923                 0.0  
    0.02272868629                 0.0  
  0.0228196016112                 0.0  
  0.0229108800607                 0.0  
  0.0230025234219                 0.0  
  0.0230945335011                 0.0  
  0.0231869121271                 0.0  
  0.0232796592944                 0.0  
  0.0233727787076                 0.0  
  0.0234662684912                 0.0  
  0.0235601342854                 0.0  
  0.0236543742035                 0.0  
  0.0237489920624                 0.0  
  0.0238439878675                 0.0  
  0.0239393635529                 0.0  
  0.0240351210781                 0.0  
  0.0241312624294                 0.0  
  0.0242277876074                 0.0  
  0.0243246986042                 0.0  
  0.0244219974394                 0.0  
  0.0245196840988                 0.0  
  0.0246177647639                 0.0  
  0.0247162353057                 0.0  
  0.0248150998684                 0.0  
  0.0249143605646                 0.0  
  0.0250140173915                 0.0  
  0.0251140746327                 0.0  
  0.0252145301323                 0.0  
  0.0253153882178                 0.0  
  0.0254166488883                 0.0  
   0.025518316569                 0.0  
  0.0256203890373                 0.0  
  0.0257228707652                 0.0  
  0.0258257617563                 0.0  
  0.0259290665849                 0.0  
  0.0260327829623                 0.0  
  0.0261369131704                 0.0  
  0.0262414618859                 0.0  
  0.0263464267569                 0.0  
  0.0264518125117                 0.0  
  0.0265576191548                 0.0  
  0.0266638490876                 0.0  
  0.0267705047483                 0.0  
  0.0268775886124                 0.0  
   0.026985098201                 0.0  
  0.0270930384635                 0.0  
  0.0272014093945                 0.0  
   0.027310216061                 0.0  
  0.0274194559189                 0.0  
  0.0275291340945                 0.0  
  0.0276392505996                 0.0  
  0.0277498080437                 0.0  
  0.0278608064171                 0.0  
  0.0279722510321                 0.0  
  0.0280841392175                 0.0  
  0.0281964763499                 0.0  
  0.0283092624414                 0.0  
  0.0284225002304                 0.0  
  0.0285361897086                 0.0  
  0.0286503336378                 0.0  
  0.0287649348254                 0.0  
  0.0288799961254                 0.0  
  0.0289955146745                 0.0  
  0.0291114961891                 0.0  
  0.0292279435974                 0.0  
  0.0293448539722                 0.0  
  0.0294622331746                 0.0  
  0.0295800842108                 0.0  
  0.0296984040898                 0.0  
  0.0298171957753                 0.0  
  0.0299364653541                 0.0  
   0.030056212869                 0.0  
  0.0301764351955                 0.0  
   0.030297141651                 0.0  
  0.0304183322902                 0.0  
   0.030540003925                 0.0  
  0.0306621628877                 0.0  
  0.0307848124195                 0.0  
  0.0309079525434                 0.0  
  0.0310315832356                 0.0  
    0.03115571108                 0.0  
  0.0312803327616                 0.0  
  0.0314054549548                 0.0  
  0.0315310776845                 0.0  
  0.0316572009275                 0.0  
  0.0317838280754                 0.0  
  0.0319109660721                 0.0  
  0.0320386079596                 0.0  
  0.0321667642428                 0.0  
  0.0322954314137                 0.0  
  0.0324246130101                 0.0  
  0.0325543090014                 0.0  
  0.0326845266313                 0.0  
  0.0328152659439                 0.0  
  0.0329465269336                 0.0  
  0.0330783132954                 0.0  
   0.033210625012                 0.0  
   0.033343469638                 0.0  
  0.0334768433941                 0.0  
  0.0336107500733                 0.0  
  0.0337451935402                 0.0  
   0.033880173797                 0.0  
  0.0340156947608                 0.0  
  0.0341517564247                 0.0  
  0.0342883627599                 0.0  
  0.0344255178135                 0.0  
  0.0345632175188                 0.0  
   0.034701474139                 0.0  
  0.0348402773911                 0.0  
  0.0349796396789                 0.0  
  0.0351195589536                 0.0  
   0.035260035177                 0.0  
  0.0354010768498                 0.0  
  0.0355426796991                 0.0  
  0.0356848523573                 0.0  
  0.0358275904781                 0.0  
  0.0359709006102                 0.0  
  0.0361147849876                 0.0  
  0.0362592436068                 0.0  
  0.0364042809523                 0.0  
  0.0365498970178                 0.0  
  0.0366960986659                 0.0  
  0.0368428812899                 0.0  
  0.0369902541514                 0.0  
  0.0371382149325                 0.0  
  0.0372867683334                 0.0  
  0.0374359143444                 0.0  
  0.0375856577413                 0.0  
  0.0377360009557                 0.0  
  0.0378869439793                 0.0  
  0.0380384917058                 0.0  
  0.0381906466288                 0.0  
  0.0383434087434                 0.0  
  0.0384967830666                 0.0  
   0.038650769597                 0.0  
  0.0388053734364                 0.0  
   0.038960594588                 0.0  
  0.0391164356184                 0.0  
  0.0392729017611                 0.0  
  0.0394299930284                 0.0  
  0.0395877147451                 0.0  
  0.0397460642231                 0.0  
  0.0399050495458                 0.0  
  0.0400646707415                 0.0  
   0.040224927778                 0.0  
  0.0403858289483                 0.0  
  0.0405473714781                 0.0  
  0.0407095609641                 0.0  
  0.0408724002575                 0.0  
  0.0410358893525                 0.0  
  0.0412000310899                 0.0  
  0.0413648312727                 0.0  
  0.0415302928712                 0.0  
  0.0416964129266                 0.0  
  0.0418631973335                 0.0  
  0.0420306521135                 0.0  
  0.0421987742598                 0.0  
   0.042367569835                 0.0  
  0.0425370388292                 0.0  
  0.0427071874205                 0.0  
  0.0428780156177                 0.0  
   0.043049526541                 0.0  
  0.0432217265482                 0.0  
  0.0433946124512                 0.0  
  0.0435681906547                 0.0  
  0.0437424644236                 0.0  
  0.0439174337544                 0.0  
   0.044093105242                 0.0  
  0.0442694755483                 0.0  
  0.0444465547052                 0.0  
  0.0446243393465                 0.0  
  0.0448028362515                 0.0  
  0.0449820488816                 0.0  
  0.0451619772443                 0.0  
  0.0453426248022                 0.0  
  0.0455239950608                 0.0  
   0.045706091569                 0.0  
  0.0458889143101                 0.0  
  0.0460724704748                 0.0  
   0.046256760079                 0.0  
   0.046441790463                 0.0  
  0.0466275542247                 0.0  
  0.0468140661927                 0.0  
  0.0470013226687                 0.0  
  0.0471893273967                 0.0  
  0.0473780841697                 0.0  
  0.0475675968309                 0.0  
  0.0477578692744                 0.0  
  0.0479488975641                 0.0  
   0.048140693455                 0.0  
  0.0483332569947                 0.0  
  0.0485265921937                 0.0  
  0.0487206949799                 0.0  
  0.0489155815836                 0.0  
   0.049111243877                 0.0  
   0.049307685897                 0.0  
  0.0495049159376                 0.0  
  0.0497029382501                 0.0  
  0.0499017486086                 0.0  
   0.050101355483                 0.0  
  0.0503017632032                 0.0  
  0.0505029674168                 0.0  
  0.0507049811828                 0.0  
   0.050907800134                 0.0  
  0.0511114331187                 0.0  
    0.05131587565                 0.0  
  0.0515211412192                 0.0  
  0.0517272253272                 0.0  
  0.0519341324971                 0.0  
  0.0521418719793                 0.0  
  0.0523504391491                 0.0  
  0.0525598386228                 0.0  
  0.0527700798601                 0.0  
  0.0529811581091                 0.0  
  0.0531930829348                 0.0  
   0.053405854351                 0.0  
   0.053619482147                 0.0  
  0.0538339564734                 0.0  
  0.0540492921197                 0.0  
  0.0542654891273                 0.0  
  0.0544825525434                 0.0  
  0.0547004823653                 0.0  
  0.0549192836769                 0.0  
  0.0551389616421                 0.0  
  0.0553595162538                 0.0  
  0.0555809580109                 0.0  
  0.0558032816516                 0.0  
  0.0560264924201                 0.0  
  0.0562506010693                 0.0  
  0.0564756022102                 0.0  
  0.0567015067269                 0.0  
  0.0569283091019                 0.0  
  0.0571560259525                 0.0  
  0.0573846461207                 0.0  
  0.0576141864508                 0.0  
  0.0578446412999                 0.0  
  0.0580760220995                 0.0  
  0.0583083230765                 0.0  
  0.0585415558071                 0.0  
  0.0587757262298                 0.0  
  0.0590108284451                 0.0  
  0.0592468683068                 0.0  
   0.059483857834                 0.0  
      0.059721791                 0.0  
   0.059960679981                 0.0  
  0.0602005248295                 0.0  
  0.0604413255067                 0.0  
  0.0606830881933                 0.0  
  0.0609258255401                 0.0  
  0.0611695248559                 0.0  
  0.0614142052735                 0.0  
  0.0616598603809                 0.0  
  0.0619065031726                 0.0  
  0.0621541271011                 0.0  
  0.0624027453381                 0.0  
  0.0626523579279                 0.0  
  0.0629029648195                 0.0  
  0.0631545727019                 0.0  
  0.0634071952761                 0.0  
  0.0636608257455                 0.0  
  0.0639154639987                 0.0  
  0.0641711310012                 0.0  
  0.0644278127187                 0.0  
  0.0646855232552                 0.0  
  0.0649442626117                 0.0  
  0.0652040452661                 0.0  
  0.0654648566764                 0.0  
  0.0657267187584                 0.0  
  0.0659896241762                 0.0  
  0.0662535878291                 0.0  
  0.0665186022408                 0.0  
  0.0667846748831                 0.0  
  0.0670518133677                 0.0  
  0.0673200176808                 0.0  
  0.0675892955364                 0.0  
  0.0678596547942                 0.0  
  0.0681310955057                 0.0  
  0.0684036176189                 0.0  
  0.0686772371465                 0.0  
  0.0689519460626                 0.0  
  0.0692277524068                 0.0  
  0.0695046643732                 0.0  
  0.0697826819665                 0.0  
  0.0700618092917                 0.0  
  0.0703420589619                 0.0  
   0.070623426789                 0.0  
  0.0709059212687                 0.0  
  0.0711895423753                 0.0  
  0.0714743031091                 0.0  
  0.0717601991258                 0.0  
  0.0720472391778                 0.0  
  0.0723354277057                 0.0  
  0.0726247691824                 0.0  
  0.0729152681139                 0.0  
    0.07320692904                 0.0  
  0.0734997565348                 0.0  
  0.0737937552076                 0.0  
  0.0740889344083                 0.0  
  0.0743852894469                 0.0  
  0.0746828297095                 0.0  
  0.0749815599532                 0.0  
  0.0752814849739                 0.0  
  0.0755826145031                 0.0  
  0.0758849436633                 0.0  
  0.0761884822289                 0.0  
  0.0764932351588                 0.0  
  0.0767992074549                 0.0  
  0.0771064092587                 0.0  
  0.0774148303731                 0.0  
  0.0777244912211                 0.0  
  0.0780353918892                 0.0  
  0.0783475323458                 0.0  
  0.0786609230457                 0.0  
  0.0789755639691                 0.0  
  0.0792914657527                 0.0  
   0.079608633823                 0.0  
  0.0799270681838                 0.0  
  0.0802467742357                 0.0  
   0.080567762995                 0.0  
  0.0808900344938                 0.0  
   0.081213594294                 0.0  
  0.0815384480128                 0.0  
  0.0818646013243                 0.0  
  0.0821920599602                 0.0  
  0.0825208297115                 0.0  
  0.0828509105458                 0.0  
  0.0831823141643                 0.0  
   0.083515046541                 0.0  
  0.0838491076875                 0.0  
  0.0841845035616                 0.0  
  0.0845212401854                 0.0  
  0.0848593236462                 0.0  
   0.085198760098                 0.0  
   0.085539555763                 0.0  
  0.0858817169328                 0.0  
  0.0862252435974                 0.0  
  0.0865701420383                 0.0  
  0.0869164250829                 0.0  
  0.0872640927855                 0.0  
  0.0876131450676                 0.0  
  0.0879636016111                 0.0  
  0.0883154558578                 0.0  
   0.088668714379                 0.0  
  0.0890233906167                 0.0  
  0.0893794846157                 0.0  
  0.0897370031866                 0.0  
  0.0900959462655                 0.0  
  0.0904563346886                 0.0  
  0.0908181615483                 0.0  
  0.0911814338254                 0.0  
  0.0915461585877                 0.0  
  0.0919123429913                 0.0  
  0.0922799869838                 0.0  
  0.0926491124422                 0.0  
   0.093019704726                 0.0  
  0.0933917859573                 0.0  
  0.0937653562234                 0.0  
  0.0941404154694                 0.0  
  0.0945169788091                 0.0  
  0.0948950462631                 0.0  
  0.0952746254872                 0.0  
  0.0956557242391                 0.0  
  0.0960383424748                 0.0  
    0.09642249594                 0.0  
  0.0968081927081                 0.0  
  0.0971954247693                 0.0  
    0.09758420003                 0.0  
  0.0979745429595                 0.0  
  0.0983664371996                 0.0  
  0.0987599075112                 0.0  
  0.0991549455969                 0.0  
  0.0995515597278                 0.0  
  0.0999497668536                 0.0  
   0.100349567056                 0.0  
   0.100750968963                 0.0  
    0.10115397256                 0.0  
   0.101558586513                 0.0  
   0.101964819616                 0.0  
   0.102372680792                 0.0  
   0.102782170036                 0.0  
   0.103193296316                 0.0  
   0.103606068731                 0.0  
   0.104020496516                 0.0  
   0.104436579694                 0.0  
   0.104854327552                 0.0  
   0.105273740019                 0.0  
   0.105694836009                 0.0  
   0.106117615583                 0.0  
   0.106542088371                 0.0  
   0.106968254342                 0.0  
    0.10739613307                 0.0  
   0.107825714704                 0.0  
   0.108257019043                 0.0  
   0.108690046111                 0.0  
    0.10912480597                 0.0  
   0.109561308842                 0.0  
   0.109999544368                 0.0  
   0.110439543503                 0.0  
   0.110881306421                 0.0  
   0.111324833128                 0.0  
   0.111770134167                 0.0  
   0.112217209458                 0.0  
   0.112666080506                 0.0  
   0.113116747406                 0.0  
   0.113569210079                 0.0  
    0.11402349056                 0.0  
    0.11447957772                 0.0  
   0.114937505188                 0.0  
   0.115397250435                 0.0  
   0.115858836044                 0.0  
    0.11632227356                 0.0  
   0.116787563027                 0.0  
   0.117254716096                 0.0  
   0.117723732736                 0.0  
   0.118194624709                 0.0  
   0.118667403978                 0.0  
    0.11914207054                 0.0  
   0.119618648741                 0.0  
   0.120097114076                 0.0  
   0.120577503377                 0.0  
   0.121059816793                 0.0  
   0.121544054295                 0.0  
   0.122030228427                 0.0  
   0.122518351955                 0.0  
   0.123008424898                 0.0  
    0.12350046016                 0.0  
   0.123994457695                 0.0  
   0.124490443835                 0.0  
   0.124988405397                 0.0  
   0.125488355577                 0.0  
   0.125990307807                 0.0  
   0.126494275758                 0.0  
   0.127000245701                 0.0  
   0.127508245074                 0.0  
    0.12801828796                 0.0  
   0.128530360378                 0.0  
   0.129044476247                 0.0  
   0.129560649739                 0.0  
   0.130078895284                 0.0  
   0.130599212962                 0.0  
   0.131121602652                 0.0  
   0.131646093737                 0.0  
   0.132172686404                 0.0  
   0.132701365544                 0.0  
   0.133232176219                 0.0  
   0.133765103397                 0.0  
   0.134300162271                 0.0  
   0.134837368321                 0.0  
   0.135376721612                 0.0  
   0.135918222001                 0.0  
   0.136461901057                 0.0  
   0.137007742892                 0.0  
   0.137555779549                 0.0  
   0.138105994852                 0.0  
   0.138658421326                 0.0  
   0.139213050809                 0.0  
   0.139769908149                 0.0  
   0.140328985025                 0.0  
   0.140890298152                 0.0  
   0.141453864571                 0.0  
   0.142019675725                 0.0  
   0.142587757413                 0.0  
   0.143158109703                 0.0  
   0.143730741295                 0.0  
   0.144305660953                 0.0  
     0.1448828865                 0.0  
   0.145462417974                 0.0  
   0.146044264332                 0.0  
   0.146628443812                 0.0  
    0.14721495644                 0.0  
   0.147803820742                 0.0  
   0.148395036739                 0.0  
   0.148988613741                 0.0  
   0.149584570717                 0.0  
    0.15018290769                 0.0  
   0.150783634197                 0.0  
   0.151386769673                 0.0  
   0.151992324049                 0.0  
   0.152600287381                 0.0  
   0.153210689412                 0.0  
    0.15382353019                 0.0  
   0.154438829972                 0.0  
   0.155056578518                 0.0  
    0.15567680657                 0.0  
   0.156299514214                 0.0  
    0.15692471185                 0.0  
   0.157552409977                 0.0  
    0.15818261919                 0.0  
   0.158815350183                 0.0  
   0.159450613755                 0.0  
   0.160088420804                 0.0  
   0.160728771267                 0.0  
   0.161371687153                 0.0  
   0.162017168434                 0.0  
   0.162665237514                 0.0  
   0.163315905841                 0.0  
   0.163969161936                 0.0  
   0.164625040157                 0.0  
   0.165283540598                 0.0  
   0.165944674901                 0.0  
   0.166608454833                 0.0  
   0.167274892283                 0.0  
   0.167943987181                 0.0  
   0.168615763567                 0.0  
   0.169290221434                 0.0  
    0.16996738528                 0.0  
   0.170647255169                 0.0  
   0.171329843488                 0.0  
   0.172015162761                 0.0  
   0.172703225652                 0.0  
   0.173394044972                 0.0  
   0.174087620686                 0.0  
   0.174783965587                 0.0  
   0.175483105814                 0.0  
   0.176185028167                 0.0  
   0.176889772394                 0.0  
   0.177597338699                 0.0  
   0.178307727023                 0.0  
   0.179020950763                 0.0  
   0.179737037323                 0.0  
   0.180455986807                 0.0  
   0.181177813108                 0.0  
   0.181902516113                 0.0  
   0.182630138307                 0.0  
   0.183360651225                 0.0  
   0.184094097823                 0.0  
   0.184830478239                 0.0  
   0.185569792332                 0.0  
   0.186312069427                 0.0  
   0.187057324515                 0.0  
   0.187805542552                 0.0  
   0.188556768668                 0.0  
   0.189311003085                 0.0  
   0.190068245741                 0.0  
   0.190828511884                 0.0  
   0.191591832701                 0.0  
   0.192358192514                 0.0  
     0.1931276228                 0.0  
   0.193900139646                 0.0  
   0.194675743117                 0.0  
    0.19545444935                 0.0  
   0.196236258206                 0.0  
    0.19702120251                 0.0  
   0.197809299078                 0.0  
   0.198600531156                 0.0  
   0.199394932263                 0.0  
   0.200192502344                 0.0  
   0.200993275664                 0.0  
   0.201797252382                 0.0  
   0.202604449942                 0.0  
   0.203414868307                 0.0  
   0.204228525003                 0.0  
    0.20504543781                 0.0  
   0.205865624771                 0.0  
   0.206689085885                 0.0  
   0.207515839287                 0.0  
   0.208345903386                 0.0  
   0.209179278109                 0.0  
   0.210016000869                 0.0  
   0.210856071857                 0.0  
   0.211699490941                 0.0  
   0.212546277026                 0.0  
   0.213396468821                 0.0  
   0.214250046937                 0.0  
   0.215107050522                 0.0  
    0.21596747968                 0.0  
   0.216831354335                 0.0  
   0.217698674411                 0.0  
   0.218569480447                 0.0  
   0.219443752038                 0.0  
   0.220321530195                 0.0  
   0.221202814979                 0.0  
    0.22208762725                 0.0  
   0.222975966893                 0.0  
   0.223867876408                 0.0  
   0.224763356022                 0.0  
    0.22566240562                 0.0  
   0.226565046741                 0.0  
   0.227471323449                 0.0  
   0.228381191466                 0.0  
   0.229294717399                 0.0  
   0.230211901517                 0.0  
   0.231132743741                 0.0  
   0.232057289795                 0.0  
    0.23298551673                 0.0  
   0.233917447399                 0.0  
   0.234853128678                 0.0  
   0.235792537111                 0.0  
   0.236735696159                 0.0  
   0.237682653894                 0.0  
   0.238633386357                 0.0  
   0.239587917649                 0.0  
   0.240546272283                 0.0  
   0.241508450202                 0.0  
   0.242474476173                 0.0  
   0.243444375393                 0.0  
   0.244418147897                 0.0  
   0.245395819152                 0.0  
   0.246377415072                 0.0  
   0.247362935807                 0.0  
   0.248352381126                 0.0  
   0.249345777063                 0.0  
   0.250343176971                 0.0  
   0.251344527244                 0.0  
   0.252349908614                 0.0  
    0.25335932151                 0.0  
   0.254372765977                 0.0  
   0.255390241673                 0.0  
   0.256411804211                 0.0  
   0.257437453804                 0.0  
   0.258467218904                 0.0  
   0.259501070763                 0.0  
   0.260539066586                 0.0  
   0.261581235703                 0.0  
   0.262627548869                 0.0  
   0.263678064881                 0.0  
   0.264732783961                 0.0  
    0.26579170593                 0.0  
   0.266854891235                 0.0  
   0.267922309574                 0.0  
   0.268993991277                 0.0  
   0.270069967242                 0.0  
   0.271150237445                 0.0  
   0.272234833207                 0.0  
   0.273323786442                 0.0  
   0.274417065131                 0.0  
   0.275514733392                 0.0  
   0.276616791411                 0.0  
   0.277723272009                 0.0  
   0.278834175318                 0.0  
   0.279949501047                 0.0  
   0.281069299253                 0.0  
   0.282193587055                 0.0  
   0.283322347287                 0.0  
   0.284455648488                 0.0  
   0.285593473589                 0.0  
   0.286735839763                 0.0  
    0.28788278206                 0.0  
   0.289034318324                 0.0  
    0.29019044848                 0.0  
    0.29135120839                 0.0  
   0.292516616291                 0.0  
   0.293686690561                 0.0  
   0.294861431089                 0.0  
   0.296040874868                 0.0  
   0.297225040705                 0.0  
   0.298413947558                 0.0  
   0.299607595302                 0.0  
    0.30080602213                 0.0  
   0.302009247464                 0.0  
    0.30321729089                 0.0  
     0.3044301523                 0.0  
   0.305647871155                 0.0  
   0.306870467543                 0.0  
   0.308097941391                 0.0  
   0.309330333157                 0.0  
   0.310567663464                 0.0  
   0.311809932292                 0.0  
   0.313057181141                 0.0  
   0.314309410034                 0.0  
   0.315566639853                 0.0  
   0.316828913182                 0.0  
   0.318096230131                 0.0  
   0.319368612178                 0.0  
   0.320646081009                 0.0  
   0.321928658521                 0.0  
   0.323216389208                 0.0  
   0.324509250809                 0.0  
   0.325807288084                 0.0  
   0.327110523813                 0.0  
   0.328418957898                 0.0  
   0.329732636328                 0.0  
   0.331051559108                 0.0  
   0.332375773078                 0.0  
   0.333705278357                 0.0  
   0.335040098608                 0.0  
   0.336380257747                 0.0  
   0.337725779946                 0.0  
   0.339076665006                 0.0  
   0.340432986705                 0.0  
   0.341794720546                 0.0  
   0.343161891185                 0.0  
   0.344534548985                 0.0  
   0.345912668488                 0.0  
   0.347296326266                 0.0  
   0.348685522677                 0.0  
   0.350080257549                 0.0  
   0.351480583114                 0.0  
   0.352886499387                 0.0  
   0.354298059636                 0.0  
   0.355715236968                 0.0  
   0.357138112398                 0.0  
   0.358566658811                 0.0  
   0.360000930978                 0.0  
   0.361440928903                 0.0  
   0.362886680252                 0.0  
   0.364338241478                 0.0  
   0.365795584278                 0.0  
   0.367258765579                 0.0  
   0.368727814453                 0.0  
   0.370202701609                 0.0  
   0.371683514657                 0.0  
   0.373170253946                 0.0  
   0.374662949342                 0.0  
   0.376161600777                 0.0  
   0.377666238169                 0.0  
    0.37917689183                 0.0  
   0.380693623523                 0.0  
   0.382216371204                 0.0  
   0.383745259568                 0.0  
   0.385280225907                 0.0  
   0.386821365205                 0.0  
   0.388368645644                 0.0  
   0.389922098941                 0.0  
   0.391481790084                 0.0  
   0.393047719354                 0.0  
   0.394619919803                 0.0  
   0.396198391308                 0.0  
   0.397783200948   1.73183861367e-07  
   0.399374314825                 0.0  
   0.400971835143                 0.0  
   0.402575693153                 0.0  
   0.404186027304                 0.0  
    0.40580276818                 0.0  
   0.407425985771                 0.0  
   0.409055680001                 0.0  
   0.410691886307                 0.0  
   0.412334677075                 0.0  
   0.413984016222                 0.0  
   0.415639939898                 0.0  
   0.417302484792                 0.0  
   0.418971688138                 0.0  
    0.42064758773                 0.0  
   0.422330183714                 0.0  
   0.424019514119                 0.0  
   0.425715578715                 0.0  
    0.42741845491                 0.0  
   0.429128103577                 0.0  
   0.430844642772                 0.0  
   0.432567993229   1.91490184518e-07  
   0.434298274541   1.72839298064e-07  
   0.436035487278                 0.0  
   0.437779631355                 0.0  
   0.439530747406                 0.0  
   0.441288876713   6.80106748932e-07  
   0.443054019149                 0.0  
   0.444826216307                 0.0  
   0.446605553183   4.18811087859e-07  
   0.448391944501                 0.0  
   0.450185518681    3.5991845815e-07  
   0.451986276277                 0.0  
   0.453794217163                 0.0  
   0.455609384994   2.14830751945e-07  
   0.457431824142                 0.0  
   0.459261534513   1.90545443759e-07  
   0.461098606424   2.75157178208e-07  
   0.462942994629                 0.0  
   0.464794744293                 0.0  
   0.466653947995   4.53578008253e-07  
   0.468520559477   6.25215802747e-07  
   0.470394625092   1.89163002326e-07  
    0.47227623977   1.91247465673e-07  
   0.474165308069                 0.0  
   0.476061973558   6.86913546115e-07  
   0.477966236859                 0.0  
   0.479878097875                 0.0  
    0.48179760551   2.75174771825e-07  
   0.483724809516   5.63143574401e-07  
   0.485659709962                 0.0  
   0.487602357123   3.25952482215e-07  
   0.489552750798   1.06049956641e-06  
   0.491510941797   1.02903362356e-06  
   0.493476981822   1.52718518146e-06  
   0.495450923487   5.35494949764e-07  
   0.497432714296   8.03063195586e-07  
   0.499422459632   8.46376765232e-07  
   0.501420159773   1.10666283772e-06  
   0.503425814233   1.56540479448e-06  
    0.50543953123   1.17639122057e-06  
   0.507461256159   5.14578304245e-07  
   0.509491098746   1.47576921475e-06  
   0.511529115411   2.06739072987e-06  
   0.513575194045   8.92864484126e-07  
   0.515629502992   3.44868763931e-07  
   0.517692042968   1.99667045806e-06  
   0.519762813907   1.22410885748e-06  
   0.521841873299   6.14807524807e-07  
   0.523929220874   9.21885340002e-07  
   0.526024914845   1.58626355295e-06  
   0.528129014504   8.89692923525e-07  
   0.530241520001   1.29236204827e-06  
   0.532362491404   1.23331605851e-06  
   0.534491989902                 0.0  
    0.53662995442   2.48393437792e-06  
   0.538776445492   1.04429740854e-06  
   0.540931524796   1.25789960242e-06  
   0.543095255176   2.15568696747e-06  
   0.545267636958   1.03772626935e-06  
   0.547448733858   1.39109309113e-06  
   0.549638546073   1.66324140777e-06  
    0.55183707296    1.0017182299e-06  
   0.554044444575   1.78436024733e-06  
    0.55626059541     1.826441462e-06  
   0.558485657495    9.7293228407e-07  
   0.560719597844    2.1992860656e-06  
   0.562962483405   2.07632937392e-06  
   0.565214313975   1.89941117079e-06  
   0.567475191987   1.42382240762e-06  
   0.569745083194   2.17933995484e-06  
   0.572024056544   1.51233167128e-06  
   0.574312146998   2.79391371437e-06  
   0.576609389767   2.20337262427e-06  
   0.578915856223   1.93577699168e-06  
   0.581231510563   4.20707318487e-06  
   0.583556424395   1.47440032868e-06  
   0.585890670752   2.74739407327e-06  
   0.588234212906   1.69167199642e-06  
   0.590587161519   1.23885035926e-06  
   0.592949516918   3.15028616895e-06  
   0.595321316499   2.17793079569e-06  
   0.597702597952    2.2738073589e-06  
   0.600093399275   4.13031699471e-06  
   0.602493758773   3.25722019342e-06  
   0.604903754268   3.44737289799e-06  
   0.607323346614   3.88607987318e-06  
   0.609752653807   3.01529881059e-06  
    0.61219167626   4.94238787712e-06  
   0.614640413456   2.00851057184e-06  
   0.617098986326   3.10922435896e-06  
   0.619567395379   2.95590088239e-06  
   0.622045640186    1.7106136024e-06  
   0.624533844723   3.15097164387e-06  
   0.627031967515   2.93699748145e-06  
   0.629540092171   4.08234204996e-06  
   0.632058261237   4.80439348046e-06  
   0.634586517658   3.26340416655e-06  
   0.637124861303   4.03480305876e-06  
   0.639673334899   4.07334269491e-06  
   0.642232025774   5.65435116187e-06  
   0.644800978545   4.24664548391e-06  
   0.647380148471   3.87858712006e-06  
   0.649969669425   2.69483658678e-06  
   0.652569587365   6.27759957348e-06  
   0.655179856736    3.5600874263e-06  
   0.657800568591   4.22421128791e-06  
   0.660431769189   4.52408220884e-06  
   0.663073505274   5.25399545693e-06  
   0.665725776595   4.65546743967e-06  
   0.668388677604   6.92847589641e-06  
   0.671062256533   7.49748928227e-06  
   0.673746513503   6.89943349157e-06  
   0.676441496628   9.15514005452e-06  
   0.679147254542   4.35931175359e-06  
   0.681863836416    4.8063584718e-06  
   0.684591291962   3.57631035578e-06  
   0.687329671447   1.37700428346e-06  
   0.690078974684   3.26727698181e-06  
   0.692839303287   7.50157659865e-06  
   0.695610657402   6.76764961473e-06  
   0.698393088372   6.15707859433e-06  
   0.701186648134   1.00086609761e-05  
   0.703991389227   1.15965942737e-05  
   0.706807364806   1.02788668648e-05  
   0.709634628657   1.02690382017e-05  
   0.712473126437   6.76111152966e-06  
   0.715323020253    9.4175411675e-06  
   0.718184310573   1.09172341096e-05  
   0.721057052476   5.90744401879e-06  
   0.723941301714   1.02548263992e-05  
   0.726837058126    4.5788014991e-06  
   0.729744434544    1.0541878325e-05  
    0.73266337379   9.74733716138e-06  
   0.735594047609   9.82372590917e-06  
   0.738536398423   1.29573193544e-05  
   0.741490542374   1.02524129941e-05  
   0.744456538845   1.36320441604e-05  
   0.747434328278   1.09919829236e-05  
   0.750424089387   1.50461253096e-05  
   0.753425762242   1.60383282429e-05  
   0.756439467734   1.48272999445e-05  
   0.759465267704   1.77300844482e-05  
   0.762503100235   1.45446175226e-05  
   0.765553088621   1.55021545263e-05  
   0.768615358973   1.39719148014e-05  
   0.771689785078   1.56173774559e-05  
   0.774776557029   2.09171832497e-05  
   0.777875675396   1.56114207553e-05  
   0.780987139566   1.87279018656e-05  
   0.784111079464   2.03347310147e-05  
   0.787247561611   1.74387968047e-05  
   0.790396519592   2.30249057948e-05  
   0.793558153516   2.25558441882e-05  
   0.796732328688   1.95195561522e-05  
   0.799919316178   2.04742823816e-05  
   0.803118979953   2.05538918489e-05  
   0.806331456982   2.21942567981e-05  
   0.809556747003   2.68159563713e-05  
   0.812794990065    2.3946431892e-05  
   0.816046186795   1.93089654114e-05  
   0.819310336587   2.04547310821e-05  
   0.822587582554   2.45572488976e-05  
   0.825877925024   1.55998921639e-05  
   0.829181436724   2.02945445257e-05  
   0.832498191461   1.89964340781e-05  
   0.835828189296   2.52371153297e-05  
   0.839171504458   2.67006401075e-05  
   0.842528212291   1.97391618007e-05  
   0.845898312618   1.89080909961e-05  
   0.849281881239   2.18255605329e-05  
   0.852678995109   2.77887344862e-05  
   0.856089732362    2.7507327718e-05  
   0.859514093183   3.34838513397e-05  
   0.862952156231   2.53355205757e-05  
    0.86640392096   2.66512497779e-05  
   0.869869547625   2.06999562611e-05  
   0.873349036885     2.947694677e-05  
   0.876842470444    2.5368649209e-05  
   0.880349848266   3.36407411927e-05  
    0.88387125266   3.16696219771e-05  
   0.887406682882   2.62214016775e-05  
   0.890956306903   2.92936439358e-05  
   0.894520125299   2.21104825542e-05  
   0.898098223703   2.78869325209e-05  
   0.901690602022   3.74345962236e-05  
    0.90529734659   3.61425245312e-05  
   0.908918545144   2.68414900551e-05  
   0.912554286861   3.61795894799e-05  
    0.91620448251   2.72675945489e-05  
   0.919869310553   3.37620847452e-05  
   0.923548771048   3.58404343381e-05  
   0.927242954756   3.56253793508e-05  
   0.930951953949   3.23226928571e-05  
    0.93467576885   3.51394170232e-05  
   0.938414398252    2.8627377133e-05  
   0.942168124804   4.18220645419e-05  
   0.945936759492   2.88975575562e-05  
   0.949720492285   3.00946759568e-05  
   0.953519420436   2.54533074609e-05  
   0.957333446481   3.63426301604e-05  
   0.961162765282   3.55144961025e-05  
   0.965007476762   2.57001402817e-05  
   0.968867481426   2.82441671872e-05  
    0.97274297922   2.99533865452e-05  
   0.976633970679   2.92930733019e-05  
   0.980540454853   3.05278297342e-05  
   0.984462636942   2.15806412556e-05  
   0.988400517931   2.46247034093e-05  
   0.992354097304   3.22448480687e-05  
   0.996323479373   4.00345765788e-05  
     1.0003087703   2.68755025464e-05  
    1.00431007814   3.35323319157e-05  
    1.00832729502   2.71565042038e-05  
    1.01236052764   3.10230773227e-05  
    1.01640999533   3.54243673078e-05  
    1.02047569976   3.30338360648e-05  
    1.02455752863   2.08013340683e-05  
    1.02865581791   2.55172107338e-05  
    1.03277045575   2.46180598037e-05  
    1.03690155548   2.20064157097e-05  
    1.04104911636   2.59141935363e-05  
    1.04521325314   2.85164329933e-05  
    1.04939420063   2.93688607452e-05  
    1.05359172389   2.44901926614e-05  
    1.05780605831   2.23504506215e-05  
    1.06203732443   1.86984391477e-05  
    1.06628552323   2.46594488858e-05  
    1.07055065407   3.73965832662e-05  
    1.07483283844   1.78140806232e-05  
    1.07913220012   3.54557669171e-05  
    1.08344873944   1.96419191551e-05  
     1.0877824551    2.5904806333e-05  
    1.09213359969   2.92122980228e-05  
    1.09650217463   2.41358154243e-05  
     1.1008881797   2.79963207951e-05  
     1.1052917439   2.38553511613e-05  
    1.10971286672   2.21708290558e-05  
    1.11415174547   3.20116244409e-05  
      1.118608314   2.27114941045e-05  
    1.12308277256   2.28980982655e-05  
    1.12757512183   2.40680841848e-05  
    1.13208536077   2.17608017361e-05  
    1.13661376343   2.13785874734e-05  
    1.14116019235   2.29413682023e-05  
    1.14572485554   2.14624676566e-05  
    1.15030775326   1.92037457286e-05  
    1.15490895553   1.79457887616e-05  
    1.15952860483    1.9072321719e-05  
    1.16416670132   2.25423449505e-05  
     1.1688233897   2.93490273606e-05  
    1.17349867003   1.76214738862e-05  
     1.1781926893   1.70141337928e-05  
    1.18290544752   1.79553812676e-05  
    1.18763701844   1.81318748715e-05  
    1.19238762871   1.86667679852e-05  
    1.19715712662   2.68336080494e-05  
    1.20194581802   1.36524662999e-05  
    1.20675354877    8.2453912928e-06  
    1.21158055106   1.51866369587e-05  
    1.21642690421   1.70633283031e-05  
    1.22129260833   2.37863531247e-05  
    1.22617774218   1.32102847003e-05  
    1.23108246641   2.52461362041e-05  
    1.23600678128   2.14199516108e-05  
    1.24095085014   2.70462254488e-05  
    1.24591467342   1.93926751143e-05  
    1.25089833345   2.10321628525e-05  
    1.25590191332   1.73114721023e-05  
    1.26092549688   2.68127832281e-05  
    1.26596925462   2.20711743013e-05  
    1.27103310096   2.42196602768e-05  
    1.27611720729   2.92918177545e-05  
    1.28122166071   2.50092375449e-05  
    1.28634654912   1.53187117817e-05  
     1.2914919613   1.41261335399e-05  
    1.29665789685   2.30786320477e-05  
    1.30184453495    2.7080551583e-05  
    1.30705196705   2.16787126206e-05  
    1.31228019329   2.18294613317e-05  
     1.3175293048   2.53538356746e-05  
    1.32279939364   2.13982231612e-05  
    1.32809055282    1.9501122187e-05  
    1.33340297157   2.71334178278e-05  
    1.33873655515   2.08469661071e-05  
    1.34409149405   1.95891435115e-05  
    1.34946788529   1.68817847911e-05  
    1.35486572862   2.26259937136e-05  
    1.36028521997   2.97356971446e-05  
    1.36572635965    3.2313534372e-05  
    1.37118924663   1.68700151316e-05  
    1.37667398097   2.30455861908e-05  
    1.38218066385   1.68577342489e-05  
     1.3877093976   2.71974205288e-05  
    1.39326028573   3.27374407536e-05  
    1.39883332813   2.37817510353e-05  
    1.40442862818   1.86628572713e-05  
    1.41004639701   2.00938094014e-05  
    1.41568652828   3.05900390253e-05  
    1.42134923472   2.26972403846e-05  
     1.4270347338   2.45052619311e-05  
    1.43274280789   2.95675711705e-05  
    1.43847378442   2.99679694766e-05  
    1.44422766398   1.99034609977e-05  
    1.45000455759   1.89798821847e-05  
    1.45580457763   2.14005828867e-05  
    1.46162783788    1.8433782223e-05  
     1.4674743382   1.57430596796e-05  
    1.47334419247    1.3985079865e-05  
    1.47923763322   1.88911524489e-05  
    1.48515454374   3.28952486973e-05  
    1.49109515859   3.45545151185e-05  
    1.49705959758   1.26570165446e-05  
    1.50304786104   1.90898454763e-05  
    1.50905994702   2.48848305147e-05  
    1.51509622013    1.6396944837e-05  
    1.52115668254   2.45199967808e-05  
    1.52724120921   2.25891771251e-05  
    1.53335017254   2.70023124043e-05  
    1.53948357374   2.05684023131e-05  
    1.54564153965   2.01416496767e-05  
    1.55182406983    2.3609430994e-05  
    1.55803142154   2.62882641995e-05  
    1.56426359579   3.07359862488e-05  
    1.57052059122    3.7845829006e-05  
     1.5768026704   2.98319194925e-05  
    1.58310983348   3.12987826935e-05  
    1.58944234883   1.93082239036e-05  
    1.59580008182   1.52734484944e-05  
    1.60218330351   2.39230125587e-05  
    1.60859201408   2.70912380837e-05  
    1.61502635096   2.58272791745e-05  
    1.62148645356   2.13113955967e-05  
    1.62797246329   2.60369914631e-05  
    1.63448438051   1.91723464322e-05  
    1.64102234735   3.32557229399e-05  
    1.64758636258   3.18192975021e-05  
    1.65417671562   3.58576388239e-05  
    1.66079340718   2.78631020811e-05  
    1.66743658437   3.32125410657e-05  
     1.6741063965   3.60867595626e-05  
    1.68080269246   3.78168154521e-05  
    1.68752592389   2.54516507388e-05  
    1.69427609314   3.93872113738e-05  
    1.70105319998   3.08783661741e-05  
    1.70785739784    3.7991344283e-05  
    1.71468884249    2.1567541984e-05  
    1.72154753335   3.92688362602e-05  
    1.72843378724   3.23310454611e-05  
    1.73534744462    4.0173901387e-05  
    1.74228882598   3.73216359894e-05  
    1.74925809556   4.54615682949e-05  
    1.75625508976    3.2549492856e-05  
    1.76328013667   3.03898226617e-05  
    1.77033323648   4.23796776326e-05  
    1.77741455594   3.49447457959e-05  
    1.78452426446   3.97016906451e-05  
     1.7916623622   4.39015089603e-05  
    1.79882901993   3.37161281965e-05  
    1.80602423647    2.9477814519e-05  
    1.81324836008   2.46865386383e-05  
    1.82050139242   4.78416199626e-05  
     1.8277833324   4.37498059322e-05  
    1.83509453688   4.21436672696e-05  
    1.84243482592   5.55680843322e-05  
    1.84980456084   4.71390946406e-05  
    1.85720392704   7.11668501372e-05  
    1.86463274053   3.49017384871e-05  
    1.87209118398   6.35207408758e-05  
     1.8795796324   6.41653661909e-05  
    1.88709789773   4.44035841462e-05  
    1.89464616751   6.77107249535e-05  
    1.90222482632   6.40925749797e-05  
    1.90983368203   7.07979695369e-05  
    1.91747312426    6.5389575819e-05  
    1.92514295664   6.35009472834e-05  
    1.93284357391   7.15493067377e-05  
    1.94057497714   5.78686029783e-05  
    1.94833716444    6.7822123512e-05  
    1.95613054087   5.98937897426e-05  
     1.9639551083   5.68271763399e-05  
    1.97181086567    7.9469436686e-05  
    1.97969822875   0.000101778595616  
    1.98761698878   7.47720475588e-05  
     1.9955673539   8.78599325455e-05  
    2.00354975096   0.000104900441755  
    2.01156396724    0.00011372908031  
    2.01961021701   0.000141641760255  
    2.02768849818   0.000113009841307  
    2.03579924952   0.000116354984884  
    2.04394247327   0.000109959202976  
    2.05211839415   0.000124850296309  
    2.06032678619   0.000109990158692  
    2.06856810064   0.000105947551258  
    2.07684233806    0.00013971665065  
    2.08514972876   0.000110183991282  
    2.09349027249    0.00011411387068  
    2.10186420246   0.000148518382664  
    2.11027175621   0.000106981321465  
    2.11871293521   0.000162286355991  
     2.1271877377   0.000198059210233  
    2.13569640299   0.000175411773051  
    2.14423917486   0.000201556488365  
    2.15281605342   0.000207065788771  
    2.16142753599   0.000153087104977  
    2.17007312352   0.000181202892823  
     2.1787533147   0.000188033539593  
    2.18746836472   0.000196419861379  
    2.19621827524   0.000210418776229  
    2.20500330503   0.000189234243544  
    2.21382319273   0.000215412201117  
    2.22267845914   0.000164419386206  
    2.23156923834   0.000207276411962  
    2.24049553083    0.00025077401723  
    2.24945746922   0.000266553769963  
    2.25845532359   0.000265282967455  
    2.26748909386   0.000250658323247  
     2.2765590541     0.0002533707693  
    2.28566534384   0.000268142603307  
     2.2948079625   0.000283252264198  
    2.30398719039   0.000276573994307  
    2.31320316998   0.000312799592291  
    2.32245604483   0.000275008690335  
    2.33174581389   0.000306033819459  
    2.34107276615   0.000235312086222  
    2.35043704837   0.000259013661735  
    2.35983880845   0.000273321401474  
    2.36927819543   0.000246239104844  
    2.37875535953   0.000238749049189  
    2.38827029941   0.000289821898091  
    2.39782347203   0.000338130476279  
    2.40741472448    0.00027584860603  
    2.41704436467   0.000305168340038  
    2.42671254905   0.000312065785761  
    2.43641943535   0.000296916061253  
    2.44616502242   0.000294625449106  
       2.45594979   0.000343551855209  
    2.46577357813   0.000295565900402  
    2.47563654622   0.000323669969773  
    2.48553918601   0.000302717793457  
    2.49548133412      0.000324198072  
    2.50546315429   0.000305437470337  
    2.51548515073   0.000325710668691  
    2.52554698583   0.000333512938105  
    2.53564916829   0.000255904156357  
    2.54579187216   0.000278521049685  
    2.55597492322   0.000299520548149  
     2.5661988433   0.000268477399684  
    2.57646363371   0.000268023452911  
    2.58676947111   0.000281365436862  
    2.59711653388   0.000235837644731  
    2.60750500219   0.000254611862893  
    2.61793505804   0.000285366932856  
    2.62840688526   0.000297793475096  
    2.63892048307   0.000268505389998  
    2.64947622269   0.000237465937593  
    2.66007410417   0.000260910157861  
    2.67071431458   0.000194036341525  
    2.68139723552   0.000229780736161  
    2.69212286854   0.000282802924357  
    2.70289121112   0.000230557796388  
    2.71370284826   0.000238230880178  
     2.7245575844   0.000196026322109  
    2.73545581473    0.00024763681338  
    2.74639774102    0.00025004073518  
    2.75738336362   0.000222285828275  
    2.76841288399   0.000198772443497  
    2.77948650585   0.000204103248601  
    2.79060443525     0.0002360574827  
    2.80176688064   0.000207111978581  
    2.81297384093   0.000178964295784  
    2.82422573799    0.00018082203243  
    2.83552278766    0.00015093056971  
    2.84686477416   0.000140696210404  
    2.85825234572   0.000145734955229  
     2.8696852848   0.000167100897824  
    2.88116402948   0.000156077741298  
    2.89268857934   0.000186295900485  
    2.90425938136   0.000223628240071  
    2.91587643703   0.000134272192937  
    2.92753997296   0.000126751395474  
    2.93925021859   0.000189162617092  
      2.951007173   0.000160393407442  
    2.96281106587   0.000177768492384  
    2.97466236678   0.000165371554992  
    2.98656107812   0.000120922290231  
     2.9985071977   0.000142178959853  
      3.010501447   0.000134314604394  
    3.02254334263   0.000133972899216  
    3.03463361427   0.000121284917391  
    3.04677201599   0.000100675153041  
    3.05895904115   0.000123997475877  
    3.07119494173   9.09307637783e-05  
    3.08347971845   0.000133882893155  
    3.09581362403   8.58669728331e-05  
    3.10819691461   8.01507062062e-05  
    3.12062958899   9.74307679993e-05  
    3.13311216706   5.56844601743e-05  
    3.14564465057    8.2157495565e-05  
    3.15822730368   6.04463291943e-05  
    3.17086012492   4.30450334065e-05  
    3.18354365085    6.9878913467e-05  
    3.19627788324   6.83181119455e-05  
    3.20906281894   6.70080652116e-05  
    3.22189900597   5.08309439295e-05  
    3.23478672482   4.85784403237e-05  
    3.24772597752   6.16855507562e-05  
    3.26071676117    6.2143369098e-05  
    3.27375964194   2.98730496543e-05  
    3.28685462056    4.1823572621e-05  
    3.30000198442   4.20496503209e-05  
    3.31320202516   5.23524288716e-05  
    3.32645503871   6.28423342729e-05  
    3.33976072794   5.57182580445e-05  
    3.35311968447   5.03862587471e-05  
    3.36653221038   4.04960157322e-05  
     3.3799983063   6.05239535538e-05  
    3.39351827618   8.11814101086e-05  
    3.40709242856   3.05016309131e-05  
    3.42072076331    7.3816494642e-05  
    3.43440359099    4.2356926347e-05  
    3.44814122692   7.98623929134e-05  
    3.46193399134    2.2495480029e-05  
    3.47578156229   3.22065944732e-05  
    3.48968490685    3.6257450803e-05  
    3.50364337402   5.41544639981e-05  
    3.51765794355   3.85299925303e-05  
    3.53172861925   3.97937306551e-05  
    3.54585573632   2.74848954634e-05  
     3.5600389564   2.17138520368e-05  
    3.57427929354   3.51401496443e-05  
    3.58857640934   3.75942623465e-05  
    3.60293064433    2.5501440686e-05  
    3.61734234457   1.73936738501e-05  
    3.63181186174   2.63268428841e-05  
    3.64633884103   3.43111055676e-05  
    3.66092434656   1.29138066182e-05  
    3.67556802377    3.3520499532e-05  
    3.69027023047   3.72135666856e-05  
    3.70503133043   7.70104376585e-06  
    3.71985132286   1.62621455805e-05  
    3.73473094844    2.6314354455e-05  
    3.74966983622   1.96100865783e-05  
    3.76466835677   7.67940240786e-06  
    3.77972726954   3.52615249084e-05  
    3.79484619552   1.61416904308e-05  
    3.81002551525   2.48715697889e-05  
    3.82526561575   1.28839978242e-05  
    3.84056649563   1.72974909693e-05  
    3.85592894407   1.61644359949e-05  
    3.87135256549   1.21752800167e-05  
    3.88683815953   2.64796824834e-05  
    3.90238532204   7.03814140906e-06  
    3.91799486333   1.06567314255e-05  
    3.93366678499   1.17002710437e-05  
     3.9494015004   7.41481961487e-06  
    3.96519900909   1.11543660822e-05  
    3.98106015352   1.58272612707e-05  
    3.99698408556   1.81410121878e-05  
    4.01297208033   2.09434907984e-05  
    4.02902414361   1.62944837923e-05  
    4.04514027511   1.13390954282e-05  
    4.06132091013   1.54895660431e-05  
    4.07756604651   2.01593914294e-05  
     4.0938761247   1.39785640281e-05  
    4.11025159314   9.72713002903e-06  
    4.12669290844   3.79853479833e-06  
    4.14319961597   1.81067688425e-05  
      4.159772167   1.40647980158e-05  
    4.17641148833   1.71092465799e-05  
     4.1931171174   1.05159297265e-05  
    4.20988951967   1.62273086428e-05  
    4.22672916926   1.28831481738e-05  
    4.24363606672   1.52613766742e-05  
    4.26061069234   1.78053353058e-05  
    4.27765304529                 0.0  
     4.2947636122   8.53162458732e-06  
    4.31194288887   3.49472373288e-06  
    4.32919037643   7.71935643618e-06  
    4.34650707141   1.71996577815e-05  
    4.36389297573   1.76170842242e-05  
    4.38134859885   2.01259657397e-05  
    4.39887394162    2.6567110772e-05  
    4.41646952064                 0.0  
    4.43413533578   1.02424297866e-05  
    4.45187217638   3.85901660968e-06  
    4.46967951266   1.30100800375e-05  
    4.48755840908   4.61631651212e-06  
    4.50550859831   1.06972904945e-05  
     4.5235306196   4.59092752904e-06  
    4.54162474648   4.67206504156e-06  
    4.55979125434                 0.0  
    4.57803042047   3.69023817619e-06  
    4.59634252412   1.04481118395e-05  
     4.6147278465   9.56235771689e-06  
    4.63318667084   1.66631323631e-05  
    4.65171957222   9.90389637101e-06  
    4.67032626082   4.19974851886e-06  
    4.68900760809   4.65674340777e-06  
    4.70776361606   2.07957315587e-06  
    4.72659487793   9.76137871001e-06  
    4.74550109403   3.57198658348e-06  
    4.76448316381   2.36795987353e-06  
    4.78354108914   2.51826229595e-05  
     4.8026751735   5.23844266051e-06  
    4.82188603423   4.42625969436e-06  
    4.84117335953   8.02414531005e-06  
    4.86053808574   1.43606035506e-05  
    4.87998021521                 0.0  
    4.89950038583   5.62015103411e-06  
    4.91909827634   5.23025277863e-06  
    4.93877452759   5.08731624809e-06  
    4.95852979362   1.35516818499e-05  
    4.97836374618    9.3720098806e-06  
    4.99827737711   5.23562288871e-06  
     5.0182703536   4.73872589206e-06  
    5.03834368422                 0.0  
    5.05849703165   1.03640219391e-05  
    5.07873073078   1.42032176667e-05  
    5.09904581601   9.88055165337e-06  
    5.11944194334   9.48941841677e-06  
    5.13991981119   1.13849287055e-05  
    5.16047941939   2.72279274178e-06  
    5.18112147886   8.04843188996e-06  
    5.20184599077   6.68520011677e-06  
    5.22265331361   1.20493576266e-05  
     5.2435438095   1.79842749728e-05  
    5.26451784426     1.419877989e-05  
    5.28557616158   1.45888250297e-05  
     5.3067183896   2.26204967469e-05  
    5.32794527679   1.16776412211e-05  
    5.34925720446   2.11792997534e-05  
    5.37065417172   3.56495407367e-05  
    5.39213655882   1.65106340297e-05  
    5.41370514258   1.79952795012e-05  
    5.43535992532   2.63427110378e-05  
    5.45710169869   1.25798117124e-05  
    5.47893006545   3.84957964566e-05  
    5.50084582284   2.57989801942e-05  
    5.52284896853   2.06457803489e-05  
    5.54494031519   2.09729073938e-05  
    5.56712027819   7.32822546659e-06  
    5.58938885932   1.66710823206e-05  
    5.61174605182   1.41350658978e-05  
    5.63419311564   3.10149951331e-05  
    5.65673005712   2.05092985988e-05  
    5.67935687409   2.66395521826e-05  
    5.70207442649   2.99885677866e-05  
    5.72488271545   4.56669843332e-05  
     5.7477821758   1.52015721817e-05  
    5.77077324765   1.20625262087e-05  
    5.79385637646    3.1884386241e-05  
     5.8170320132   1.68807808175e-05  
    5.84029970084    1.7954871386e-05  
    5.86366126104   2.25162728683e-05  
    5.88711578034   3.35091782581e-05  
    5.91066417822   3.64518492905e-05  
    5.93430692324   1.97523063253e-05  
    5.95804401457   8.63080038969e-06  
    5.98187640063    2.7171823118e-05  
    6.00580360217    3.0178869076e-05  
    6.02982706295   2.28709251413e-05  
     6.0539463008   4.55858985164e-05  
    6.07816229297   3.83623145485e-05  
    6.10247454277     2.716882277e-05  
    6.12688453908   3.25520899552e-05  
    6.15139228923   4.40253320816e-05  
    6.17599779122   2.02782572011e-05  
    6.20070154853   2.48104424055e-05  
    6.22550459046   2.99159548852e-05  
    6.25040640037   4.10805921095e-05  
    6.27540801757    4.9260181132e-05  
    6.30050997369   1.29358758531e-05  
    6.32571173604   3.64323413349e-05  
     6.3510149058   2.62845142339e-05  
    6.37641894807    2.5595899905e-05  
    6.40192439863   3.42676265016e-05  
    6.42753235412   4.18729044195e-05  
    6.45324226357    1.5366193078e-05  
    6.47905523486   4.61304341778e-05  
    6.50497126841   4.49929639512e-05  
    6.53099149713   3.14449764977e-05  
      6.557115353   3.31106515047e-05  
    6.58334398091   3.37396053198e-05  
    6.60967738247   2.85059381193e-05  
      6.636116139   2.71263235121e-05  
    6.66266024591   2.35202266674e-05  
     6.6893108869   6.15289178575e-06  
    6.71606806547   3.37996182208e-05  
    6.74293238382   2.61474845054e-05  
    6.76990445326   2.81506096067e-05  
    6.79698365696   3.89694674245e-05  
    6.82417184254   3.20734849281e-05  
    6.85146839216   2.69502781175e-05  
    6.87887455859   1.84496125691e-05  
    6.90638970817    3.2846777332e-05  
    6.93401510795   2.45936328376e-05  
    6.96175140629   1.22986849403e-05  
    6.98959860741   1.97939015843e-05  
    7.01755670493   2.28863845651e-05  
    7.04562701121   2.17429460205e-05  
    7.07380952993   2.09059030725e-05  
    7.10210492952   1.22984370658e-05  
    7.13051320818   1.38746561023e-05  
    7.15903503951   1.32348772036e-05  
      7.187671108   5.73812250585e-06  
    7.21642210919   2.30404033145e-05  
     7.2452880469   2.96998220882e-06  
    7.27426891394   5.18648535629e-06  
     7.3033661205   7.42677410495e-06  
    7.33257967105    2.9340623424e-06  
    7.36190955887   1.59066300108e-05  
    7.39135722917   1.35782219563e-05  
    7.42092268746   3.17588032705e-05  
    7.45060667143   7.23864436006e-06  
    7.48040918171   2.86270268354e-05  
     7.5103309629    6.6372108822e-06  
    7.54037201069   9.94744581654e-06  
    7.57053307674   8.37578332165e-06  
    7.60081569915   2.60892715682e-05  
     7.6312191142                 0.0  
    7.66174409401   1.18211355944e-05  
    7.69239063155   1.30726098596e-05  
    7.72316030546   7.49301903585e-06  
    7.75405312312   1.02552511057e-05  
    7.78506908015   1.77827121717e-05  
    7.81620897836    9.2077879781e-06  
    7.84747445827   1.49857804711e-05  
    7.87886387586   7.56419393207e-06  
    7.91037971196   1.12208954272e-05  
    7.94202113658   2.15472296897e-05  
    7.97378898366   1.85387998855e-05  
    8.00568410198   3.19384522966e-05  
    8.03770735543   1.63237645764e-05  
    8.06985787909   2.79264452633e-05  
    8.10213740517   2.69124023541e-05  
    8.13454593714   5.24055764197e-05  
    8.16708435933   3.12444523119e-05  
    8.19975267166   2.83657612928e-05  
    8.23255176913   2.96481489839e-05  
    8.26548164815   1.58802615117e-05  
    8.29854321466   2.65418237815e-05  
    8.33173739122   2.47241094499e-05  
    8.36506511734   3.76487726094e-05  
      8.398524516   3.98554789838e-05  
    8.43211935001   4.35395610945e-05  
    8.46584773181   2.00605580446e-05  
    8.49971060237   1.39391028058e-05  
     8.5337098955   2.47600414455e-05  
    8.56784464499   1.40089518252e-05  
    8.60211582222   2.97300542942e-05  
    8.63652441684   1.52430126103e-05  
    8.67107043027   2.00929878337e-05  
    8.70575486565   4.89513417323e-05  
    8.74057772207   2.14687629849e-05  
    8.77554001652   4.07733411679e-05  
    8.81064278543   6.56973521586e-05  
    8.84588498917   1.17138466988e-05  
    8.88126871009   4.41741504949e-05  
    8.91679342222   5.20158875302e-05  
    8.95246071565   2.39458704515e-05  
    8.98827059515   5.86228962662e-06  
    9.02422359715    2.8151324828e-05  
    9.06032026159   3.59420807555e-05  
    9.09656168612   3.50884366846e-05  
    9.13294787279   5.02005123337e-05  
    9.16947993568   1.90946733844e-05  
    9.20615787578   3.34520145586e-05  
    9.24298225202   3.72139283121e-05  
      9.279954204   4.82327376849e-05  
    9.31707431261   2.55167756142e-05  
    9.35434257718   4.10859080158e-05  
    9.39175957335   3.51693172952e-05  
     9.4293270718   2.03939563955e-05  
    9.46704388515   7.76131751339e-06  
    9.50491240293   4.98646491196e-05  
    9.54293202825   4.21612815119e-05  
    9.58110335964   3.34088978753e-05  
    9.61942823963   6.36907586567e-05  
     9.6579060571   1.68700247191e-05  
    9.69653742549   5.85322024606e-05  
    9.73532359794   3.18333273783e-05  
    9.77426457375   2.03451338909e-05  
    9.81336162691   6.67391611394e-05  
    9.85261540749   1.51060892784e-05  
     9.8920259161   2.29569625077e-05  
    9.93159379873   3.35341336061e-05  
    9.97132037286   2.05951743621e-05  
     10.011205641   4.19744634561e-05  
    10.0512502668   4.20567179789e-05  
     10.091455602   2.45438408713e-05  
    10.1318209644   2.54662289355e-05  
    10.1723484056   4.01152201282e-05  
    10.2130379328   8.67637139174e-05  
    10.2538902416   5.05178040823e-05  
    10.2949053247   4.62408955192e-05  
    10.3360853051   1.75621746416e-05  
     10.377429474   4.19977100312e-05  
    10.4189392642   0.000770184485171  
