      wave_micron            flux_mjy  
  0.0154221819325                 0.0  
  0.0154783455809                 0.0  
   0.015540258413                 0.0  
  0.0156024189732                 0.0  
  0.0156648289627                 0.0  
  0.0157274883885                 0.0  
  0.0157903989725                 0.0  
   0.015853560715                 0.0  
  0.0159169753591                 0.0  
  0.0159806428986                 0.0  
  0.0160445650983                 0.0  
  0.0161087437552                 0.0  
  0.0161731788756                 0.0  
   0.016237870441                 0.0  
  0.0163028221147                 0.0  
  0.0163680339168                 0.0  
  0.0164335058424                 0.0  
  0.0164992397599                 0.0  
  0.0165652375728                 0.0  
  0.0166314973626                 0.0  
   0.016698022957                 0.0  
  0.0167648163217                 0.0  
  0.0168318755082                 0.0  
  0.0168992024628                 0.0  
  0.0169667991687                 0.0  
  0.0170346676472                 0.0  
  0.0171028048591                 0.0  
  0.0171712168936                 0.0  
  0.0172399017199                 0.0  
  0.0173088613934                 0.0  
  0.0173780969564                 0.0  
  0.0174476083969                 0.0  
  0.0175173988859                 0.0  
  0.0175874684342                 0.0  
  0.0176578192002                 0.0  
  0.0177284500972                 0.0  
  0.0177993632902                 0.0  
  0.0178705609874                 0.0  
  0.0179420431955                 0.0  
  0.0180138121572                 0.0  
  0.0180858667379                 0.0  
  0.0181582103376                 0.0  
   0.018230842962                 0.0  
  0.0183037669249                 0.0  
  0.0183769822319                 0.0  
  0.0184504900473                 0.0  
  0.0185242915451                 0.0  
  0.0185983891149                 0.0  
  0.0186727827634                 0.0  
  0.0187474736943                 0.0  
  0.0188224631215                 0.0  
  0.0188977535148                 0.0  
  0.0189733436286                 0.0  
  0.0190492372098                 0.0  
  0.0191254342705                 0.0  
  0.0192019360793                 0.0  
  0.0192787439165                 0.0  
  0.0193558590743                 0.0  
  0.0194332828569                 0.0  
  0.0195110152532                 0.0  
  0.0195890602365                 0.0  
  0.0196674164828                 0.0  
  0.0197460853146                 0.0  
  0.0198250694374                 0.0  
  0.0199043702325                 0.0  
  0.0199839877024                 0.0  
  0.0200639232226                 0.0  
  0.0201441795976                 0.0  
  0.0202247554125                 0.0  
  0.0203056549267                 0.0  
  0.0203868781584                 0.0  
  0.0204684250949                 0.0  
  0.0205502986369                 0.0  
  0.0206325002631                 0.0  
  0.0207150299721                 0.0  
  0.0207978907469                 0.0  
  0.0208810810743                 0.0  
  0.0209646054901                 0.0  
  0.0210484640106                 0.0  
  0.0211326581768                 0.0  
  0.0212171895475                 0.0  
  0.0213020581165                 0.0  
  0.0213872654403                 0.0  
  0.0214728147007                 0.0  
  0.0215587059078                 0.0  
  0.0216449406729                 0.0  
  0.0217315206258                 0.0  
  0.0218184474159                 0.0  
  0.0219057210389                 0.0  
  0.0219933431436                 0.0  
  0.0220813170987                 0.0  
  0.0221696429202                 0.0  
  0.0222583205902                 0.0  
  0.0223473535396                 0.0  
  0.0224367435202                 0.0  
  0.0225264905366                 0.0  
  0.0226165963424                 0.0  
  0.0227070627134                 0.0  
   0.022797891448                 0.0  
  0.0228890825408                 0.0  
  0.0229806396339                 0.0  
  0.0230725608835                 0.0  
  0.0231648518352                 0.0  
  0.0232575106339                 0.0  
  0.0233505410324                 0.0  
  0.0234439430362                 0.0  
  0.0235377185467                 0.0  
  0.0236318694907                 0.0  
  0.0237263978211                 0.0  
  0.0238213035385                 0.0  
  0.0239165886016                 0.0  
  0.0240122549961                 0.0  
  0.0241083027081                 0.0  
  0.0242047378153                 0.0  
  0.0243015562579                 0.0  
  0.0243987621108                 0.0  
   0.024496357451                 0.0  
  0.0245943422758                 0.0  
  0.0246927207968                 0.0  
  0.0247914908945                 0.0  
  0.0248906568236                 0.0  
  0.0249902185834                 0.0  
  0.0250901805246                 0.0  
  0.0251905404622                 0.0  
  0.0252913027928                 0.0  
  0.0253924675203                 0.0  
   0.025494039142                 0.0  
  0.0255960154078                 0.0  
  0.0256983985612                 0.0  
  0.0258011932004                 0.0  
  0.0259043970131                 0.0  
  0.0260080146481                 0.0  
    0.02611204611                 0.0  
  0.0262164937597                 0.0  
  0.0263213599946                 0.0  
  0.0264266472488                 0.0  
  0.0265323530848                 0.0  
   0.026638482369                 0.0  
  0.0267450350961                 0.0  
  0.0268520162481                 0.0  
  0.0269594233237                 0.0  
   0.027067261363                 0.0  
  0.0271755303777                 0.0  
  0.0272842329335                 0.0  
  0.0273933690209                 0.0  
   0.027502943863                 0.0  
  0.0276129548334                 0.0  
  0.0277234072187                 0.0  
  0.0278343010305                 0.0  
  0.0279456389615                 0.0  
  0.0280574210034                 0.0  
  0.0281696498716                 0.0  
  0.0282823283267                 0.0  
  0.0283954591745                 0.0  
  0.0285090395999                 0.0  
  0.0286230752233                 0.0  
  0.0287375689239                 0.0  
  0.0288525178234                 0.0  
  0.0289679276849                 0.0  
  0.0290838014637                 0.0  
  0.0292001362195                 0.0  
  0.0293169348659                 0.0  
  0.0294342033877                 0.0  
  0.0295519418269                 0.0  
  0.0296701471117                 0.0  
  0.0297888284028                 0.0  
  0.0299079857543                 0.0  
  0.0300276160314                 0.0  
  0.0301477254602                 0.0  
  0.0302683172275                 0.0  
  0.0303893913559                 0.0  
  0.0305109478221                 0.0  
  0.0306329930995                 0.0  
  0.0307555239287                 0.0  
  0.0308785468721                 0.0  
  0.0310020619542                 0.0  
  0.0311260691522                 0.0  
  0.0312505718008                 0.0  
  0.0313755767274                 0.0  
  0.0315010770906                 0.0  
  0.0316270832193                 0.0  
  0.0317535916642                 0.0  
  0.0318806059038                 0.0  
  0.0320081259079                 0.0  
  0.0321361587989                 0.0  
  0.0322647046199                 0.0  
  0.0323937633655                 0.0  
  0.0325233386688                 0.0  
  0.0326534305126                 0.0  
   0.032784046325                 0.0  
  0.0329151823899                 0.0  
  0.0330468424368                 0.0  
  0.0331790302653                 0.0  
  0.0333117458776                 0.0  
  0.0334449931253                 0.0  
  0.0335787720014                 0.0  
  0.0337130864104                 0.0  
  0.0338479403317                 0.0  
  0.0339833297668                 0.0  
   0.034119266773                 0.0  
    0.03425574124                 0.0  
  0.0343927653635                 0.0  
  0.0345303371289                 0.0  
  0.0346684564989                 0.0  
  0.0348071318312                 0.0  
  0.0349463589249                 0.0  
  0.0350861462674                 0.0  
  0.0352264895855                 0.0  
  0.0353673953179                 0.0  
  0.0355088656611                 0.0  
  0.0356509006117                 0.0  
   0.035793504579                 0.0  
  0.0359366775568                 0.0  
  0.0360804262925                 0.0  
  0.0362247462568                 0.0  
  0.0363696465556                 0.0  
  0.0365151249103                 0.0  
  0.0366611859421                 0.0  
  0.0368078296413                 0.0  
  0.0369550607037                 0.0  
  0.0371028815203                 0.0  
  0.0372512920825                 0.0  
  0.0374002972022                 0.0  
  0.0375498993313                 0.0  
  0.0377000984646                 0.0  
  0.0378508995351                 0.0  
  0.0380023025414                 0.0  
  0.0381543124999                 0.0  
  0.0383069294135                 0.0  
  0.0384601558058                 0.0  
  0.0386139968225                 0.0  
  0.0387684524758                 0.0  
   0.038923528001                 0.0  
  0.0390792207552                 0.0  
  0.0392355386861                 0.0  
  0.0393924818217                 0.0  
  0.0395500501301                 0.0  
  0.0397082517653                 0.0  
  0.0398670839996                 0.0  
  0.0400265523356                 0.0  
   0.040186659577                 0.0  
  0.0403474057178                 0.0  
  0.0405087935511                 0.0  
  0.0406708287828                 0.0  
  0.0408335143331                 0.0  
  0.0409968472931                 0.0  
  0.0411608334584                 0.0  
  0.0413254787495                 0.0  
  0.0414907802101                 0.0  
   0.041656743801                 0.0  
  0.0418233695127                 0.0  
  0.0419906634194                 0.0  
  0.0421586255298                 0.0  
   0.042327258912                 0.0  
  0.0424965698167                 0.0  
  0.0426665551097                 0.0  
  0.0428372210879                 0.0  
  0.0430085709616                 0.0  
  0.0431806047274                 0.0  
  0.0433533288696                 0.0  
  0.0435267401058                 0.0  
  0.0437008482999                 0.0  
   0.043875650142                 0.0  
  0.0440511522978                 0.0  
  0.0442273581705                 0.0  
  0.0444042677676                 0.0  
  0.0445818844935                 0.0  
  0.0447602117949                 0.0  
  0.0449392531611                 0.0  
  0.0451190085759                 0.0  
  0.0452994851091                 0.0  
  0.0454806827765                 0.0  
  0.0456626087953                 0.0  
  0.0458452558873                 0.0  
  0.0460286386326                 0.0  
  0.0462127533948                 0.0  
  0.0463976038551                 0.0  
   0.046583193743                 0.0  
   0.046769526837                 0.0  
   0.046956606966                 0.0  
  0.0471444302599                 0.0  
  0.0473330082767                 0.0  
  0.0475223410627                 0.0  
  0.0477124325616                 0.0  
  0.0479032787694                 0.0  
  0.0480948956441                 0.0  
  0.0482872751942                 0.0  
  0.0484804213891                 0.0  
  0.0486743423835                 0.0  
  0.0488690423574                 0.0  
  0.0490645171557                 0.0  
  0.0492607751063                 0.0  
  0.0494578204664                 0.0  
  0.0496556489567                 0.0  
   0.049854273417                 0.0  
  0.0500536895535                 0.0  
  0.0502539060659                 0.0  
  0.0504549185427                 0.0  
  0.0506567402489                 0.0  
  0.0508593667607                 0.0  
  0.0510628025253                 0.0  
  0.0512670566381                 0.0  
  0.0514721245518                 0.0  
  0.0516780108055                 0.0  
  0.0518847246999                 0.0  
   0.052092261563                 0.0  
  0.0523006307993                 0.0  
  0.0525098324223                 0.0  
  0.0527198760571                 0.0  
  0.0529307520196                 0.0  
  0.0531424748511                 0.0  
  0.0533550445924                 0.0  
  0.0535684662058                 0.0  
  0.0537827396889                 0.0  
  0.0539978700401                 0.0  
  0.0542138623369                 0.0  
  0.0544307165721                 0.0  
  0.0546484430685                 0.0  
  0.0548670366526                 0.0  
  0.0550865024807                 0.0  
  0.0553068511252                 0.0  
  0.0555280772875                 0.0  
  0.0557501916691                 0.0  
  0.0559731888451                 0.0  
  0.0561970851542                 0.0  
  0.0564218696252                 0.0  
    0.05664755882                 0.0  
  0.0568741471904                 0.0  
   0.057101645976                 0.0  
  0.0573300495008                 0.0  
  0.0575593691465                 0.0  
  0.0577896107521                 0.0  
   0.058020768517                 0.0  
   0.058252848197                 0.0  
  0.0584858616093                 0.0  
  0.0587198028284                 0.0  
  0.0589546838262                 0.0  
  0.0591905046543                 0.0  
  0.0594272652747                 0.0  
  0.0596649717642                 0.0  
  0.0599036365615                 0.0  
  0.0601432471883                 0.0  
  0.0603838224564                 0.0  
  0.0606253560613                 0.0  
  0.0608678607795                 0.0  
  0.0611113301733                 0.0  
  0.0613557771937                 0.0  
  0.0616012018839                 0.0  
  0.0618476041939                 0.0  
  0.0620949907005                 0.0  
  0.0623433748748                 0.0  
  0.0625927500343                 0.0  
  0.0628431160694                 0.0  
  0.0630944935939                 0.0  
  0.0633468688088                 0.0  
  0.0636002555816                 0.0  
  0.0638546539134                 0.0  
   0.064110078039                 0.0  
  0.0643665136604                 0.0  
  0.0646239823258                 0.0  
  0.0648824768223                 0.0  
  0.0651420117993                 0.0  
  0.0654025799059                 0.0  
  0.0656641884884                 0.0  
  0.0659268450311                 0.0  
  0.0661905495202                 0.0  
  0.0664553095403                 0.0  
  0.0667211328193                 0.0  
  0.0669880194077                 0.0  
  0.0672559692546                 0.0  
   0.067524998104                 0.0  
  0.0677950980645                 0.0  
  0.0680662770408                 0.0  
  0.0683385430896                 0.0  
  0.0686118962156                 0.0  
   0.068886340455                 0.0  
   0.069161888209                 0.0  
  0.0694385353599                 0.0  
   0.069716290261                 0.0  
  0.0699951528868                 0.0  
  0.0702751360196                 0.0  
   0.070556235388                 0.0  
  0.0708384595976                 0.0  
  0.0711218130144                 0.0  
  0.0714063000362                 0.0  
  0.0716919250936                 0.0  
    0.07197869265                 0.0  
  0.0722666072029                 0.0  
  0.0725556732844                 0.0  
  0.0728459000873                 0.0  
  0.0731372830003                 0.0  
  0.0734298312522                 0.0  
  0.0737235495201                 0.0  
  0.0740184425194                 0.0  
  0.0743145198186                 0.0  
  0.0746117766219                 0.0  
  0.0749102225396                 0.0  
  0.0752098624475                 0.0  
  0.0755107012636                 0.0  
  0.0758127489591                 0.0  
  0.0761159955082                 0.0  
  0.0764204609911                 0.0  
  0.0767261454929                 0.0  
  0.0770330489826                 0.0  
  0.0773411817395                 0.0  
  0.0776505437441                 0.0  
  0.0779611454547                 0.0  
  0.0782729922069                 0.0  
  0.0785860840041                 0.0  
  0.0789004261565                 0.0  
  0.0792160294956                 0.0  
   0.079532894053                 0.0  
   0.079851025297                 0.0  
  0.0801704287509                 0.0  
  0.0804911099934                 0.0  
  0.0808130746602                 0.0  
  0.0811363284449                 0.0  
  0.0814608713158                 0.0  
  0.0817867147778                 0.0  
  0.0821138647046                 0.0  
  0.0824423211076                 0.0  
  0.0827720898447                 0.0  
   0.083103176837                 0.0  
  0.0834355880695                 0.0  
  0.0837693295932                 0.0  
  0.0841044075257                 0.0  
  0.0844408280531                 0.0  
  0.0847785911656                 0.0  
  0.0851177030393                 0.0  
  0.0854581762863                 0.0  
  0.0858000109601                 0.0  
  0.0861432069836                 0.0  
  0.0864877837083                 0.0  
   0.086833734686                 0.0  
   0.087181066378                 0.0  
  0.0875297920005                 0.0  
  0.0878799115976                 0.0  
  0.0882314318658                 0.0  
  0.0885843527423                 0.0  
  0.0889386947135                 0.0  
  0.0892944509877                 0.0  
  0.0896516284288                 0.0  
  0.0900102339858                 0.0  
  0.0903702746949                 0.0  
  0.0907317505044                 0.0  
  0.0910946829245                 0.0  
  0.0914590575601                 0.0  
  0.0918248961623                 0.0  
  0.0921921988168                 0.0  
  0.0925609654697                 0.0  
  0.0929312109813                 0.0  
  0.0933029353717                 0.0  
  0.0936761461684                 0.0  
  0.0940508509988                 0.0  
  0.0944270498198                 0.0  
  0.0948047581127                 0.0  
  0.0951839838158                 0.0  
  0.0955647190532                 0.0  
  0.0959469715991                 0.0  
  0.0963307655121                 0.0  
  0.0967160847083                 0.0  
  0.0971029535334                 0.0  
  0.0974913638291                 0.0  
  0.0978813237277                 0.0  
  0.0982728498947                 0.0  
    0.09866594241                 0.0  
   0.099060609758                 0.0  
  0.0994568519222                 0.0  
  0.0998546774253                 0.0  
   0.100254094913                 0.0  
   0.100655113158                 0.0  
   0.101057732156                 0.0  
   0.101461960725                 0.0  
   0.101867807811                 0.0  
   0.102275282494                 0.0  
   0.102684384796                 0.0  
   0.103095123848                 0.0  
   0.103507499581                 0.0  
   0.103921530592                 0.0  
   0.104337216941                 0.0  
   0.104754568095                 0.0  
   0.105173584024                 0.0  
   0.105594283976                 0.0  
   0.106016658262                 0.0  
   0.106440726351                 0.0  
   0.106866488265                 0.0  
   0.107293953898                 0.0  
     0.1077231333                 0.0  
   0.108154016287                 0.0  
   0.108586633294                 0.0  
   0.109020984491                 0.0  
   0.109457069886                 0.0  
   0.109894899843                 0.0  
   0.110334474284                 0.0  
   0.110775814355                 0.0  
   0.111218920147                 0.0  
   0.111663791584                 0.0  
   0.112110450329                 0.0  
   0.112558885443                 0.0  
   0.113009129988                 0.0  
   0.113461161814                 0.0  
   0.113915003126                 0.0  
   0.114370665274                 0.0  
   0.114828148301                 0.0  
   0.115287463664                 0.0  
   0.115748611332                 0.0  
   0.116211602869                 0.0  
   0.116676450037                 0.0  
   0.117143152835                 0.0  
   0.117611735198                 0.0  
   0.118082173035                 0.0  
   0.118554502557                 0.0  
   0.119028723913                 0.0  
   0.119504837073                 0.0  
   0.119982854371                 0.0  
   0.120462788359                 0.0  
   0.120944639055                 0.0  
   0.121428419148                 0.0  
   0.121914128591                 0.0  
   0.122401793275                 0.0  
   0.122891400238                 0.0  
   0.123382962455                 0.0  
   0.123876493133                 0.0  
   0.124372005713                 0.0  
   0.124869486696                 0.0  
    0.12536896306                 0.0  
   0.125870448651                 0.0  
   0.126373929725                 0.0  
   0.126879419965                 0.0  
   0.127386933305                 0.0  
   0.127896483936                 0.0  
   0.128408071933                 0.0  
   0.128921697178                 0.0  
   0.129437388564                 0.0  
   0.129955146271                 0.0  
   0.130474955445                 0.0  
   0.130996860392                 0.0  
   0.131520846332                 0.0  
   0.132046928203                 0.0  
   0.132575121227                 0.0  
   0.133105425465                 0.0  
   0.133637840778                 0.0  
   0.134172398206                 0.0  
   0.134709082127                 0.0  
   0.135247924046                 0.0  
   0.135788908058                 0.0  
   0.136332066143                 0.0  
   0.136877390275                 0.0  
   0.137424904887                 0.0  
   0.137974601796                 0.0  
   0.138526497437                 0.0  
   0.139080608566                 0.0  
   0.139636926768                 0.0  
    0.14019547741                 0.0  
   0.140756260558                 0.0  
   0.141319284768                 0.0  
   0.141884558656                 0.0  
   0.142452099745                 0.0  
   0.143021908073                 0.0  
   0.143593992447                 0.0  
   0.144168370799                 0.0  
   0.144745043155                 0.0  
   0.145324027728                 0.0  
   0.145905324541                 0.0  
   0.146488942746                 0.0  
   0.147074900997                 0.0  
   0.147663199313                 0.0  
   0.148253847072                 0.0  
   0.148846863384                 0.0  
   0.149442258012                 0.0  
    0.15004002118                 0.0  
   0.150640182132                 0.0  
   0.151242740914                 0.0  
   0.151847717443                 0.0  
   0.152455101654                 0.0  
   0.153064923769                 0.0  
   0.153677183874                 0.0  
   0.154291892196                 0.0  
   0.154909059057                 0.0  
   0.155528694873                 0.0  
    0.15615081016                 0.0  
   0.156775415535                 0.0  
   0.157402521715                 0.0  
   0.158032128636                 0.0  
   0.158664257937                 0.0  
   0.159298909593                 0.0  
   0.159936105631                 0.0  
   0.160575857307                 0.0  
   0.161218153334                 0.0  
   0.161863027494                 0.0  
    0.16251047988                 0.0  
   0.163160521938                 0.0  
   0.163813165237                 0.0  
   0.164468421468                 0.0  
   0.165126290561                 0.0  
   0.165786796153                 0.0  
   0.166449938238                 0.0  
     0.1671157409                 0.0  
   0.167784204206                 0.0  
   0.168455340333                 0.0  
   0.169129161595                 0.0  
   0.169805680445                 0.0  
   0.170484909475                 0.0  
   0.171166848655                 0.0  
   0.171851510563                 0.0  
   0.172538920896                 0.0  
   0.173229066678                 0.0  
    0.17392198699                 0.0  
   0.174617682033                 0.0  
   0.175316151747                 0.0  
   0.176017409306                 0.0  
   0.176721481655                 0.0  
   0.177428368893                 0.0  
   0.178138084683                 0.0  
   0.178850628912                 0.0  
   0.179566043354                 0.0  
   0.180284300021                 0.0  
   0.181005441147                 0.0  
   0.181729466868                 0.0  
   0.182456377047                 0.0  
   0.183186200516                 0.0  
   0.183918952014                 0.0  
    0.18465461675                 0.0  
   0.185393239096                 0.0  
   0.186134819272                 0.0  
   0.186879357215                 0.0  
    0.18762686792                 0.0  
   0.188377382046                 0.0  
   0.189130884183                 0.0  
   0.189887405278                 0.0  
   0.190646961147                 0.0  
   0.191409551855                 0.0  
   0.192175193269                 0.0  
    0.19294388525                 0.0  
   0.193715660074                 0.0  
   0.194490534275                 0.0  
    0.19526849138                 0.0  
   0.196049564345                 0.0  
   0.196833753116                 0.0  
   0.197621091384                 0.0  
   0.198411579304                 0.0  
   0.199205234028                 0.0  
    0.20000205552                 0.0  
   0.200802061011                 0.0  
   0.201605267985                 0.0  
   0.202411694179                 0.0  
   0.203221339593                 0.0  
    0.20403422206                 0.0  
   0.204850359677                 0.0  
   0.205669752375                 0.0  
   0.206492436937                 0.0  
   0.207318413552                 0.0  
    0.20814768209                 0.0  
   0.208980261139                 0.0  
   0.209816188758                 0.0  
   0.210655445884                 0.0  
   0.211498071008                 0.0  
   0.212344064232                 0.0  
   0.213193445145                 0.0  
   0.214046213675                 0.0  
   0.214902409677                 0.0  
   0.215762013091                 0.0  
    0.21662506424                 0.0  
   0.217491563183                 0.0  
   0.218361530429                 0.0  
   0.219234965867                 0.0  
   0.220111911284                 0.0  
     0.2209923669                 0.0  
   0.221876332607                 0.0  
   0.222763829578                 0.0  
    0.22365490114                 0.0  
   0.224549503758                 0.0  
   0.225447702921                 0.0  
   0.226349498892                 0.0  
   0.227254891597                 0.0  
   0.228163925989                 0.0  
   0.229076579506                 0.0  
   0.229992874618                 0.0  
   0.230912857412                 0.0  
   0.231836504828                 0.0  
   0.232763839934                 0.0  
   0.233694909994                 0.0  
    0.23462969145                 0.0  
   0.235568207999                 0.0  
   0.236510483745                 0.0  
   0.237456518631                 0.0  
   0.238406337007                 0.0  
   0.239359963648                 0.0  
   0.240317398589                 0.0  
   0.241278666869                 0.0  
   0.242243793968                 0.0  
   0.243212780032                 0.0  
   0.244185624836                 0.0  
   0.245162353976                 0.0  
    0.24614301991                 0.0  
   0.247127569931                 0.0  
   0.248116083417                 0.0  
    0.24910856079                 0.0  
   0.250105002093                 0.0  
   0.251105406992                 0.0  
   0.252109830165                 0.0  
   0.253118271822                 0.0  
   0.254130759937                 0.0  
   0.255147266246                 0.0  
   0.256167846992                 0.0  
   0.257192531015                 0.0  
   0.258221289561                 0.0  
   0.259254180438                 0.0  
   0.260291203866                 0.0  
   0.261332359668                 0.0  
   0.262377707278                 0.0  
   0.263427216902                 0.0  
    0.26448091836                 0.0  
   0.265538842033                 0.0  
   0.266600987898                 0.0  
   0.267667386749                 0.0  
   0.268738069965                 0.0  
   0.269813006064                 0.0  
   0.270892258088                 0.0  
   0.271975826221                 0.0  
   0.273063742733                 0.0  
   0.274156007754                 0.0  
   0.275252620997                 0.0  
    0.27635363168                 0.0  
   0.277459056633                 0.0  
    0.27856887898                 0.0  
    0.27968316611                 0.0  
   0.280801901239                 0.0  
   0.281925101253                 0.0  
   0.283052800615                 0.0  
   0.284185016866                 0.0  
   0.285321749936                 0.0  
   0.286463035083                 0.0  
    0.28760889024                 0.0  
   0.288759333475                 0.0  
   0.289914364678                 0.0  
   0.291074020225                 0.0  
   0.292238318604                 0.0  
   0.293407278456                 0.0  
   0.294580899659                 0.0  
   0.295759219764                 0.0  
   0.296942257868                 0.0  
   0.298130033227                 0.0  
   0.299322545737                 0.0  
   0.300519834195                 0.0  
   0.301721918353                 0.0  
   0.302928798139                 0.0  
   0.304140513331                 0.0  
   0.305357084209                 0.0  
    0.30657851075                 0.0  
    0.30780483376                 0.0  
   0.309036053261                 0.0  
   0.310272189784                 0.0  
   0.311513285199                 0.0  
   0.312759339614                 0.0  
   0.314010374147                 0.0  
   0.315266410121                 0.0  
   0.316527469063                 0.0  
   0.317793594723                 0.0  
   0.319064765213                 0.0  
   0.320341024541                 0.0  
   0.321622395105                 0.0  
    0.32290887681                 0.0  
   0.324200514872                 0.0  
   0.325497309296                 0.0  
   0.326799306137                 0.0  
   0.328106505512                 0.0  
   0.329418930686                 0.0  
   0.330736605174                 0.0  
   0.332059552743                 0.0  
   0.333387773198                 0.0  
   0.334721339076                 0.0  
   0.336060226296                 0.0  
   0.337404459096                 0.0  
   0.338754086995                 0.0  
   0.340109084964                 0.0  
   0.341469528289                 0.0  
   0.342835417322                 0.0  
   0.344206751893                 0.0  
    0.34558358336                 0.0  
   0.346965911735                 0.0  
   0.348353789395                 0.0  
   0.349747189896                 0.0  
   0.351146192895                 0.0  
   0.352550771731                 0.0  
   0.353960980257                 0.0  
   0.355376818476                 0.0  
   0.356798313591                 0.0  
   0.358225521107                 0.0  
   0.359658413196                 0.0  
    0.36109704583                 0.0  
   0.362541447593                 0.0  
   0.363991589687                 0.0  
   0.365447558249                 0.0  
   0.366909353625                 0.0  
   0.368377005178                 0.0  
   0.369850512842                 0.0  
   0.371329906034                 0.0  
   0.372815214556                 0.0  
   0.374306499135                 0.0  
   0.375803698768                 0.0  
   0.377306936059                 0.0  
    0.37881614935                 0.0  
   0.380331432033                 0.0  
   0.381852752824                 0.0  
   0.383380142906                 0.0  
    0.38491366618                 0.0  
   0.386453322919                 0.0  
   0.387999145622                 0.0  
   0.389551134167                 0.0  
   0.391109354508                 0.0  
   0.392673773317                 0.0  
   0.394244491082                 0.0  
   0.395821440208                 0.0  
   0.397404756821                 0.0  
   0.398994372669                 0.0  
   0.400590356569                 0.0  
   0.402192708445                 0.0  
    0.40380146314                 0.0  
   0.405416691825                 0.0  
   0.407038359024                 0.0  
    0.40866650028                 0.0  
   0.410301151665                 0.0  
   0.411942349788                 0.0  
   0.413590131812                 0.0  
   0.415244497878                 0.0  
   0.416905485377                 0.0  
   0.418573094084                 0.0  
   0.420247400108                 0.0  
   0.421928364977                 0.0  
   0.423616104768                 0.0  
   0.425310541546                 0.0  
   0.427011792894                 0.0  
   0.428719859375                 0.0  
   0.430434740904                 0.0  
   0.432156477435                 0.0  
   0.433885109556                 0.0  
   0.435620637143                 0.0  
    0.43736310109                 0.0  
   0.439112584969                 0.0  
   0.440869004932                 0.0  
   0.442632487246                 0.0  
   0.444403032456                 0.0  
   0.446180640438                 0.0  
   0.447965354113                 0.0  
   0.449757217111                 0.0  
   0.451556229337                 0.0  
   0.453362479596                 0.0  
   0.455175923398                 0.0  
   0.456996605151                 0.0  
   0.458824615881                 0.0  
   0.460659910107                 0.0  
   0.462502533404                 0.0  
   0.464352579108                 0.0  
    0.46620995338                 0.0  
   0.468074797379                 0.0  
   0.469947111716                 0.0  
   0.471826896298                 0.0  
   0.473714199207                 0.0  
   0.475609069359                 0.0  
   0.477511506824                 0.0  
   0.479421561033                 0.0  
   0.481339231788                 0.0  
   0.483264569046                 0.0  
   0.485197623643                 0.0  
    0.48713844731                 0.0  
    0.48908698843                 0.0  
    0.49104335062                 0.0  
   0.493007534152                 0.0  
   0.494979538549   1.21187685084e-06  
   0.496959470212   1.21106715122e-06  
   0.498947275454                 0.0  
    0.50094306216                 0.0  
   0.502946885801                 0.0  
   0.504958636151                 0.0  
   0.506978478729                 0.0  
    0.50900641424                 0.0  
   0.511042442618                 0.0  
   0.513086620388                 0.0  
   0.515138947285                 0.0  
   0.517199480546                 0.0  
   0.519268278468                 0.0  
   0.521345341199                 0.0  
   0.523430727797   1.49981543265e-06  
   0.525524498426                 0.0  
   0.527626593036                 0.0  
   0.529737071145                 0.0  
   0.531855993396                 0.0  
   0.533983421578                 0.0  
   0.536119356013                 0.0  
   0.538263859347                 0.0  
   0.540416931774                 0.0  
   0.542578572662   1.50560970166e-06  
   0.544748909884                 0.0  
   0.546927879032   1.55254927233e-06  
   0.549115609922                 0.0  
   0.551312070118   1.51997088447e-06  
   0.553517325448                 0.0  
   0.555731375711                 0.0  
   0.557954321622                 0.0  
   0.560186129508   1.56126139662e-06  
    0.56242686716                 0.0  
   0.564676568953                 0.0  
   0.566935269508   1.80032983081e-06  
   0.569203038998                 0.0  
   0.571479842222   1.83573783926e-06  
   0.573765749586                 0.0  
   0.576060832897                 0.0  
   0.578365056043    1.8776047157e-06  
   0.580678527832   1.76280434137e-06  
   0.583001248583   1.64658055846e-06  
   0.585333255065   1.62608536008e-06  
   0.587674584337                 0.0  
   0.590025273757                 0.0  
   0.592385360989                 0.0  
    0.59475492255   1.66291593624e-06  
    0.59713391995   1.91383999708e-06  
   0.599522469205                 0.0  
   0.601920570721                 0.0  
   0.604328223989                 0.0  
   0.606745547913                 0.0  
   0.609172542992   2.08106514116e-06  
   0.611609208806                 0.0  
   0.614055667248                 0.0  
   0.616511877542                 0.0  
   0.618977921892   1.90285606051e-06  
    0.62145384213   1.93615983894e-06  
   0.623939680483                 0.0  
    0.62643543682                 0.0  
   0.628941153152                 0.0  
   0.631456915341                 0.0  
   0.633982767257   2.04798330322e-06  
   0.636518664907                 0.0  
   0.639064739921   4.04968978861e-06  
   0.641621037484   2.25345206577e-06  
   0.644187512807                 0.0  
   0.646764255413   2.05445590447e-06  
   0.649351310787                 0.0  
   0.651948724887   4.49590625548e-06  
   0.654556497467   2.09832831101e-06  
   0.657174721394   2.55253887665e-06  
   0.659803444093   4.31962643966e-06  
    0.66244266568   4.86405795059e-06  
   0.665092433462   2.33283185359e-06  
   0.667752795259                 0.0  
   0.670423799416                 0.0  
    0.67310549481   2.14214729196e-06  
   0.675797930866   6.39825090104e-06  
   0.678501107401   6.42478407542e-06  
   0.681215124321   2.10835742479e-06  
   0.683939981772   4.32945478449e-06  
   0.686675730236   2.35057412351e-06  
   0.689422420776   1.12622360174e-05  
   0.692180105052   6.79716026073e-06  
   0.694948835326    2.1987506395e-06  
   0.697728664482    4.5143184376e-06  
   0.700519539089   1.26651649128e-05  
   0.703321618534    2.2628383218e-06  
   0.706134903276    9.2790230219e-06  
   0.708959447472   2.26931547203e-06  
   0.711795305937    4.8232331793e-06  
   0.714642478514   6.94251117778e-06  
   0.717501076141   8.84014574941e-06  
   0.720371042598   1.36658330779e-05  
   0.723252546752   9.35834796465e-06  
   0.726145531988                 0.0  
   0.729050112501   1.46740935651e-05  
   0.731966346677   1.61883450264e-05  
   0.734894175957     2.413947443e-05  
   0.737833776058   1.48609468635e-05  
   0.740785088054    9.1766418284e-06  
   0.743748230808    1.4385565611e-05  
   0.746723265124   7.57209663441e-06  
   0.749710130124   1.50399324317e-05  
   0.752708947032   1.73601335183e-05  
   0.755719839845   1.20663385487e-05  
   0.758742684465   1.21616899526e-05  
   0.761777667799   1.75898877626e-05  
   0.764824790406   5.07246775058e-06  
   0.767884051683    4.6884409367e-06  
   0.770955579374   1.45308244208e-05  
   0.774039438886   2.45678764842e-05  
   0.777135564917   1.64771218045e-05  
    0.78024415422   3.38594331341e-05  
   0.783365074359   2.04268682855e-05  
   0.786498591855   2.55708209736e-05  
   0.789644572959    1.8670992146e-05  
   0.792803152342   9.87140244808e-06  
   0.795974329745   2.72685270476e-05  
   0.799158242868   1.83261753362e-05  
   0.802354892328   1.79972994633e-05  
   0.805564277528   4.46017802039e-05  
   0.808786539182   2.58545963197e-05  
    0.81202167761   3.23765988409e-05  
    0.81526976432   2.15571589582e-05  
   0.818530871882   3.63816535383e-05  
   0.821805000353   1.42110064673e-05  
   0.825092222719   2.74903891653e-05  
   0.828392613059   1.71253357029e-05  
   0.831706171199   3.39213901865e-05  
   0.835032971668    1.6506259116e-05  
   0.838373090129   3.27684213107e-05  
   0.841726603405   2.83770901143e-05  
   0.845093511678   3.58417510992e-05  
   0.848473892288   1.95367826556e-05  
   0.851867744698   2.27868271696e-05  
   0.855275226474   4.73621504444e-05  
   0.858696338263   2.98560578233e-05  
     0.8621311604   4.70536730187e-05  
   0.865579692848    3.6994896133e-05  
   0.869042016538   2.72231934654e-05  
   0.872518130734   1.46268759529e-05  
   0.876008200591   4.06627943215e-05  
   0.879512226677   3.37062760876e-05  
   0.883030293186   3.97168447596e-05  
   0.886562400028   3.09267012698e-05  
   0.890108632087   3.55352535613e-05  
   0.893669075629   1.88147356795e-05  
   0.897243818335    3.4378878171e-05  
   0.900832772471   3.54360798849e-05  
   0.904436113504   2.85793394017e-05  
   0.908053841492    4.0736891597e-05  
   0.911686045672    2.1579429123e-05  
    0.91533281677   3.76680023092e-05  
   0.918994155003   6.53169268271e-05  
   0.922670059186   4.35972045258e-05  
   0.926360807225   5.05812343567e-05  
   0.930066213277   5.90921125302e-05  
   0.933786464124   5.70945082704e-05  
   0.937521655387   2.52858061403e-05  
   0.941271691238   3.46301202855e-05  
    0.94503676327   5.83071512656e-05  
   0.948816969728   6.08932698477e-05  
   0.952612212787   3.80803769853e-05  
   0.956422689039   5.13668990395e-05  
    0.96024839901   5.41508773119e-05  
   0.964089341764   6.23494098644e-05  
   0.967945719061   7.38936507473e-05  
   0.971817531867   3.13886340558e-05  
   0.975704779678   4.74608458959e-05  
   0.979607565052   3.59364042874e-05  
   0.983525992373    4.2419551962e-05  
    0.98746016788   6.19302713656e-05  
    0.99140998551   4.58746349721e-05  
   0.995375550182   4.61571204786e-05  
   0.999357077529   5.69829900817e-05  
    1.00335456921   3.79314248283e-05  
     1.0073679148   3.97525257793e-05  
    1.01139744463   6.87562486796e-05  
    1.01544304873   6.12266948832e-05  
    1.01950483853   5.78171173426e-05  
    1.02358281331    6.6357235961e-05  
    1.02767708587   5.25319976314e-05  
    1.03178788711   8.64644404095e-05  
    1.03591498602   9.29048281299e-05  
    1.04005861403   7.52347201179e-05  
    1.04421888967   8.17552697167e-05  
     1.0483958139   7.33571873697e-05  
    1.05258938609   8.09297884813e-05  
    1.05679972569   3.86725357356e-05  
    1.06102695441   7.51355868705e-05  
    1.06527107257   9.37713724312e-05  
     1.0695320789   8.30985273144e-05  
    1.07381022173   6.89421622571e-05  
    1.07810550248   7.17234590335e-05  
    1.08241792093   8.20277807598e-05  
    1.08674760389   7.47352968973e-05  
    1.09109455089   5.47630404671e-05  
    1.09545895593   0.000111362948154  
    1.09984075394   5.20674917101e-05  
    1.10424014184   4.87191673011e-05  
    1.10865712028   8.11604842086e-05  
    1.11309168825   6.74478570993e-05  
    1.11754411518   9.18685441075e-05  
    1.12201426596   0.000103425731219  
    1.12650234506   9.01083875024e-05  
    1.13100835277   0.000106351553487  
    1.13553235792   6.17722019825e-05  
    1.14007450061   9.47872674205e-05  
    1.14463478098    8.5995105598e-05  
    1.14921334131   0.000147347776366  
    1.15381018168   0.000116404325451  
    1.15842544658   8.81547870006e-05  
    1.16305913603   0.000123334544064  
    1.16771132256   0.000123051880863  
    1.17238222901   0.000147428565215  
     1.1770717062   0.000141662290716  
    1.18178005487   0.000161419845115  
    1.18650712344   0.000162302112656  
    1.19125314023   0.000157052210593  
    1.19601818322   0.000163340559286  
    1.20080225251   0.000160343244238  
    1.20560542555   0.000227949678216  
     1.2104278603   0.000150135515985  
    1.21526955699   0.000215539910099  
    1.22013067626   0.000139185952001  
    1.22501121851   0.000160951414906  
    1.22991126469   0.000147281711473  
    1.23483089651   0.000160373148871  
    1.23977019641   0.000118352958958  
    1.24472933202   0.000167410016537  
    1.24970821917   0.000187855008952  
    1.25470702642   0.000192106723321  
    1.25972583937   0.000124054201233  
    1.26476474446   0.000191564981288  
    1.26982382899   0.000196572308705  
    1.27490309256   0.000167833154236  
    1.28000271133   0.000221007790396  
    1.28512277523   0.000156925729216  
     1.2902632844   0.000205399510504  
    1.29542432843    0.00016247780354  
    1.30060599784   0.000203506426117  
    1.30580838408   0.000197115768437  
     1.3110316732   0.000254221112098  
    1.31627577206    0.00015166028186  
    1.32154086795   0.000248877817307  
    1.32682705626   0.000262236353119  
    1.33213433675   0.000200458806702  
    1.33746290205   0.000275590442512  
    1.34281275249   0.000226560047659  
    1.34818398535   0.000203980476216  
    1.35357669902   0.000237836834756  
    1.35899099299   0.000290378127418  
    1.36442696787   0.000279644836773  
    1.36988472544   0.000236499379083  
    1.37536426557   0.000230717453453  
    1.38086568994   0.000304224860648  
     1.3863892061    0.00034136334524  
    1.39193470951   0.000165724070756  
    1.39750240935   0.000218505266945  
    1.40309251941    0.00030029009059  
    1.40870482573   0.000216163544088  
    1.41433965025   0.000236371657202  
    1.41999699353   0.000230270393467  
    1.42567696474   0.000220574682842  
    1.43137967438   0.000279536146728  
    1.43710523432   0.000183597175168  
    1.44285364441   0.000198858389992  
    1.44862501663   0.000248806722783  
     1.4544195796   0.000213129971863  
    1.46023721857   0.000177716125644  
    1.46607816418    0.00020387258297  
    1.47194253421   0.000226518794585  
      1.477830329   0.000190247253733  
    1.48374154662   0.000279746262825  
    1.48967654556   0.000215797761755  
    1.49563532798   0.000184439039688  
    1.50161777091   0.000231611338114  
    1.50762424051   0.000196402630796  
    1.51365473797   0.000190429098137  
    1.51970938801   0.000227099301787  
    1.52578819019   0.000248575939909  
    1.53189139745   0.000259081183097  
    1.53801901079    0.00022347115359  
    1.54417102887   0.000226721825806  
    1.55034770985   0.000262618546405  
    1.55654905389   0.000173616624111  
    1.56277532485   0.000232057919357  
    1.56902639034   0.000191158062884  
    1.57530251691   0.000129399211975  
    1.58160370472   0.000191152404459  
    1.58793008889   0.000256680778971  
    1.59428180649   0.000245197861954  
    1.60065899655   0.000220969349115  
    1.60706165945   0.000265371417035  
    1.61348993491   0.000357544268265  
    1.61994382173    0.00035985666303  
    1.62642360449   0.000215070056068  
    1.63292928386    0.00027374561331  
    1.63946100449   0.000356451708655  
     1.6460189132   0.000360732859905  
     1.6526028614   0.000341573600899  
    1.65921329316   0.000348709903624  
    1.66585021079   0.000327328447477  
    1.67251361406    0.00042595333696  
    1.67920365382   0.000265033382408  
    1.68592048325   0.000292499897092  
    1.69266410175   0.000433991519582  
    1.69943482084   0.000388311922762  
    1.70623248366   0.000440657480569  
    1.71305740532   0.000436346762869  
     1.7199097473   0.000399071229724  
    1.72678934875   0.000407828263894  
    1.73369653225   0.000497820087665  
    1.74063129799    0.00038994172105  
    1.74759380992   0.000421692067797  
    1.75458423461   0.000345353038885  
    1.76160257222   0.000366510896178  
    1.76864899066   0.000406189210566  
    1.77572348875   0.000426984917981  
    1.78282640892    0.00045811227279  
     1.7899577528   0.000468115276097  
    1.79711751932    0.00044058393361  
    1.80430605936   0.000477584396369  
    1.81152319598    0.00055489598671  
    1.81876928446   0.000488569752412  
    1.82604450707   0.000467665789847  
    1.83334868291   0.000541080313857  
     1.8406819916   0.000403694867871  
    1.84804480185   0.000389783263708  
    1.85543692875   0.000642280953616  
     1.8628585567    0.00063384473479  
    1.87031006382   0.000463775774415  
    1.87779126121   0.000554357467569  
    1.88530253195   0.000520020761686  
    1.89284368298   0.000487848614752  
    1.90041510239   0.000454510216321  
    1.90801679125   0.000375280271715  
    1.91564874769   0.000399707785455  
    1.92331136998   0.000577842499456  
    1.93100465998   0.000390149200772  
    1.93872861661    0.00048988854395  
    1.94648364868   0.000434544940287  
    1.95426955095   0.000375811305337  
    1.96208652804   0.000468886292124  
    1.96993499966   0.000438444495842  
    1.97781475664   0.000446370208582  
    1.98572600968   0.000398378465511  
    1.99366875669   0.000402262791626  
    2.00164342911   0.000436836943256  
    2.00965002913   0.000516849286528  
     2.0176887777   0.000508907603809  
    2.02575945264   0.000487589933333  
    2.03386249764   0.000320383761825  
    2.04199791323   0.000312414239436  
    2.05016592587   0.000406166046005  
    2.05836653531   0.000388979307111  
    2.06659997086   0.000440139442977  
    2.07486646606   0.000476721988935  
    2.08316602235   0.000420435830163  
    2.09149863802   0.000600745492874  
    2.09986454834   0.000619118229843  
    2.10826399303   0.000626674215674  
    2.11669697217   0.000735190218792  
    2.12516397475    0.00076222096548  
    2.13366451009    0.00067287885543  
    2.14219906852   0.000691824819389  
    2.15076790095   0.000703051607491  
    2.15937100899   0.000643976643951  
    2.16800864708   0.000774421874374  
    2.17668055826   0.000765565537099  
    2.18538725457   0.000911904800972  
    2.19412886786   0.000892207977493  
     2.2029053986   0.000885426866008  
    2.21171697719    0.00115509459711  
    2.22056386918   0.000974789687195  
    2.22944607449    0.00115864468789  
     2.2383638626    0.00105705830451  
    2.24731737067    0.00105194174203  
    2.25630659816    0.00112136775124  
    2.26533182065    0.00114117009902  
    2.27439317825   0.000864812867525  
    2.28349081208    0.00100594736628  
    2.29262472114    0.00119887985384  
    2.30179518955   0.000986807361121  
    2.31100236161    0.00122683462727  
    2.32024638274    0.00119116574674  
    2.32952739949    0.00121776930184  
    2.33884555955    0.00120210074835  
     2.3482008616   0.000996828563927  
    2.35759375493    0.00106440452014  
     2.3670240892    0.00113845347808  
    2.37649216717    0.00117612597723  
    2.38599814264    0.00124833199504  
    2.39554217071    0.00133549638618  
    2.40512425024    0.00109498541547  
    2.41474485293    0.00130392463395  
     2.4244038215    0.00114561717889  
    2.43410131268    0.00129390798762  
    2.44383780997    0.00139799656985  
    2.45361315272    0.00131103656924  
    2.46342750192    0.00134641239547  
    2.47328135334    0.00130079911812  
    2.48317437503     0.0012980280295  
    2.49310706713    0.00109339305798  
     2.5030796008    0.00137738153413  
    2.51309180473    0.00142224834502  
    2.52314419199    0.00116961124248  
    2.53323676388    0.00127627311459  
    2.54336969409    0.00113023728796  
      2.553543158    0.00116252328908  
    2.56375733277    0.00123243798592  
    2.57401239734    0.00130324719484  
    2.58430853246    0.00119392394273  
    2.59464573736    0.00116153281748  
    2.60502437702    0.00106594843263  
    2.61544445152    0.00113137501924  
    2.62590614476     0.0012744894647  
    2.63640983195    0.00111659637578  
    2.64695551462    0.00107454458698  
    2.65754319028    0.00121393459475  
    2.66817343412     0.0013469404095  
    2.67884605387    0.00131515790854  
    2.68956143808    0.00122622526627  
    2.70031978513    0.00122695509946  
    2.71112109538    0.00143388641986  
     2.7219655669    0.00131734176707  
    2.73285339999    0.00112243618999  
    2.74378479725     0.0011598810567  
    2.75475996361    0.00117590617932  
    2.76577889803    0.00128990433995  
     2.7768420153    0.00130264606367  
    2.78794952761    0.00141074800164  
    2.79910122283    0.00115404888512  
    2.81029773829    0.00133497715783  
    2.82153886012    0.00119993150374  
    2.83282501905    0.00119985326838  
    2.84415621465    0.00105937081053  
    2.85553288641    0.00115603315964  
     2.8669550358    0.00110672387357  
    2.87842288562    0.00112707133339  
    2.88993666146    0.00109441501645  
    2.90149636242   0.000841798834804  
    2.91310221432    0.00107224007512  
    2.92475467888    0.00112744593089  
    2.93645375843   0.000902102291492  
    2.94819945083    0.00107523195764  
    2.95999246544   0.000872081618257  
    2.97183232698   0.000881805693517  
    2.98371975291   0.000670425149041  
    2.99565450142    0.00095395043335  
    3.00763705757   0.000842268149711  
    3.01966766914   0.000696228042199  
    3.03174633682   0.000708249462324  
     3.0438733091    0.00074680111999  
    3.05604883781   0.000682920676052  
    3.06827292179   0.000654930453996  
    3.08054607218   0.000653955293679  
    3.09286829073   0.000654862553011  
    3.10523983715   0.000623028560506  
       3.11766071   0.000446554211037  
    3.13013143684   0.000584416472519  
     3.1426520194   0.000492004871118  
     3.1552224546   0.000395601703655  
    3.16784328125   0.000488999673387  
    3.18051477514   0.000702395981338  
    3.19323693827   0.000666327211972  
    3.20600976777   0.000307897785487  
    3.21883382034   0.000354921412984  
    3.23170909668   0.000551768297541  
    3.24463587936   0.000500617168326  
    3.25761445513   0.000816074927428  
    3.27064511496   0.000490408956988  
    3.28372756669   0.000516752950927  
    3.29686239202   0.000632922774902  
    3.31004988796   0.000425556289958  
    3.32329005515    0.00057272234901  
    3.33658319242    0.00048051975477  
    3.34992960313   0.000615902812021  
    3.36332928717    0.00073785322426  
    3.37678254987   0.000609042749352  
    3.39028970127   0.000528180716041  
    3.40385105624   0.000504645923963  
    3.41746629822   0.000624625369048  
    3.43113637807    0.00045935667694  
    3.44486065569   0.000522188136273  
    3.45864009442   0.000501062743096  
    3.47247469798   0.000465144978239  
    3.48636479597   0.000407865531215  
    3.50031005569   0.000466548892627  
    3.51431147419   0.000439178685903  
    3.52836871873   0.000356948175397  
    3.54248212415   0.000354516438232  
    3.55665203068    0.00042702475322  
    3.57087878411   0.000269574013303  
    3.58516203559   0.000177103951782  
    3.59950283138   0.000260533176405  
    3.61390082286   0.000330261859281  
    3.62835636186   0.000181950518368  
    3.64286980603   0.000292108666245  
    3.65744115459   0.000187856377781  
     3.6720711358   0.000265264711567  
    3.68675938494   0.000101232037472  
    3.70150626634    0.00025650590498  
    3.71631252674   0.000228806768852  
    3.73117779346   0.000124479409366  
    3.74610244067   0.000143690566325  
     3.7610868489   0.000215333668949  
    3.77613101678   0.000138039161298  
    3.79123572024   0.000128710918472  
    3.80640057035   0.000218323643003  
    3.82162635332    0.00015181376221  
     3.8369126718   0.000204089823818  
    3.85226032249    0.00022104551684  
    3.86766930695   0.000178837924898  
    3.88314003164   0.000320387977939  
    3.89867249609   0.000318585821823  
    3.91426752862   0.000447588677735  
    3.92992429535   0.000218181501102  
    3.94564404997   0.000354751463807  
    3.96142679819   0.000472871725865  
    3.97727253972   0.000395715881751  
    3.99318170256   0.000305326888721  
    4.00915428459   0.000436394801042  
    4.02519071885   0.000510180856901  
    4.04129144627   0.000371816699637  
     4.0574569158   0.000389283415995  
    4.07368668043   0.000297694326647  
    4.08998118387   0.000409662496686  
    4.10634133737   0.000508573013665  
    4.12276668611   0.000396687863841  
    4.13925768777   0.000398282693834  
     4.1558148085   0.000217401420454  
    4.17243804884   0.000276681056193  
    4.18912788102   0.000205405539078  
    4.20588430424   0.000132034380294  
    4.22270779694   0.000238596784318  
    4.23959884661   0.000245053601326  
    4.25655696277   0.000149111369407  
    4.27358312521   0.000167287644392  
    4.29067733583   9.53404015489e-05  
    4.30784009553   0.000158536580981  
    4.32507140516     0.0001724642692  
    4.34237177264   0.000148305823393  
    4.35974119784   0.000138920701422  
    4.37718045687   0.000148027208667  
    4.39468902883   0.000189485056971  
    4.41226796031   0.000170855295635  
    4.42991698849   0.000113669874491  
    4.44763664356   0.000278076698929  
    4.46542719446   0.000169910695115  
    4.48328891197   0.000167143581145  
    4.50122206872   0.000105741002413  
    4.51922693926   0.000112309673331  
    4.53730380009   2.41275519455e-05  
    4.55545292971   8.67541265125e-05  
    4.57367489354   0.000176252768264  
     4.5919694066   7.15123365223e-05  
    4.61033732575   7.31324431844e-05  
    4.62877865296   6.74779436933e-05  
     4.6472939715   0.000123332923462  
    4.66588298672   0.000102224765102  
    4.68454658297   4.92727881389e-05  
     4.7032847621   4.71665254881e-05  
     4.7220978225    8.8751215782e-05  
    4.74098637113   5.17510084342e-05  
    4.75995010145    7.6896437524e-05  
    4.77898993408   4.25849903737e-05  
    4.79810587133   2.26169353187e-05  
    4.81729854038   6.64046457823e-05  
    4.83656762537    8.8335897464e-05  
     4.8559137564   5.52569886149e-05  
    4.87533757653   5.32031205594e-05  
    4.89483876301   5.71003742431e-06  
    4.91441829106                 0.0  
    4.93407583344    4.0226757489e-05  
     4.9538123818    1.0961042577e-05  
    4.97362760448   1.96274646128e-05  
    4.99352183074   2.09228530257e-05  
    5.01349607765   1.84838259081e-05  
    5.03355000696   7.74764634408e-05  
    5.05368430539   5.73912013579e-05  
    5.07389897276   2.57344752841e-05  
    5.09419470807   2.51824591997e-05  
    5.11457151245   8.39460843451e-05  
     5.1350297384   0.000126033681183  
    5.15556974197   4.46266303376e-05  
    5.17619188281    0.00014259974338  
    5.19689689217   0.000112347881287  
    5.21768440439   4.31845883378e-05  
    5.23855515541   6.44832036957e-05  
    5.25950952014     3.887020548e-05  
    5.28054749769   5.77139424229e-05  
    5.30166946194   4.55681758107e-05  
    5.32287617669   3.33589198089e-05  
     5.3441676442   2.73712115633e-05  
    5.36554464285   2.74826367859e-05  
    5.38700678205   3.29201061847e-05  
    5.40855484569   2.36003502147e-05  
    5.43018883146   7.43022678998e-05  
     5.4519095384   5.58485740078e-05  
    5.47371737491    8.7469102472e-05  
    5.49561234274   3.82189002368e-06  
    5.51759443527   1.92545948855e-05  
    5.53966489128   6.53622379424e-05  
    5.56182371703   0.000102903125642  
    5.58407091037   0.000104195108218  
    5.60640731682   8.44763676563e-05  
    5.62883293749   0.000114580346623  
    5.65134819992   9.82440995192e-05  
    5.67395353681   5.70112107487e-05  
    5.69664938618   7.65102375734e-05  
    5.71943619141   8.98590747643e-05  
    5.74231350316   0.000357809373045  
     5.7652831125   0.000257834842231  
    5.78834412131   0.000275632202275  
    5.81149743365   0.000164759657173  
    5.83474351021   0.000129356302546  
    5.85808235018   0.000293649614054  
    5.88151488606   0.000384898644197  
    5.90504064664   0.000267176473271  
    5.92866105146   0.000305564942284  
    5.95237562645   0.000347634685935  
    5.97618533246   0.000292472975442  
    6.00008968111   0.000298011432554  
    6.02409013633   0.000402133865409  
     6.0481867053   0.000384668761045  
    6.07237938609   0.000183139579017  
     6.0966686737   0.000289817611224  
    6.12105558018   0.000348762626161  
    6.14553959755   0.000289008538394  
    6.17012174768   0.000335977485261  
    6.19480255328   0.000348917873839  
    6.21958149061   0.000345718395424  
    6.24446013397   0.000259362643794  
    6.26943795744   0.000460869881914  
    6.29451548781   0.000345448522021  
    6.31969380334   0.000418837961673  
    6.34497236227   0.000359356771458  
    6.37035225392   0.000486627414645  
    6.39583347869   0.000382952141598  
    6.42141715049   0.000373235767671  
    6.44710271082   0.000620109014908  
    6.47289128537   0.000679139721041  
    6.49878287572   0.000538921911824  
    6.52477805342    0.00037290663075  
      6.550876814   0.000443755811763  
    6.57708032125   0.000506171412811  
    6.60338857865   0.000394582624031  
    6.62980217829    0.00032950730953  
     6.6563217212   0.000280274155434  
    6.68294660092   0.000466277599842  
    6.70967863407   0.000220939839723  
    6.73651721316   0.000583215841508  
    6.76346356996   0.000356150914106  
    6.79051708144   0.000192430884827  
    6.81767899338   0.000411349010765  
    6.84494994327   0.000393535608612  
    6.87232993526   0.000265685784804  
    6.89981896307   0.000284211357439  
    6.92741831705   8.07665570267e-05  
    6.95512800081   0.000288836559018  
    6.98294867158    0.00017515606031  
    7.01088032757   0.000153088124626  
     7.0389236311   0.000131210462313  
    7.06707925516   0.000136040246047  
    7.09534788362   0.000179075662675  
    7.12372952024   5.38707713614e-05  
    7.15222415796   9.41582535668e-05  
    7.18083318331   0.000216201211984  
    7.20955660066   0.000126432147508  
    7.23839440342   0.000208453834199  
    7.26734801256   0.000130462660274  
     7.2964174335   0.000223197050974  
    7.32560339154   2.90452189753e-05  
     7.3549058873   0.000144878190608  
    7.38432565288   6.02168407338e-05  
    7.41386268406   6.53288308032e-06  
    7.44351771988   0.000165347631422  
    7.47329227265   0.000115526038246  
    7.50318559143   2.89997598221e-05  
    7.53319843542   5.29300917077e-05  
    7.56333079768   0.000183286798541  
    7.59358423039   8.39386871491e-05  
    7.62395874079   0.000267360971771  
    7.65445432458    0.00022232505746  
    7.68507177011   0.000176320294052  
    7.71581269039    0.00012729966554  
    7.74667546895   0.000140928955887  
    7.77766254505   0.000104949916877  
    7.80877310258   0.000251756116245  
    7.84000796151   7.91663095959e-05  
    7.87136795637   0.000172537299137  
    7.90285393657   0.000116754837911  
    7.93446505168                 0.0  
    7.96620300486   0.000142274783012  
    7.99806779953                 0.0  
    8.03006030517   0.000183360970127  
     8.0621805217   0.000102302331654  
    8.09442932911   0.000104474717794  
    8.12680672387   3.11690162865e-05  
    8.15931359673   3.05799060265e-05  
    8.19195085476   1.59387212757e-05  
    8.22471942171                 0.0  
    8.25761745204                 0.0  
    8.29064864545   2.38251814668e-05  
    8.32381114603   7.11633297956e-05  
    8.35710587897   0.000119024027613  
    8.39053474565   3.82926573344e-05  
    8.42409679606                 0.0  
    8.45779298527   6.42624153717e-05  
    8.49162428634                 0.0  
    8.52559070065   4.74483095735e-05  
    8.55969321454   3.49774483532e-05  
    8.59393182709   0.000103300607656  
    8.62830753824   7.60843489574e-05  
    8.66282136702                 0.0  
    8.69747229125                 0.0  
    8.73226235834   7.70449820872e-05  
    8.76719105115   2.29219898145e-05  
    8.80225993308   7.99912816505e-05  
    8.83746900884   0.000107274596983  
    8.87281880584   3.49670580555e-05  
    8.90830985498   4.30396379882e-05  
    8.94394323548   0.000132551380354  
    8.97971894935   0.000102277944586  
      9.015638092   0.000147252381777  
    9.05170066437   3.59823020636e-05  
    9.08790721605   0.000107557529556  
    9.12425886751   0.000161697701696  
    9.16075618987     0.0001437979147  
     9.1973991825   0.000129945799002  
    9.23418841136   0.000375859144964  
    9.27112561745   0.000221528588157  
    9.30820963329   0.000121850585262  
    9.34544280832   0.000342616156213  
    9.38282455567   0.000302491772492  
    9.42035546382   0.000342671557073  
    9.45803734441   0.000139571413241  
    9.49586959654   0.000306271030235  
    9.53385282337   0.000163477761678  
    9.57198825704   0.000356003918771  
    9.61027589683   0.000349330951134  
    9.64871699537   0.000251209388722  
    9.68731219181   0.000455974158216  
    9.72606148678   0.000225540576534  
     9.7649655154   0.000339804107945  
    9.80402557306   0.000481847002955  
    9.84324166221   0.000312420532546  
    9.88261443541   0.000101410143525  
    9.92214522171   6.81687239465e-05  
    9.96183335024   0.000275062608487  
    10.0016808383    0.00023895229686  
     10.041687693   0.000135783019603  
    10.0818545982   0.000194973946871  
    10.1221815468   7.29659760122e-05  
    10.1626706261   3.37680774623e-05  
    10.2033211391    0.00017962557981  
    10.2441344948    0.00118108992279  
