      wave_micron            flux_mjy  
  0.0154221819325                 0.0  
  0.0154783455809                 0.0  
   0.015540258413                 0.0  
  0.0156024189732                 0.0  
  0.0156648289627                 0.0  
  0.0157274883885                 0.0  
  0.0157903989725                 0.0  
   0.015853560715                 0.0  
  0.0159169753591                 0.0  
  0.0159806428986                 0.0  
  0.0160445650983                 0.0  
  0.0161087437552                 0.0  
  0.0161731788756                 0.0  
   0.016237870441                 0.0  
  0.0163028221147                 0.0  
  0.0163680339168                 0.0  
  0.0164335058424                 0.0  
  0.0164992397599                 0.0  
  0.0165652375728                 0.0  
  0.0166314973626                 0.0  
   0.016698022957                 0.0  
  0.0167648163217                 0.0  
  0.0168318755082                 0.0  
  0.0168992024628                 0.0  
  0.0169667991687                 0.0  
  0.0170346676472                 0.0  
  0.0171028048591                 0.0  
  0.0171712168936                 0.0  
  0.0172399017199                 0.0  
  0.0173088613934                 0.0  
  0.0173780969564                 0.0  
  0.0174476083969                 0.0  
  0.0175173988859                 0.0  
  0.0175874684342                 0.0  
  0.0176578192002                 0.0  
  0.0177284500972                 0.0  
  0.0177993632902                 0.0  
  0.0178705609874                 0.0  
  0.0179420431955                 0.0  
  0.0180138121572                 0.0  
  0.0180858667379                 0.0  
  0.0181582103376                 0.0  
   0.018230842962                 0.0  
  0.0183037669249                 0.0  
  0.0183769822319                 0.0  
  0.0184504900473                 0.0  
  0.0185242915451                 0.0  
  0.0185983891149                 0.0  
  0.0186727827634                 0.0  
  0.0187474736943                 0.0  
  0.0188224631215                 0.0  
  0.0188977535148                 0.0  
  0.0189733436286                 0.0  
  0.0190492372098                 0.0  
  0.0191254342705                 0.0  
  0.0192019360793                 0.0  
  0.0192787439165                 0.0  
  0.0193558590743                 0.0  
  0.0194332828569                 0.0  
  0.0195110152532                 0.0  
  0.0195890602365                 0.0  
  0.0196674164828                 0.0  
  0.0197460853146                 0.0  
  0.0198250694374                 0.0  
  0.0199043702325                 0.0  
  0.0199839877024                 0.0  
  0.0200639232226                 0.0  
  0.0201441795976                 0.0  
  0.0202247554125                 0.0  
  0.0203056549267                 0.0  
  0.0203868781584                 0.0  
  0.0204684250949                 0.0  
  0.0205502986369                 0.0  
  0.0206325002631                 0.0  
  0.0207150299721                 0.0  
  0.0207978907469                 0.0  
  0.0208810810743                 0.0  
  0.0209646054901                 0.0  
  0.0210484640106                 0.0  
  0.0211326581768                 0.0  
  0.0212171895475                 0.0  
  0.0213020581165                 0.0  
  0.0213872654403                 0.0  
  0.0214728147007                 0.0  
  0.0215587059078                 0.0  
  0.0216449406729                 0.0  
  0.0217315206258                 0.0  
  0.0218184474159                 0.0  
  0.0219057210389                 0.0  
  0.0219933431436                 0.0  
  0.0220813170987                 0.0  
  0.0221696429202                 0.0  
  0.0222583205902                 0.0  
  0.0223473535396                 0.0  
  0.0224367435202                 0.0  
  0.0225264905366                 0.0  
  0.0226165963424                 0.0  
  0.0227070627134                 0.0  
   0.022797891448                 0.0  
  0.0228890825408                 0.0  
  0.0229806396339                 0.0  
  0.0230725608835                 0.0  
  0.0231648518352                 0.0  
  0.0232575106339                 0.0  
  0.0233505410324                 0.0  
  0.0234439430362                 0.0  
  0.0235377185467                 0.0  
  0.0236318694907                 0.0  
  0.0237263978211                 0.0  
  0.0238213035385                 0.0  
  0.0239165886016                 0.0  
  0.0240122549961                 0.0  
  0.0241083027081                 0.0  
  0.0242047378153                 0.0  
  0.0243015562579                 0.0  
  0.0243987621108                 0.0  
   0.024496357451                 0.0  
  0.0245943422758                 0.0  
  0.0246927207968                 0.0  
  0.0247914908945                 0.0  
  0.0248906568236                 0.0  
  0.0249902185834                 0.0  
  0.0250901805246                 0.0  
  0.0251905404622                 0.0  
  0.0252913027928                 0.0  
  0.0253924675203                 0.0  
   0.025494039142                 0.0  
  0.0255960154078                 0.0  
  0.0256983985612                 0.0  
  0.0258011932004                 0.0  
  0.0259043970131                 0.0  
  0.0260080146481                 0.0  
    0.02611204611                 0.0  
  0.0262164937597                 0.0  
  0.0263213599946                 0.0  
  0.0264266472488                 0.0  
  0.0265323530848                 0.0  
   0.026638482369                 0.0  
  0.0267450350961                 0.0  
  0.0268520162481                 0.0  
  0.0269594233237                 0.0  
   0.027067261363                 0.0  
  0.0271755303777                 0.0  
  0.0272842329335                 0.0  
  0.0273933690209                 0.0  
   0.027502943863                 0.0  
  0.0276129548334                 0.0  
  0.0277234072187                 0.0  
  0.0278343010305                 0.0  
  0.0279456389615                 0.0  
  0.0280574210034                 0.0  
  0.0281696498716                 0.0  
  0.0282823283267                 0.0  
  0.0283954591745                 0.0  
  0.0285090395999                 0.0  
  0.0286230752233                 0.0  
  0.0287375689239                 0.0  
  0.0288525178234                 0.0  
  0.0289679276849                 0.0  
  0.0290838014637                 0.0  
  0.0292001362195                 0.0  
  0.0293169348659                 0.0  
  0.0294342033877                 0.0  
  0.0295519418269                 0.0  
  0.0296701471117                 0.0  
  0.0297888284028                 0.0  
  0.0299079857543                 0.0  
  0.0300276160314                 0.0  
  0.0301477254602                 0.0  
  0.0302683172275                 0.0  
  0.0303893913559                 0.0  
  0.0305109478221                 0.0  
  0.0306329930995                 0.0  
  0.0307555239287                 0.0  
  0.0308785468721                 0.0  
  0.0310020619542                 0.0  
  0.0311260691522                 0.0  
  0.0312505718008                 0.0  
  0.0313755767274                 0.0  
  0.0315010770906                 0.0  
  0.0316270832193                 0.0  
  0.0317535916642                 0.0  
  0.0318806059038                 0.0  
  0.0320081259079                 0.0  
  0.0321361587989                 0.0  
  0.0322647046199                 0.0  
  0.0323937633655                 0.0  
  0.0325233386688                 0.0  
  0.0326534305126                 0.0  
   0.032784046325                 0.0  
  0.0329151823899                 0.0  
  0.0330468424368                 0.0  
  0.0331790302653                 0.0  
  0.0333117458776                 0.0  
  0.0334449931253                 0.0  
  0.0335787720014                 0.0  
  0.0337130864104                 0.0  
  0.0338479403317                 0.0  
  0.0339833297668                 0.0  
   0.034119266773                 0.0  
    0.03425574124                 0.0  
  0.0343927653635                 0.0  
  0.0345303371289                 0.0  
  0.0346684564989                 0.0  
  0.0348071318312                 0.0  
  0.0349463589249                 0.0  
  0.0350861462674                 0.0  
  0.0352264895855                 0.0  
  0.0353673953179                 0.0  
  0.0355088656611                 0.0  
  0.0356509006117                 0.0  
   0.035793504579                 0.0  
  0.0359366775568                 0.0  
  0.0360804262925                 0.0  
  0.0362247462568                 0.0  
  0.0363696465556                 0.0  
  0.0365151249103                 0.0  
  0.0366611859421                 0.0  
  0.0368078296413                 0.0  
  0.0369550607037                 0.0  
  0.0371028815203                 0.0  
  0.0372512920825                 0.0  
  0.0374002972022                 0.0  
  0.0375498993313                 0.0  
  0.0377000984646                 0.0  
  0.0378508995351                 0.0  
  0.0380023025414                 0.0  
  0.0381543124999                 0.0  
  0.0383069294135                 0.0  
  0.0384601558058                 0.0  
  0.0386139968225                 0.0  
  0.0387684524758                 0.0  
   0.038923528001                 0.0  
  0.0390792207552                 0.0  
  0.0392355386861                 0.0  
  0.0393924818217                 0.0  
  0.0395500501301                 0.0  
  0.0397082517653                 0.0  
  0.0398670839996                 0.0  
  0.0400265523356                 0.0  
   0.040186659577                 0.0  
  0.0403474057178                 0.0  
  0.0405087935511                 0.0  
  0.0406708287828                 0.0  
  0.0408335143331                 0.0  
  0.0409968472931                 0.0  
  0.0411608334584                 0.0  
  0.0413254787495                 0.0  
  0.0414907802101                 0.0  
   0.041656743801                 0.0  
  0.0418233695127                 0.0  
  0.0419906634194                 0.0  
  0.0421586255298                 0.0  
   0.042327258912                 0.0  
  0.0424965698167                 0.0  
  0.0426665551097                 0.0  
  0.0428372210879                 0.0  
  0.0430085709616                 0.0  
  0.0431806047274                 0.0  
  0.0433533288696                 0.0  
  0.0435267401058                 0.0  
  0.0437008482999                 0.0  
   0.043875650142                 0.0  
  0.0440511522978                 0.0  
  0.0442273581705                 0.0  
  0.0444042677676                 0.0  
  0.0445818844935                 0.0  
  0.0447602117949                 0.0  
  0.0449392531611                 0.0  
  0.0451190085759                 0.0  
  0.0452994851091                 0.0  
  0.0454806827765                 0.0  
  0.0456626087953                 0.0  
  0.0458452558873                 0.0  
  0.0460286386326                 0.0  
  0.0462127533948                 0.0  
  0.0463976038551                 0.0  
   0.046583193743                 0.0  
   0.046769526837                 0.0  
   0.046956606966                 0.0  
  0.0471444302599                 0.0  
  0.0473330082767                 0.0  
  0.0475223410627                 0.0  
  0.0477124325616                 0.0  
  0.0479032787694                 0.0  
  0.0480948956441                 0.0  
  0.0482872751942                 0.0  
  0.0484804213891                 0.0  
  0.0486743423835                 0.0  
  0.0488690423574                 0.0  
  0.0490645171557                 0.0  
  0.0492607751063                 0.0  
  0.0494578204664                 0.0  
  0.0496556489567                 0.0  
   0.049854273417                 0.0  
  0.0500536895535                 0.0  
  0.0502539060659                 0.0  
  0.0504549185427                 0.0  
  0.0506567402489                 0.0  
  0.0508593667607                 0.0  
  0.0510628025253                 0.0  
  0.0512670566381                 0.0  
  0.0514721245518                 0.0  
  0.0516780108055                 0.0  
  0.0518847246999                 0.0  
   0.052092261563                 0.0  
  0.0523006307993                 0.0  
  0.0525098324223                 0.0  
  0.0527198760571                 0.0  
  0.0529307520196                 0.0  
  0.0531424748511                 0.0  
  0.0533550445924                 0.0  
  0.0535684662058                 0.0  
  0.0537827396889                 0.0  
  0.0539978700401                 0.0  
  0.0542138623369                 0.0  
  0.0544307165721                 0.0  
  0.0546484430685                 0.0  
  0.0548670366526                 0.0  
  0.0550865024807                 0.0  
  0.0553068511252                 0.0  
  0.0555280772875                 0.0  
  0.0557501916691                 0.0  
  0.0559731888451                 0.0  
  0.0561970851542                 0.0  
  0.0564218696252                 0.0  
    0.05664755882                 0.0  
  0.0568741471904                 0.0  
   0.057101645976                 0.0  
  0.0573300495008                 0.0  
  0.0575593691465                 0.0  
  0.0577896107521                 0.0  
   0.058020768517                 0.0  
   0.058252848197                 0.0  
  0.0584858616093                 0.0  
  0.0587198028284                 0.0  
  0.0589546838262                 0.0  
  0.0591905046543                 0.0  
  0.0594272652747                 0.0  
  0.0596649717642                 0.0  
  0.0599036365615                 0.0  
  0.0601432471883                 0.0  
  0.0603838224564                 0.0  
  0.0606253560613                 0.0  
  0.0608678607795                 0.0  
  0.0611113301733                 0.0  
  0.0613557771937                 0.0  
  0.0616012018839                 0.0  
  0.0618476041939                 0.0  
  0.0620949907005                 0.0  
  0.0623433748748                 0.0  
  0.0625927500343                 0.0  
  0.0628431160694                 0.0  
  0.0630944935939                 0.0  
  0.0633468688088                 0.0  
  0.0636002555816                 0.0  
  0.0638546539134                 0.0  
   0.064110078039                 0.0  
  0.0643665136604                 0.0  
  0.0646239823258                 0.0  
  0.0648824768223                 0.0  
  0.0651420117993                 0.0  
  0.0654025799059                 0.0  
  0.0656641884884                 0.0  
  0.0659268450311                 0.0  
  0.0661905495202                 0.0  
  0.0664553095403                 0.0  
  0.0667211328193                 0.0  
  0.0669880194077                 0.0  
  0.0672559692546                 0.0  
   0.067524998104                 0.0  
  0.0677950980645                 0.0  
  0.0680662770408                 0.0  
  0.0683385430896                 0.0  
  0.0686118962156                 0.0  
   0.068886340455                 0.0  
   0.069161888209                 0.0  
  0.0694385353599                 0.0  
   0.069716290261                 0.0  
  0.0699951528868                 0.0  
  0.0702751360196                 0.0  
   0.070556235388                 0.0  
  0.0708384595976                 0.0  
  0.0711218130144                 0.0  
  0.0714063000362                 0.0  
  0.0716919250936                 0.0  
    0.07197869265                 0.0  
  0.0722666072029                 0.0  
  0.0725556732844                 0.0  
  0.0728459000873                 0.0  
  0.0731372830003                 0.0  
  0.0734298312522                 0.0  
  0.0737235495201                 0.0  
  0.0740184425194                 0.0  
  0.0743145198186                 0.0  
  0.0746117766219                 0.0  
  0.0749102225396                 0.0  
  0.0752098624475                 0.0  
  0.0755107012636                 0.0  
  0.0758127489591                 0.0  
  0.0761159955082                 0.0  
  0.0764204609911                 0.0  
  0.0767261454929                 0.0  
  0.0770330489826                 0.0  
  0.0773411817395                 0.0  
  0.0776505437441                 0.0  
  0.0779611454547                 0.0  
  0.0782729922069                 0.0  
  0.0785860840041                 0.0  
  0.0789004261565                 0.0  
  0.0792160294956                 0.0  
   0.079532894053                 0.0  
   0.079851025297                 0.0  
  0.0801704287509                 0.0  
  0.0804911099934                 0.0  
  0.0808130746602                 0.0  
  0.0811363284449                 0.0  
  0.0814608713158                 0.0  
  0.0817867147778                 0.0  
  0.0821138647046                 0.0  
  0.0824423211076                 0.0  
  0.0827720898447                 0.0  
   0.083103176837                 0.0  
  0.0834355880695                 0.0  
  0.0837693295932                 0.0  
  0.0841044075257                 0.0  
  0.0844408280531                 0.0  
  0.0847785911656                 0.0  
  0.0851177030393                 0.0  
  0.0854581762863                 0.0  
  0.0858000109601                 0.0  
  0.0861432069836                 0.0  
  0.0864877837083                 0.0  
   0.086833734686                 0.0  
   0.087181066378                 0.0  
  0.0875297920005                 0.0  
  0.0878799115976                 0.0  
  0.0882314318658                 0.0  
  0.0885843527423                 0.0  
  0.0889386947135                 0.0  
  0.0892944509877                 0.0  
  0.0896516284288                 0.0  
  0.0900102339858                 0.0  
  0.0903702746949                 0.0  
  0.0907317505044                 0.0  
  0.0910946829245                 0.0  
  0.0914590575601                 0.0  
  0.0918248961623                 0.0  
  0.0921921988168                 0.0  
  0.0925609654697                 0.0  
  0.0929312109813                 0.0  
  0.0933029353717                 0.0  
  0.0936761461684                 0.0  
  0.0940508509988                 0.0  
  0.0944270498198                 0.0  
  0.0948047581127                 0.0  
  0.0951839838158                 0.0  
  0.0955647190532                 0.0  
  0.0959469715991                 0.0  
  0.0963307655121                 0.0  
  0.0967160847083                 0.0  
  0.0971029535334                 0.0  
  0.0974913638291                 0.0  
  0.0978813237277                 0.0  
  0.0982728498947                 0.0  
    0.09866594241                 0.0  
   0.099060609758                 0.0  
  0.0994568519222                 0.0  
  0.0998546774253                 0.0  
   0.100254094913                 0.0  
   0.100655113158                 0.0  
   0.101057732156                 0.0  
   0.101461960725                 0.0  
   0.101867807811                 0.0  
   0.102275282494                 0.0  
   0.102684384796                 0.0  
   0.103095123848                 0.0  
   0.103507499581                 0.0  
   0.103921530592                 0.0  
   0.104337216941                 0.0  
   0.104754568095                 0.0  
   0.105173584024                 0.0  
   0.105594283976                 0.0  
   0.106016658262                 0.0  
   0.106440726351                 0.0  
   0.106866488265                 0.0  
   0.107293953898                 0.0  
     0.1077231333                 0.0  
   0.108154016287                 0.0  
   0.108586633294                 0.0  
   0.109020984491                 0.0  
   0.109457069886                 0.0  
   0.109894899843                 0.0  
   0.110334474284                 0.0  
   0.110775814355                 0.0  
   0.111218920147                 0.0  
   0.111663791584                 0.0  
   0.112110450329                 0.0  
   0.112558885443                 0.0  
   0.113009129988                 0.0  
   0.113461161814                 0.0  
   0.113915003126                 0.0  
   0.114370665274                 0.0  
   0.114828148301                 0.0  
   0.115287463664                 0.0  
   0.115748611332                 0.0  
   0.116211602869                 0.0  
   0.116676450037                 0.0  
   0.117143152835                 0.0  
   0.117611735198                 0.0  
   0.118082173035                 0.0  
   0.118554502557                 0.0  
   0.119028723913                 0.0  
   0.119504837073                 0.0  
   0.119982854371                 0.0  
   0.120462788359                 0.0  
   0.120944639055                 0.0  
   0.121428419148                 0.0  
   0.121914128591                 0.0  
   0.122401793275                 0.0  
   0.122891400238                 0.0  
   0.123382962455                 0.0  
   0.123876493133                 0.0  
   0.124372005713                 0.0  
   0.124869486696                 0.0  
    0.12536896306                 0.0  
   0.125870448651                 0.0  
   0.126373929725                 0.0  
   0.126879419965                 0.0  
   0.127386933305                 0.0  
   0.127896483936                 0.0  
   0.128408071933                 0.0  
   0.128921697178                 0.0  
   0.129437388564                 0.0  
   0.129955146271                 0.0  
   0.130474955445                 0.0  
   0.130996860392                 0.0  
   0.131520846332                 0.0  
   0.132046928203                 0.0  
   0.132575121227                 0.0  
   0.133105425465                 0.0  
   0.133637840778                 0.0  
   0.134172398206                 0.0  
   0.134709082127                 0.0  
   0.135247924046                 0.0  
   0.135788908058                 0.0  
   0.136332066143                 0.0  
   0.136877390275                 0.0  
   0.137424904887                 0.0  
   0.137974601796                 0.0  
   0.138526497437                 0.0  
   0.139080608566                 0.0  
   0.139636926768                 0.0  
    0.14019547741                 0.0  
   0.140756260558                 0.0  
   0.141319284768                 0.0  
   0.141884558656                 0.0  
   0.142452099745                 0.0  
   0.143021908073                 0.0  
   0.143593992447                 0.0  
   0.144168370799                 0.0  
   0.144745043155                 0.0  
   0.145324027728                 0.0  
   0.145905324541                 0.0  
   0.146488942746                 0.0  
   0.147074900997                 0.0  
   0.147663199313                 0.0  
   0.148253847072                 0.0  
   0.148846863384                 0.0  
   0.149442258012                 0.0  
    0.15004002118                 0.0  
   0.150640182132                 0.0  
   0.151242740914                 0.0  
   0.151847717443                 0.0  
   0.152455101654                 0.0  
   0.153064923769                 0.0  
   0.153677183874                 0.0  
   0.154291892196                 0.0  
   0.154909059057                 0.0  
   0.155528694873                 0.0  
    0.15615081016                 0.0  
   0.156775415535                 0.0  
   0.157402521715                 0.0  
   0.158032128636                 0.0  
   0.158664257937                 0.0  
   0.159298909593                 0.0  
   0.159936105631                 0.0  
   0.160575857307                 0.0  
   0.161218153334                 0.0  
   0.161863027494                 0.0  
    0.16251047988                 0.0  
   0.163160521938                 0.0  
   0.163813165237                 0.0  
   0.164468421468                 0.0  
   0.165126290561                 0.0  
   0.165786796153                 0.0  
   0.166449938238                 0.0  
     0.1671157409                 0.0  
   0.167784204206                 0.0  
   0.168455340333                 0.0  
   0.169129161595                 0.0  
   0.169805680445                 0.0  
   0.170484909475                 0.0  
   0.171166848655                 0.0  
   0.171851510563                 0.0  
   0.172538920896                 0.0  
   0.173229066678                 0.0  
    0.17392198699                 0.0  
   0.174617682033                 0.0  
   0.175316151747                 0.0  
   0.176017409306                 0.0  
   0.176721481655                 0.0  
   0.177428368893                 0.0  
   0.178138084683                 0.0  
   0.178850628912                 0.0  
   0.179566043354                 0.0  
   0.180284300021                 0.0  
   0.181005441147                 0.0  
   0.181729466868                 0.0  
   0.182456377047                 0.0  
   0.183186200516                 0.0  
   0.183918952014                 0.0  
    0.18465461675                 0.0  
   0.185393239096                 0.0  
   0.186134819272                 0.0  
   0.186879357215                 0.0  
    0.18762686792                 0.0  
   0.188377382046                 0.0  
   0.189130884183                 0.0  
   0.189887405278                 0.0  
   0.190646961147                 0.0  
   0.191409551855                 0.0  
   0.192175193269                 0.0  
    0.19294388525                 0.0  
   0.193715660074                 0.0  
   0.194490534275                 0.0  
    0.19526849138                 0.0  
   0.196049564345                 0.0  
   0.196833753116                 0.0  
   0.197621091384                 0.0  
   0.198411579304                 0.0  
   0.199205234028                 0.0  
    0.20000205552                 0.0  
   0.200802061011                 0.0  
   0.201605267985                 0.0  
   0.202411694179                 0.0  
   0.203221339593                 0.0  
    0.20403422206                 0.0  
   0.204850359677                 0.0  
   0.205669752375                 0.0  
   0.206492436937                 0.0  
   0.207318413552                 0.0  
    0.20814768209                 0.0  
   0.208980261139                 0.0  
   0.209816188758                 0.0  
   0.210655445884                 0.0  
   0.211498071008                 0.0  
   0.212344064232                 0.0  
   0.213193445145                 0.0  
   0.214046213675                 0.0  
   0.214902409677                 0.0  
   0.215762013091                 0.0  
    0.21662506424                 0.0  
   0.217491563183                 0.0  
   0.218361530429                 0.0  
   0.219234965867                 0.0  
   0.220111911284                 0.0  
     0.2209923669                 0.0  
   0.221876332607                 0.0  
   0.222763829578                 0.0  
    0.22365490114                 0.0  
   0.224549503758                 0.0  
   0.225447702921                 0.0  
   0.226349498892                 0.0  
   0.227254891597                 0.0  
   0.228163925989                 0.0  
   0.229076579506                 0.0  
   0.229992874618                 0.0  
   0.230912857412                 0.0  
   0.231836504828                 0.0  
   0.232763839934                 0.0  
   0.233694909994                 0.0  
    0.23462969145                 0.0  
   0.235568207999                 0.0  
   0.236510483745                 0.0  
   0.237456518631                 0.0  
   0.238406337007                 0.0  
   0.239359963648                 0.0  
   0.240317398589                 0.0  
   0.241278666869                 0.0  
   0.242243793968                 0.0  
   0.243212780032                 0.0  
   0.244185624836                 0.0  
   0.245162353976                 0.0  
    0.24614301991                 0.0  
   0.247127569931                 0.0  
   0.248116083417                 0.0  
    0.24910856079                 0.0  
   0.250105002093                 0.0  
   0.251105406992                 0.0  
   0.252109830165                 0.0  
   0.253118271822                 0.0  
   0.254130759937                 0.0  
   0.255147266246                 0.0  
   0.256167846992                 0.0  
   0.257192531015                 0.0  
   0.258221289561                 0.0  
   0.259254180438                 0.0  
   0.260291203866                 0.0  
   0.261332359668                 0.0  
   0.262377707278                 0.0  
   0.263427216902                 0.0  
    0.26448091836                 0.0  
   0.265538842033                 0.0  
   0.266600987898                 0.0  
   0.267667386749                 0.0  
   0.268738069965                 0.0  
   0.269813006064                 0.0  
   0.270892258088                 0.0  
   0.271975826221                 0.0  
   0.273063742733                 0.0  
   0.274156007754                 0.0  
   0.275252620997                 0.0  
    0.27635363168                 0.0  
   0.277459056633                 0.0  
    0.27856887898                 0.0  
    0.27968316611                 0.0  
   0.280801901239                 0.0  
   0.281925101253                 0.0  
   0.283052800615                 0.0  
   0.284185016866                 0.0  
   0.285321749936                 0.0  
   0.286463035083                 0.0  
    0.28760889024                 0.0  
   0.288759333475                 0.0  
   0.289914364678                 0.0  
   0.291074020225                 0.0  
   0.292238318604                 0.0  
   0.293407278456                 0.0  
   0.294580899659                 0.0  
   0.295759219764                 0.0  
   0.296942257868                 0.0  
   0.298130033227                 0.0  
   0.299322545737                 0.0  
   0.300519834195                 0.0  
   0.301721918353                 0.0  
   0.302928798139                 0.0  
   0.304140513331                 0.0  
   0.305357084209                 0.0  
    0.30657851075                 0.0  
    0.30780483376                 0.0  
   0.309036053261                 0.0  
   0.310272189784                 0.0  
   0.311513285199                 0.0  
   0.312759339614                 0.0  
   0.314010374147                 0.0  
   0.315266410121                 0.0  
   0.316527469063                 0.0  
   0.317793594723                 0.0  
   0.319064765213                 0.0  
   0.320341024541                 0.0  
   0.321622395105                 0.0  
    0.32290887681                 0.0  
   0.324200514872                 0.0  
   0.325497309296                 0.0  
   0.326799306137                 0.0  
   0.328106505512                 0.0  
   0.329418930686                 0.0  
   0.330736605174                 0.0  
   0.332059552743                 0.0  
   0.333387773198                 0.0  
   0.334721339076                 0.0  
   0.336060226296                 0.0  
   0.337404459096                 0.0  
   0.338754086995                 0.0  
   0.340109084964                 0.0  
   0.341469528289                 0.0  
   0.342835417322                 0.0  
   0.344206751893                 0.0  
    0.34558358336                 0.0  
   0.346965911735                 0.0  
   0.348353789395                 0.0  
   0.349747189896                 0.0  
   0.351146192895                 0.0  
   0.352550771731                 0.0  
   0.353960980257                 0.0  
   0.355376818476                 0.0  
   0.356798313591                 0.0  
   0.358225521107                 0.0  
   0.359658413196                 0.0  
    0.36109704583                 0.0  
   0.362541447593                 0.0  
   0.363991589687                 0.0  
   0.365447558249                 0.0  
   0.366909353625                 0.0  
   0.368377005178                 0.0  
   0.369850512842                 0.0  
   0.371329906034                 0.0  
   0.372815214556                 0.0  
   0.374306499135                 0.0  
   0.375803698768                 0.0  
   0.377306936059                 0.0  
    0.37881614935                 0.0  
   0.380331432033                 0.0  
   0.381852752824                 0.0  
   0.383380142906                 0.0  
    0.38491366618                 0.0  
   0.386453322919                 0.0  
   0.387999145622                 0.0  
   0.389551134167                 0.0  
   0.391109354508                 0.0  
   0.392673773317                 0.0  
   0.394244491082                 0.0  
   0.395821440208                 0.0  
   0.397404756821                 0.0  
   0.398994372669                 0.0  
   0.400590356569                 0.0  
   0.402192708445                 0.0  
    0.40380146314                 0.0  
   0.405416691825                 0.0  
   0.407038359024   2.98119810735e-07  
    0.40866650028                 0.0  
   0.410301151665                 0.0  
   0.411942349788                 0.0  
   0.413590131812                 0.0  
   0.415244497878                 0.0  
   0.416905485377                 0.0  
   0.418573094084                 0.0  
   0.420247400108                 0.0  
   0.421928364977                 0.0  
   0.423616104768                 0.0  
   0.425310541546                 0.0  
   0.427011792894                 0.0  
   0.428719859375                 0.0  
   0.430434740904                 0.0  
   0.432156477435                 0.0  
   0.433885109556                 0.0  
   0.435620637143   3.43412738492e-07  
    0.43736310109                 0.0  
   0.439112584969   2.71096176229e-07  
   0.440869004932                 0.0  
   0.442632487246   3.42265502164e-07  
   0.444403032456                 0.0  
   0.446180640438                 0.0  
   0.447965354113                 0.0  
   0.449757217111   2.83401977185e-07  
   0.451556229337                 0.0  
   0.453362479596   3.82154131803e-07  
   0.455175923398   3.07128705832e-07  
   0.456996605151                 0.0  
   0.458824615881   3.07000485561e-07  
   0.460659910107   3.07233993626e-07  
   0.462502533404                 0.0  
   0.464352579108                 0.0  
    0.46620995338                 0.0  
   0.468074797379                 0.0  
   0.469947111716                 0.0  
   0.471826896298                 0.0  
   0.473714199207   3.94453672492e-07  
   0.475609069359                 0.0  
   0.477511506824                 0.0  
   0.479421561033                 0.0  
   0.481339231788   7.22840119609e-07  
   0.483264569046                 0.0  
   0.485197623643                 0.0  
    0.48713844731   7.95091786452e-07  
    0.48908698843   3.86199734765e-07  
    0.49104335062   3.79660684539e-07  
   0.493007534152   9.25627407203e-07  
   0.494979538549   8.10543061828e-07  
   0.496959470212   7.60074199456e-07  
   0.498947275454                 0.0  
    0.50094306216   1.48132925696e-06  
   0.502946885801   4.24577226928e-07  
   0.504958636151                 0.0  
   0.506978478729    1.3542694699e-06  
    0.50900641424   2.53041582132e-06  
   0.511042442618   1.28501838218e-06  
   0.513086620388    9.4834076006e-07  
   0.515138947285                 0.0  
   0.517199480546                 0.0  
   0.519268278468   8.99485238083e-07  
   0.521345341199   1.95432899678e-06  
   0.523430727797   4.34736513381e-07  
   0.525524498426   9.24363728896e-07  
   0.527626593036   5.57114445491e-07  
   0.529737071145   8.49582093959e-07  
   0.531855993396   1.11498267886e-06  
   0.533983421578   6.36579473059e-07  
   0.536119356013                 0.0  
   0.538263859347   1.81595996587e-06  
   0.540416931774   2.05764553676e-06  
   0.542578572662   1.41043926263e-06  
   0.544748909884   1.88208288444e-06  
   0.546927879032   9.55663429367e-07  
   0.549115609922   1.02579533568e-06  
   0.551312070118    1.0898025952e-06  
   0.553517325448     1.106245753e-06  
   0.555731375711   1.68017000136e-06  
   0.557954321622                 0.0  
   0.560186129508   1.16465126984e-06  
    0.56242686716    7.3471617113e-07  
   0.564676568953   1.20186237841e-06  
   0.566935269508   2.49111068219e-06  
   0.569203038998   1.24432426776e-06  
   0.571479842222   7.38780578882e-07  
   0.573765749586   1.69491925251e-06  
   0.576060832897   1.85607897284e-06  
   0.578365056043   1.32472339302e-06  
   0.580678527832   5.80494865844e-07  
   0.583001248583   2.40235681378e-06  
   0.585333255065   1.32394092975e-06  
   0.587674584337   2.55738734144e-06  
   0.590025273757   2.04574700796e-06  
   0.592385360989   7.06209771713e-07  
    0.59475492255   4.02868872629e-06  
    0.59713391995   2.70119813677e-06  
   0.599522469205   1.20850401472e-06  
   0.601920570721    7.1852292045e-07  
   0.604328223989   1.29658453925e-06  
   0.606745547913   2.01511712152e-06  
   0.609172542992   1.36739501022e-06  
   0.611609208806   1.30628857741e-06  
   0.614055667248   2.82165821069e-06  
   0.616511877542   2.17597015913e-06  
   0.618977921892   2.78006474908e-06  
    0.62145384213   6.21290265714e-07  
   0.623939680483   6.74346516663e-07  
    0.62643543682   1.47355963094e-06  
   0.628941153152   1.93904429764e-06  
   0.631456915341    2.1868011174e-06  
   0.633982767257   2.82495631482e-06  
   0.636518664907   2.26386590511e-06  
   0.639064739921   1.45943783213e-06  
   0.641621037484   7.39554610669e-07  
   0.644187512807   3.52227997605e-06  
   0.646764255413   3.28286889355e-06  
   0.649351310787   7.71324189144e-07  
   0.651948724887   1.69666910093e-06  
   0.654556497467   1.68569198997e-06  
   0.657174721394   3.19256587494e-06  
   0.659803444093   3.04903982446e-06  
    0.66244266568   3.26505815758e-06  
   0.665092433462   5.16064423044e-06  
   0.667752795259   5.89425669948e-07  
   0.670423799416   1.87917683389e-06  
    0.67310549481                 0.0  
   0.675797930866    1.4455117442e-06  
   0.678501107401   8.56500676558e-07  
   0.681215124321   8.93761914884e-07  
   0.683939981772   3.36107398677e-06  
   0.686675730236   2.56767595691e-06  
   0.689422420776   3.69380984815e-06  
   0.692180105052   5.22295993691e-06  
   0.694948835326   3.41068677696e-06  
   0.697728664482                 0.0  
   0.700519539089   2.33243110933e-06  
   0.703321618534   1.97016911655e-06  
   0.706134903276   3.28843858516e-06  
   0.708959447472   2.98777175219e-06  
   0.711795305937   6.11943924863e-07  
   0.714642478514   7.85264885613e-07  
   0.717501076141   1.54175606988e-06  
   0.720371042598   1.31583510869e-06  
   0.723252546752   8.03273983427e-07  
   0.726145531988   4.50759685784e-06  
   0.729050112501   2.75904231463e-06  
   0.731966346677   3.48976039977e-06  
   0.734894175957   4.08028933075e-06  
   0.737833776058   2.37701583145e-06  
   0.740785088054    3.9311197177e-06  
   0.743748230808   4.38644652969e-06  
   0.746723265124   1.62336431846e-06  
   0.749710130124   2.54157783991e-06  
   0.752708947032   8.74928045208e-07  
   0.755719839845   2.17533397225e-06  
   0.758742684465   9.96014437316e-07  
   0.761777667799    1.8100345062e-06  
   0.764824790406   2.75539794053e-06  
   0.767884051683   1.12020236803e-06  
   0.770955579374   1.00813454005e-06  
   0.774039438886   5.98245313695e-06  
   0.777135564917   5.64505434147e-06  
    0.78024415422   3.74441720966e-06  
   0.783365074359   3.64382597975e-06  
   0.786498591855    4.7475428006e-06  
   0.789644572959   2.66140540736e-06  
   0.792803152342   3.04815720602e-06  
   0.795974329745   4.11132182658e-06  
   0.799158242868   5.31254892369e-06  
   0.802354892328    6.0989518344e-06  
   0.805564277528   1.95604256748e-06  
   0.808786539182   7.33032262046e-06  
    0.81202167761   5.09947342924e-06  
    0.81526976432    2.9175374356e-06  
   0.818530871882   5.83927079619e-06  
   0.821805000353   2.26258605188e-06  
   0.825092222719    2.9327729142e-06  
   0.828392613059   4.69654383492e-06  
   0.831706171199    4.7963535879e-06  
   0.835032971668   4.54502979521e-06  
   0.838373090129   3.36915230257e-06  
   0.841726603405   6.35990005272e-06  
   0.845093511678   5.72262807335e-06  
   0.848473892288   4.99920487171e-06  
   0.851867744698   6.09335253317e-06  
   0.855275226474   9.98838577434e-06  
   0.858696338263   6.41655296709e-06  
     0.8621311604   4.49364180333e-06  
   0.865579692848   4.41544047034e-06  
   0.869042016538   5.31772722384e-06  
   0.872518130734   4.02035268952e-06  
   0.876008200591   4.43255766804e-06  
   0.879512226677   5.04684211021e-06  
   0.883030293186   9.45558149676e-06  
   0.886562400028   4.09537635617e-06  
   0.890108632087   3.51709809699e-06  
   0.893669075629   7.52518660925e-06  
   0.897243818335   5.87926639794e-06  
   0.900832772471   5.40792032529e-06  
   0.904436113504    1.1354900855e-06  
   0.908053841492   7.99025379645e-06  
   0.911686045672   4.52396458111e-06  
    0.91533281677   2.55926942703e-06  
   0.918994155003   4.58595967743e-06  
   0.922670059186   6.32034559355e-06  
   0.926360807225   8.36561507761e-06  
   0.930066213277   3.98427678822e-06  
   0.933786464124   6.26929015598e-06  
   0.937521655387   2.59702530709e-06  
   0.941271691238   5.11634803601e-06  
    0.94503676327   4.10957381583e-06  
   0.948816969728   4.56273884009e-06  
   0.952612212787   5.14031378335e-06  
   0.956422689039   7.16430917415e-06  
    0.96024839901   2.68663191883e-06  
   0.964089341764                 0.0  
   0.967945719061    7.4551096472e-06  
   0.971817531867   3.89214976924e-06  
   0.975704779678   7.22284089154e-06  
   0.979607565052   2.76190602567e-06  
   0.983525992373   3.75358622867e-06  
    0.98746016788   2.72908857794e-06  
    0.99140998551   3.90829037058e-06  
   0.995375550182    1.2777928841e-06  
   0.999357077529   4.03717381397e-06  
    1.00335456921   8.29605492677e-06  
     1.0073679148   6.02148926169e-06  
    1.01139744463   1.32778398163e-06  
    1.01544304873   2.74603260921e-06  
    1.01950483853   4.02797501309e-06  
    1.02358281331   2.49389700997e-06  
    1.02767708587    4.7233747613e-06  
    1.03178788711   4.83368755272e-06  
    1.03591498602   2.91270332542e-06  
    1.04005861403   2.64256678816e-06  
    1.04421888967   1.32948611246e-06  
     1.0483958139                 0.0  
    1.05258938609   2.80959165947e-06  
    1.05679972569                 0.0  
    1.06102695441   2.75451162403e-06  
    1.06527107257   1.14706025575e-06  
     1.0695320789                 0.0  
    1.07381022173   4.02661392526e-06  
    1.07810550248   6.50841888146e-06  
    1.08241792093                 0.0  
    1.08674760389   4.02961066701e-06  
    1.09109455089   5.15567742087e-06  
    1.09545895593   9.82810721046e-07  
    1.09984075394   1.19225094089e-06  
    1.10424014184   2.57776119126e-06  
    1.10865712028   2.85510601795e-06  
    1.11309168825   1.10358336902e-06  
    1.11754411518   3.78545935223e-06  
    1.12201426596   6.33946797239e-06  
    1.12650234506   7.46065279662e-06  
    1.13100835277     2.404247454e-06  
    1.13553235792   3.72461080708e-06  
    1.14007450061   8.35440404111e-06  
    1.14463478098   3.97185484854e-06  
    1.14921334131   1.66135143004e-06  
    1.15381018168   3.04315603284e-06  
    1.15842544658   6.29264231967e-06  
    1.16305913603   2.19757473157e-06  
    1.16771132256                 0.0  
    1.17238222901   4.31215904278e-06  
     1.1770717062   5.41476035707e-06  
    1.18178005487   5.19462333593e-06  
    1.18650712344                 0.0  
    1.19125314023    5.2380551536e-06  
    1.19601818322   4.09553002517e-06  
    1.20080225251   6.45658914489e-06  
    1.20560542555   9.94602137059e-06  
     1.2104278603   6.02987405933e-06  
    1.21526955699   3.89569062893e-06  
    1.22013067626   8.67927194599e-06  
    1.22501121851   6.01933462466e-06  
    1.22991126469   2.74302787705e-06  
    1.23483089651   1.28985814272e-05  
    1.23977019641   5.80433029591e-06  
    1.24472933202   4.52075444359e-06  
    1.24970821917   1.21400199056e-06  
    1.25470702642   5.38498098718e-06  
    1.25972583937   3.01313536168e-06  
    1.26476474446   6.28535778757e-06  
    1.26982382899   1.36105643688e-05  
    1.27490309256   9.58634779077e-06  
    1.28000271133   4.89844415603e-06  
    1.28512277523   5.08937211911e-06  
     1.2902632844   1.04726322362e-05  
    1.29542432843   4.85565495213e-06  
    1.30060599784   2.85219667669e-06  
    1.30580838408   1.42542704852e-06  
     1.3110316732   1.12535211309e-05  
    1.31627577206   3.52707688509e-06  
    1.32154086795   4.80777540406e-06  
    1.32682705626   4.80512661117e-06  
    1.33213433675   6.09876772183e-06  
    1.33746290205   3.57135573889e-06  
    1.34281275249    4.3877340963e-06  
    1.34818398535   8.42603692928e-06  
    1.35357669902    8.8983070094e-06  
    1.35899099299   8.25887645409e-06  
    1.36442696787     5.012226743e-06  
    1.36988472544   1.07641369113e-05  
    1.37536426557   5.78716971233e-06  
    1.38086568994   4.47238729299e-06  
     1.3863892061   6.42227672827e-06  
    1.39193470951   4.91448782741e-06  
    1.39750240935   3.19907525149e-06  
    1.40309251941   1.94110841006e-06  
    1.40870482573   7.12506400978e-06  
    1.41433965025   5.25401137569e-06  
    1.41999699353   3.55780542654e-06  
    1.42567696474   3.94302264489e-06  
    1.43137967438   4.14404927879e-06  
    1.43710523432   4.56495337278e-06  
    1.44285364441   3.17240506945e-06  
    1.44862501663   5.91470767692e-06  
     1.4544195796                 0.0  
    1.46023721857   4.90875635103e-06  
    1.46607816418   2.00375461788e-06  
    1.47194253421   3.53767000042e-06  
      1.477830329   3.03351888691e-06  
    1.48374154662   2.07557206108e-06  
    1.48967654556   6.56083684141e-06  
    1.49563532798   3.25372523105e-06  
    1.50161777091   3.43072441812e-06  
    1.50762424051   4.91583101592e-06  
    1.51365473797   5.72011286754e-06  
    1.51970938801   3.28467604426e-06  
    1.52578819019   3.33571206219e-06  
    1.53189139745   3.33929603543e-06  
    1.53801901079   1.85244523437e-06  
    1.54417102887   6.24047213657e-06  
    1.55034770985   1.85179400204e-06  
    1.55654905389   1.43355060304e-06  
    1.56277532485   5.71913606862e-06  
    1.56902639034   5.31247085092e-06  
    1.57530251691   6.70072971011e-06  
    1.58160370472                 0.0  
    1.58793008889   8.74067323273e-06  
    1.59428180649   9.03829168295e-06  
    1.60065899655   9.72393163232e-06  
    1.60706165945   4.62019751314e-06  
    1.61348993491   1.06520149197e-05  
    1.61994382173   1.08921869884e-05  
    1.62642360449   8.81326938229e-06  
    1.63292928386      1.31567371e-05  
    1.63946100449   7.53215180707e-06  
     1.6460189132   4.01179897054e-06  
     1.6526028614   5.58096236767e-06  
    1.65921329316   7.44065554821e-06  
    1.66585021079   5.57508621459e-06  
    1.67251361406   1.14954237987e-05  
    1.67920365382   9.01859765621e-06  
    1.68592048325   1.84876483362e-06  
    1.69266410175   1.69450829246e-05  
    1.69943482084   6.00420233509e-06  
    1.70623248366    1.2167596569e-05  
    1.71305740532   9.25708339749e-06  
     1.7199097473   1.15302681558e-05  
    1.72678934875   1.71073290413e-05  
    1.73369653225   1.69020053372e-05  
    1.74063129799   5.91820299776e-06  
    1.74759380992   9.97992757079e-06  
    1.75458423461   2.01227989435e-05  
    1.76160257222   9.23597242612e-06  
    1.76864899066    2.7210642434e-05  
    1.77572348875   2.00018130746e-05  
    1.78282640892   1.18039928327e-05  
     1.7899577528   5.41670559246e-06  
    1.79711751932   1.17509005893e-05  
    1.80430605936    1.3004904663e-05  
    1.81152319598   1.06231124559e-05  
    1.81876928446   3.30441418601e-05  
    1.82604450707   1.98369450613e-05  
    1.83334868291   9.96886546385e-06  
     1.8406819916    1.7229129631e-05  
    1.84804480185   1.63142712137e-05  
    1.85543692875   2.15436805443e-05  
     1.8628585567   1.60245069019e-05  
    1.87031006382   2.12313417588e-05  
    1.87779126121   2.66527929719e-05  
    1.88530253195   2.40668453874e-05  
    1.89284368298   2.73761106299e-05  
    1.90041510239   3.60723276182e-05  
    1.90801679125   2.41914519915e-05  
    1.91564874769   1.85683099079e-05  
    1.92331136998   2.46898221284e-05  
    1.93100465998    3.5161748343e-05  
    1.93872861661   2.64573480651e-05  
    1.94648364868   2.34194352676e-05  
    1.95426955095   4.14419546269e-05  
    1.96208652804   2.28251834583e-05  
    1.96993499966   2.72963237861e-05  
    1.97781475664   3.01994922929e-05  
    1.98572600968   2.57900638324e-05  
    1.99366875669   2.56187115803e-05  
    2.00164342911   2.36165598103e-05  
    2.00965002913   3.05610520423e-05  
     2.0176887777    3.5295271087e-05  
    2.02575945264   3.40304865139e-05  
    2.03386249764   4.54300406205e-05  
    2.04199791323   3.58533872384e-05  
    2.05016592587   4.67544601192e-05  
    2.05836653531   3.62943897436e-05  
    2.06659997086   5.63549394333e-05  
    2.07486646606    4.1829657071e-05  
    2.08316602235   3.85474875308e-05  
    2.09149863802    6.6757813082e-05  
    2.09986454834   3.67750358926e-05  
    2.10826399303   6.53989196867e-05  
    2.11669697217   5.97041781863e-05  
    2.12516397475   6.92959003254e-05  
    2.13366451009   7.42153858528e-05  
    2.14219906852   7.05349240562e-05  
    2.15076790095   5.30902107021e-05  
    2.15937100899    7.2100501464e-05  
    2.16800864708   7.68862177562e-05  
    2.17668055826   6.27450296139e-05  
    2.18538725457   6.21799415851e-05  
    2.19412886786   5.68721040879e-05  
     2.2029053986   6.95176054101e-05  
    2.21171697719   6.13626914935e-05  
    2.22056386918    8.4668195238e-05  
    2.22944607449    7.1365337208e-05  
     2.2383638626   5.88080013968e-05  
    2.24731737067   9.54550052481e-05  
    2.25630659816   8.59827838134e-05  
    2.26533182065   8.27048075057e-05  
    2.27439317825   9.49520295806e-05  
    2.28349081208   8.95148980798e-05  
    2.29262472114   8.77543650349e-05  
    2.30179518955   0.000100297444975  
    2.31100236161   7.95806141341e-05  
    2.32024638274   0.000108343771762  
    2.32952739949   9.71592448203e-05  
    2.33884555955    9.9606194135e-05  
     2.3482008616   8.32209254821e-05  
    2.35759375493   9.87785266304e-05  
     2.3670240892   0.000106163811495  
    2.37649216717   0.000107022525643  
    2.38599814264   8.73675564505e-05  
    2.39554217071    0.00010368026099  
    2.40512425024   9.83916295034e-05  
    2.41474485293   8.11073336075e-05  
     2.4244038215   0.000112139885513  
    2.43410131268    9.6400708612e-05  
    2.44383780997   0.000119121718455  
    2.45361315272   0.000100358574343  
    2.46342750192   0.000100085334605  
    2.47328135334   9.77198256896e-05  
    2.48317437503   8.65104323561e-05  
    2.49310706713   8.28372370121e-05  
     2.5030796008   0.000125329754179  
    2.51309180473   8.66146987811e-05  
    2.52314419199   0.000129211173588  
    2.53323676388   8.71249895552e-05  
    2.54336969409   0.000125239573823  
      2.553543158   7.99809224595e-05  
    2.56375733277   0.000111664456856  
    2.57401239734   0.000143952705377  
    2.58430853246   9.56916339912e-05  
    2.59464573736   0.000111783210475  
    2.60502437702   9.38910777031e-05  
    2.61544445152   7.76817903454e-05  
    2.62590614476   0.000115279212926  
    2.63640983195   9.78483467529e-05  
    2.64695551462   8.74327511643e-05  
    2.65754319028   8.47792155047e-05  
    2.66817343412   0.000101518909746  
    2.67884605387   5.23112411288e-05  
    2.68956143808   8.13324840449e-05  
    2.70031978513   0.000117616581307  
    2.71112109538    7.5881863317e-05  
     2.7219655669   0.000100010376464  
    2.73285339999   8.09179946759e-05  
    2.74378479725   5.83812750879e-05  
    2.75475996361   7.33472386354e-05  
    2.76577889803   9.63564412208e-05  
     2.7768420153   4.98671147917e-05  
    2.78794952761   7.31494606958e-05  
    2.79910122283   7.26582526583e-05  
    2.81029773829   9.36166659218e-05  
    2.82153886012   7.77982780842e-05  
    2.83282501905   5.38106785102e-05  
    2.84415621465   5.11059097871e-05  
    2.85553288641   4.82501378181e-05  
     2.8669550358   4.80281750124e-05  
    2.87842288562    6.2796212328e-05  
    2.88993666146   7.24665170249e-05  
    2.90149636242   9.87270260818e-05  
    2.91310221432   7.46676831072e-05  
    2.92475467888    5.1050339446e-05  
    2.93645375843    5.3344938079e-05  
    2.94819945083     6.002980772e-05  
    2.95999246544   4.28225098025e-05  
    2.97183232698   4.71320717413e-05  
    2.98371975291   2.65823031727e-05  
    2.99565450142   0.000102739928902  
    3.00763705757   3.69553386771e-05  
    3.01966766914   4.00380948215e-05  
    3.03174633682   1.80075017894e-05  
     3.0438733091    4.4227077561e-05  
    3.05604883781   1.38821689109e-05  
    3.06827292179   1.35584917428e-05  
    3.08054607218   1.46800877627e-05  
    3.09286829073   2.39041499105e-05  
    3.10523983715   3.32347992907e-05  
       3.11766071   2.80190521883e-05  
    3.13013143684   2.64412957565e-05  
     3.1426520194   1.58483260071e-05  
     3.1552224546   3.02759279461e-05  
    3.16784328125   1.70316596459e-05  
    3.18051477514   2.22941016807e-05  
    3.19323693827   4.41594824322e-05  
    3.20600976777   1.92065623252e-05  
    3.21883382034   4.90987566828e-06  
    3.23170909668   2.28222960593e-05  
    3.24463587936   3.39339795686e-05  
    3.25761445513   2.27283629399e-05  
    3.27064511496   3.04279348992e-05  
    3.28372756669   2.70848548609e-05  
    3.29686239202   2.68632986513e-05  
    3.31004988796   2.28922828921e-05  
    3.32329005515   1.47943113802e-05  
    3.33658319242   1.47341304693e-05  
    3.34992960313   1.99751016058e-05  
    3.36332928717   1.18827767015e-05  
    3.37678254987   1.72440285264e-05  
    3.39028970127   2.68111792497e-05  
    3.40385105624   1.05140262994e-05  
    3.41746629822   4.02481124228e-05  
    3.43113637807   1.84259101992e-05  
    3.44486065569   1.11776097444e-05  
    3.45864009442     1.220970094e-05  
    3.47247469798   2.14772335113e-05  
    3.48636479597   1.72710553769e-05  
    3.50031005569   2.11184337845e-05  
    3.51431147419   2.59248484377e-05  
    3.52836871873   8.61827103319e-06  
    3.54248212415                 0.0  
    3.55665203068   1.34871102026e-05  
    3.57087878411   7.67448882002e-06  
    3.58516203559   1.19855076198e-05  
    3.59950283138   6.33282921508e-06  
    3.61390082286                 0.0  
    3.62835636186   7.17226493821e-06  
    3.64286980603   7.83261913106e-06  
    3.65744115459                 0.0  
     3.6720711358   7.91615314462e-06  
    3.68675938494   3.90399200478e-06  
    3.70150626634   1.53286635618e-05  
    3.71631252674   1.55557911068e-05  
    3.73117779346   3.98637428751e-06  
    3.74610244067   4.49248611858e-06  
     3.7610868489   9.70599353436e-06  
    3.77613101678   8.91512327892e-06  
    3.79123572024   2.63245461428e-05  
    3.80640057035   6.98119372848e-06  
    3.82162635332   1.11796593981e-05  
     3.8369126718    4.4925130456e-06  
    3.85226032249   7.75841612517e-06  
    3.86766930695   4.56472993723e-06  
    3.88314003164   8.99324376991e-06  
    3.89867249609    3.0225629535e-06  
    3.91426752862   4.56446304334e-06  
    3.92992429535   9.04003380669e-06  
    3.94564404997   7.30385586972e-06  
    3.96142679819   9.76018936535e-06  
    3.97727253972   2.74027754497e-06  
    3.99318170256   2.01998337998e-05  
    4.00915428459   4.70882216877e-06  
    4.02519071885   2.78234775102e-06  
    4.04129144627   5.73542971714e-06  
     4.0574569158     3.365996189e-06  
    4.07368668043   5.19637319214e-06  
    4.08998118387   2.41846189168e-05  
    4.10634133737                 0.0  
    4.12276668611   5.17727699228e-06  
    4.13925768777   5.98194702679e-06  
     4.1558148085   5.20527509555e-06  
    4.17243804884                 0.0  
    4.18912788102   1.02581057946e-05  
    4.20588430424   2.37853471149e-06  
    4.22270779694                 0.0  
    4.23959884661   8.84446533799e-06  
    4.25655696277   2.86178622751e-06  
    4.27358312521                 0.0  
    4.29067733583   6.04562618561e-06  
    4.30784009553   1.43779594154e-05  
    4.32507140516                 0.0  
    4.34237177264   9.20841616035e-06  
    4.35974119784   3.48941192937e-06  
    4.37718045687                 0.0  
    4.39468902883   6.08005554267e-06  
    4.41226796031                 0.0  
    4.42991698849                 0.0  
    4.44763664356   7.38794474621e-06  
    4.46542719446                 0.0  
    4.48328891197   5.76061318671e-06  
    4.50122206872   5.23718360193e-06  
    4.51922693926                 0.0  
    4.53730380009                 0.0  
    4.55545292971                 0.0  
    4.57367489354                 0.0  
     4.5919694066    3.1339801388e-06  
    4.61033732575                 0.0  
    4.62877865296                 0.0  
     4.6472939715   2.49716861308e-06  
    4.66588298672                 0.0  
    4.68454658297   3.13294840315e-06  
     4.7032847621                 0.0  
     4.7220978225                 0.0  
    4.74098637113                 0.0  
    4.75995010145                 0.0  
    4.77898993408                 0.0  
    4.79810587133   3.43499432949e-06  
    4.81729854038                 0.0  
    4.83656762537                 0.0  
     4.8559137564                 0.0  
    4.87533757653                 0.0  
    4.89483876301   5.29369182601e-06  
    4.91441829106                 0.0  
    4.93407583344                 0.0  
     4.9538123818   5.60093375122e-06  
    4.97362760448                 0.0  
    4.99352183074                 0.0  
    5.01349607765   1.66559100986e-05  
    5.03355000696   3.91096780526e-06  
    5.05368430539                 0.0  
    5.07389897276   9.50023433015e-06  
    5.09419470807   8.53810842177e-06  
    5.11457151245   4.79078294782e-06  
     5.1350297384   1.29195467092e-05  
    5.15556974197    4.3827297027e-06  
    5.17619188281   1.10385705083e-05  
    5.19689689217                 0.0  
    5.21768440439    7.5487227591e-06  
    5.23855515541   1.55101467592e-05  
    5.25950952014                 0.0  
    5.28054749769   8.76820982418e-06  
    5.30166946194                 0.0  
    5.32287617669    1.6334811103e-05  
     5.3441676442   1.88667449091e-05  
    5.36554464285                 0.0  
    5.38700678205   1.85585742519e-05  
    5.40855484569   2.15713557991e-05  
    5.43018883146   5.04328120172e-06  
     5.4519095384   1.47791603566e-05  
    5.47371737491   1.97319918072e-05  
    5.49561234274   2.51558980456e-05  
    5.51759443527   4.35690207194e-05  
    5.53966489128   1.60979631076e-05  
    5.56182371703   2.18763385012e-05  
    5.58407091037   3.45673893066e-05  
    5.60640731682   1.67298237205e-05  
    5.62883293749   8.55172492135e-06  
    5.65134819992   1.11553234906e-05  
    5.67395353681   1.11721267433e-05  
    5.69664938618   1.71894659285e-05  
    5.71943619141   2.65105260542e-05  
    5.74231350316   5.08692543789e-05  
     5.7652831125   3.98450352435e-05  
    5.78834412131   5.36854357211e-05  
    5.81149743365   3.02341360516e-05  
    5.83474351021   2.38941526562e-05  
    5.85808235018   1.05923948727e-05  
    5.88151488606   5.14210839038e-05  
    5.90504064664   3.34238205116e-05  
    5.92866105146   2.67788644156e-05  
    5.95237562645   3.52400319399e-05  
    5.97618533246   3.23539732988e-05  
    6.00008968111   1.91030632587e-05  
    6.02409013633   4.17379191808e-05  
     6.0481867053   2.54307309938e-05  
    6.07237938609   1.09290783962e-05  
     6.0966686737   4.18613582354e-05  
    6.12105558018    3.2048262152e-05  
    6.14553959755   4.64233717055e-05  
    6.17012174768   1.93744186191e-05  
    6.19480255328   2.15968055674e-05  
    6.21958149061   1.46018673515e-05  
    6.24446013397   5.23054123088e-05  
    6.26943795744   2.35688345181e-05  
    6.29451548781   2.18754263856e-05  
    6.31969380334   3.00773560269e-05  
    6.34497236227   3.30266948406e-05  
    6.37035225392   7.31075076553e-06  
    6.39583347869   2.53095705427e-05  
    6.42141715049    2.8177971395e-05  
    6.44710271082    7.1376560021e-05  
    6.47289128537   7.30646579004e-06  
    6.49878287572   2.29352579752e-05  
    6.52477805342   3.36849546475e-05  
      6.550876814   2.92556637947e-05  
    6.57708032125   4.21496747785e-05  
    6.60338857865   2.04802552922e-05  
    6.62980217829   2.35825495733e-05  
     6.6563217212   9.62636281836e-06  
    6.68294660092   3.65062027905e-05  
    6.70967863407   8.42382187461e-06  
    6.73651721316   4.41743863883e-06  
    6.76346356996   1.95656552666e-05  
    6.79051708144   1.68750950593e-05  
    6.81767899338   9.84584327843e-06  
    6.84494994327   4.78143971572e-05  
    6.87232993526   1.96503660708e-05  
    6.89981896307   6.11997496753e-06  
    6.92741831705   2.47548968303e-05  
    6.95512800081   1.52275415491e-05  
    6.98294867158   4.31472466332e-06  
    7.01088032757   1.93669147591e-05  
     7.0389236311   2.69920992822e-05  
    7.06707925516   9.84765259537e-06  
    7.09534788362   2.73349121923e-05  
    7.12372952024     7.644044138e-06  
    7.15222415796   1.43749978073e-05  
    7.18083318331    1.9687285894e-05  
    7.20955660066                 0.0  
    7.23839440342                 0.0  
    7.26734801256   3.96135150798e-05  
     7.2964174335   9.46782468084e-06  
    7.32560339154                 0.0  
     7.3549058873   2.31835355759e-05  
    7.38432565288                 0.0  
    7.41386268406                 0.0  
    7.44351771988   2.56153812191e-05  
    7.47329227265   1.15605553193e-05  
    7.50318559143   9.88198553168e-06  
    7.53319843542                 0.0  
    7.56333079768   6.17666636254e-06  
    7.59358423039   1.73593512125e-05  
    7.62395874079   2.31415776409e-05  
    7.65445432458   8.80206515055e-06  
    7.68507177011   1.79590122616e-05  
    7.71581269039   1.69563441961e-05  
    7.74667546895   5.62454834481e-06  
    7.77766254505   5.04045827904e-06  
    7.80877310258   9.99600611977e-06  
    7.84000796151                 0.0  
    7.87136795637   1.17759429697e-05  
    7.90285393657                 0.0  
    7.93446505168   1.18974830993e-05  
    7.96620300486   2.03030409614e-05  
    7.99806779953   1.37660765017e-05  
    8.03006030517                 0.0  
     8.0621805217   1.23231497621e-05  
    8.09442932911   3.15261546371e-05  
    8.12680672387   2.91046436783e-05  
    8.15931359673                 0.0  
    8.19195085476   7.00927940757e-06  
    8.22471942171   7.42893958406e-06  
    8.25761745204                 0.0  
    8.29064864545                 0.0  
    8.32381114603                 0.0  
    8.35710587897   7.87524099113e-06  
    8.39053474565   1.56978722183e-05  
    8.42409679606                 0.0  
    8.45779298527   2.86429148088e-05  
    8.49162428634   4.01411388108e-05  
    8.52559070065   2.36613178454e-05  
    8.55969321454   1.57574029128e-05  
    8.59393182709   8.58858146444e-06  
    8.62830753824   4.01068040362e-05  
    8.66282136702   1.58023665204e-05  
    8.69747229125   3.22121514003e-05  
    8.73226235834   1.64698272282e-05  
    8.76719105115   5.85734423527e-05  
    8.80225993308   4.44627873241e-05  
    8.83746900884   6.54046929627e-05  
    8.87281880584   3.36329505091e-05  
    8.90830985498   1.78680555329e-05  
    8.94394323548   2.67415542987e-05  
    8.97971894935   1.85071301512e-05  
      9.015638092   1.59239903275e-05  
    9.05170066437   5.25249348554e-05  
    9.08790721605   2.67966616407e-05  
    9.12425886751   2.67667306535e-05  
    9.16075618987   5.67278071097e-05  
     9.1973991825   3.69871019182e-05  
    9.23418841136   4.07774521668e-05  
    9.27112561745   5.84966371642e-05  
    9.30820963329                 0.0  
    9.34544280832   2.03683930354e-05  
    9.38282455567   6.37635717049e-05  
    9.42035546382   4.06783749076e-05  
    9.45803734441   7.30878851741e-05  
    9.49586959654    6.2100057175e-05  
    9.53385282337   5.08088045998e-05  
    9.57198825704   2.18059133431e-05  
    9.61027589683   5.47057009071e-05  
    9.64871699537   5.48916780028e-05  
    9.68731219181   4.36716312768e-05  
    9.72606148678   5.53119746819e-05  
     9.7649655154   2.28912659336e-05  
    9.80402557306   2.33007212122e-05  
    9.84324166221   3.63282372911e-05  
    9.88261443541   2.60061616977e-05  
    9.92214522171                 0.0  
    9.96183335024   3.35004559012e-05  
    10.0016808383   2.33490677537e-05  
     10.041687693   4.51832933184e-05  
    10.0818545982   9.67811065938e-05  
    10.1221815468   6.22874883384e-05  
    10.1626706261   1.16572909135e-05  
    10.2033211391   2.33470511399e-05  
    10.2441344948   0.000965221292238  
