      wave_micron            flux_mjy  
  0.0154221819325                 0.0  
  0.0154783455809                 0.0  
   0.015540258413                 0.0  
  0.0156024189732                 0.0  
  0.0156648289627                 0.0  
  0.0157274883885                 0.0  
  0.0157903989725                 0.0  
   0.015853560715                 0.0  
  0.0159169753591                 0.0  
  0.0159806428986                 0.0  
  0.0160445650983                 0.0  
  0.0161087437552                 0.0  
  0.0161731788756                 0.0  
   0.016237870441                 0.0  
  0.0163028221147                 0.0  
  0.0163680339168                 0.0  
  0.0164335058424                 0.0  
  0.0164992397599                 0.0  
  0.0165652375728                 0.0  
  0.0166314973626                 0.0  
   0.016698022957                 0.0  
  0.0167648163217                 0.0  
  0.0168318755082                 0.0  
  0.0168992024628                 0.0  
  0.0169667991687                 0.0  
  0.0170346676472                 0.0  
  0.0171028048591                 0.0  
  0.0171712168936                 0.0  
  0.0172399017199                 0.0  
  0.0173088613934                 0.0  
  0.0173780969564                 0.0  
  0.0174476083969                 0.0  
  0.0175173988859                 0.0  
  0.0175874684342                 0.0  
  0.0176578192002                 0.0  
  0.0177284500972                 0.0  
  0.0177993632902                 0.0  
  0.0178705609874                 0.0  
  0.0179420431955                 0.0  
  0.0180138121572                 0.0  
  0.0180858667379                 0.0  
  0.0181582103376                 0.0  
   0.018230842962                 0.0  
  0.0183037669249                 0.0  
  0.0183769822319                 0.0  
  0.0184504900473                 0.0  
  0.0185242915451                 0.0  
  0.0185983891149                 0.0  
  0.0186727827634                 0.0  
  0.0187474736943                 0.0  
  0.0188224631215                 0.0  
  0.0188977535148                 0.0  
  0.0189733436286                 0.0  
  0.0190492372098                 0.0  
  0.0191254342705                 0.0  
  0.0192019360793                 0.0  
  0.0192787439165                 0.0  
  0.0193558590743                 0.0  
  0.0194332828569                 0.0  
  0.0195110152532                 0.0  
  0.0195890602365                 0.0  
  0.0196674164828                 0.0  
  0.0197460853146                 0.0  
  0.0198250694374                 0.0  
  0.0199043702325                 0.0  
  0.0199839877024                 0.0  
  0.0200639232226                 0.0  
  0.0201441795976                 0.0  
  0.0202247554125                 0.0  
  0.0203056549267                 0.0  
  0.0203868781584                 0.0  
  0.0204684250949                 0.0  
  0.0205502986369                 0.0  
  0.0206325002631                 0.0  
  0.0207150299721                 0.0  
  0.0207978907469                 0.0  
  0.0208810810743                 0.0  
  0.0209646054901                 0.0  
  0.0210484640106                 0.0  
  0.0211326581768                 0.0  
  0.0212171895475                 0.0  
  0.0213020581165                 0.0  
  0.0213872654403                 0.0  
  0.0214728147007                 0.0  
  0.0215587059078                 0.0  
  0.0216449406729                 0.0  
  0.0217315206258                 0.0  
  0.0218184474159                 0.0  
  0.0219057210389                 0.0  
  0.0219933431436                 0.0  
  0.0220813170987                 0.0  
  0.0221696429202                 0.0  
  0.0222583205902                 0.0  
  0.0223473535396                 0.0  
  0.0224367435202                 0.0  
  0.0225264905366                 0.0  
  0.0226165963424                 0.0  
  0.0227070627134                 0.0  
   0.022797891448                 0.0  
  0.0228890825408                 0.0  
  0.0229806396339                 0.0  
  0.0230725608835                 0.0  
  0.0231648518352                 0.0  
  0.0232575106339                 0.0  
  0.0233505410324                 0.0  
  0.0234439430362                 0.0  
  0.0235377185467                 0.0  
  0.0236318694907                 0.0  
  0.0237263978211                 0.0  
  0.0238213035385                 0.0  
  0.0239165886016                 0.0  
  0.0240122549961                 0.0  
  0.0241083027081                 0.0  
  0.0242047378153                 0.0  
  0.0243015562579                 0.0  
  0.0243987621108                 0.0  
   0.024496357451                 0.0  
  0.0245943422758                 0.0  
  0.0246927207968                 0.0  
  0.0247914908945                 0.0  
  0.0248906568236                 0.0  
  0.0249902185834                 0.0  
  0.0250901805246                 0.0  
  0.0251905404622                 0.0  
  0.0252913027928                 0.0  
  0.0253924675203                 0.0  
   0.025494039142                 0.0  
  0.0255960154078                 0.0  
  0.0256983985612                 0.0  
  0.0258011932004                 0.0  
  0.0259043970131                 0.0  
  0.0260080146481                 0.0  
    0.02611204611                 0.0  
  0.0262164937597                 0.0  
  0.0263213599946                 0.0  
  0.0264266472488                 0.0  
  0.0265323530848                 0.0  
   0.026638482369                 0.0  
  0.0267450350961                 0.0  
  0.0268520162481                 0.0  
  0.0269594233237                 0.0  
   0.027067261363                 0.0  
  0.0271755303777                 0.0  
  0.0272842329335                 0.0  
  0.0273933690209                 0.0  
   0.027502943863                 0.0  
  0.0276129548334                 0.0  
  0.0277234072187                 0.0  
  0.0278343010305                 0.0  
  0.0279456389615                 0.0  
  0.0280574210034                 0.0  
  0.0281696498716                 0.0  
  0.0282823283267                 0.0  
  0.0283954591745                 0.0  
  0.0285090395999                 0.0  
  0.0286230752233                 0.0  
  0.0287375689239                 0.0  
  0.0288525178234                 0.0  
  0.0289679276849                 0.0  
  0.0290838014637                 0.0  
  0.0292001362195                 0.0  
  0.0293169348659                 0.0  
  0.0294342033877                 0.0  
  0.0295519418269                 0.0  
  0.0296701471117                 0.0  
  0.0297888284028                 0.0  
  0.0299079857543                 0.0  
  0.0300276160314                 0.0  
  0.0301477254602                 0.0  
  0.0302683172275                 0.0  
  0.0303893913559                 0.0  
  0.0305109478221                 0.0  
  0.0306329930995                 0.0  
  0.0307555239287                 0.0  
  0.0308785468721                 0.0  
  0.0310020619542                 0.0  
  0.0311260691522                 0.0  
  0.0312505718008                 0.0  
  0.0313755767274                 0.0  
  0.0315010770906                 0.0  
  0.0316270832193                 0.0  
  0.0317535916642                 0.0  
  0.0318806059038                 0.0  
  0.0320081259079                 0.0  
  0.0321361587989                 0.0  
  0.0322647046199                 0.0  
  0.0323937633655                 0.0  
  0.0325233386688                 0.0  
  0.0326534305126                 0.0  
   0.032784046325                 0.0  
  0.0329151823899                 0.0  
  0.0330468424368                 0.0  
  0.0331790302653                 0.0  
  0.0333117458776                 0.0  
  0.0334449931253                 0.0  
  0.0335787720014                 0.0  
  0.0337130864104                 0.0  
  0.0338479403317                 0.0  
  0.0339833297668                 0.0  
   0.034119266773                 0.0  
    0.03425574124                 0.0  
  0.0343927653635                 0.0  
  0.0345303371289                 0.0  
  0.0346684564989                 0.0  
  0.0348071318312                 0.0  
  0.0349463589249                 0.0  
  0.0350861462674                 0.0  
  0.0352264895855                 0.0  
  0.0353673953179                 0.0  
  0.0355088656611                 0.0  
  0.0356509006117                 0.0  
   0.035793504579                 0.0  
  0.0359366775568                 0.0  
  0.0360804262925                 0.0  
  0.0362247462568                 0.0  
  0.0363696465556                 0.0  
  0.0365151249103                 0.0  
  0.0366611859421                 0.0  
  0.0368078296413                 0.0  
  0.0369550607037                 0.0  
  0.0371028815203                 0.0  
  0.0372512920825                 0.0  
  0.0374002972022                 0.0  
  0.0375498993313                 0.0  
  0.0377000984646                 0.0  
  0.0378508995351                 0.0  
  0.0380023025414                 0.0  
  0.0381543124999                 0.0  
  0.0383069294135                 0.0  
  0.0384601558058                 0.0  
  0.0386139968225                 0.0  
  0.0387684524758                 0.0  
   0.038923528001                 0.0  
  0.0390792207552                 0.0  
  0.0392355386861                 0.0  
  0.0393924818217                 0.0  
  0.0395500501301                 0.0  
  0.0397082517653                 0.0  
  0.0398670839996                 0.0  
  0.0400265523356                 0.0  
   0.040186659577                 0.0  
  0.0403474057178                 0.0  
  0.0405087935511                 0.0  
  0.0406708287828                 0.0  
  0.0408335143331                 0.0  
  0.0409968472931                 0.0  
  0.0411608334584                 0.0  
  0.0413254787495                 0.0  
  0.0414907802101                 0.0  
   0.041656743801                 0.0  
  0.0418233695127                 0.0  
  0.0419906634194                 0.0  
  0.0421586255298                 0.0  
   0.042327258912                 0.0  
  0.0424965698167                 0.0  
  0.0426665551097                 0.0  
  0.0428372210879                 0.0  
  0.0430085709616                 0.0  
  0.0431806047274                 0.0  
  0.0433533288696                 0.0  
  0.0435267401058                 0.0  
  0.0437008482999                 0.0  
   0.043875650142                 0.0  
  0.0440511522978                 0.0  
  0.0442273581705                 0.0  
  0.0444042677676                 0.0  
  0.0445818844935                 0.0  
  0.0447602117949                 0.0  
  0.0449392531611                 0.0  
  0.0451190085759                 0.0  
  0.0452994851091                 0.0  
  0.0454806827765                 0.0  
  0.0456626087953                 0.0  
  0.0458452558873                 0.0  
  0.0460286386326                 0.0  
  0.0462127533948                 0.0  
  0.0463976038551                 0.0  
   0.046583193743                 0.0  
   0.046769526837                 0.0  
   0.046956606966                 0.0  
  0.0471444302599                 0.0  
  0.0473330082767                 0.0  
  0.0475223410627                 0.0  
  0.0477124325616                 0.0  
  0.0479032787694                 0.0  
  0.0480948956441                 0.0  
  0.0482872751942                 0.0  
  0.0484804213891                 0.0  
  0.0486743423835                 0.0  
  0.0488690423574                 0.0  
  0.0490645171557                 0.0  
  0.0492607751063                 0.0  
  0.0494578204664                 0.0  
  0.0496556489567                 0.0  
   0.049854273417                 0.0  
  0.0500536895535                 0.0  
  0.0502539060659                 0.0  
  0.0504549185427                 0.0  
  0.0506567402489                 0.0  
  0.0508593667607                 0.0  
  0.0510628025253                 0.0  
  0.0512670566381                 0.0  
  0.0514721245518                 0.0  
  0.0516780108055                 0.0  
  0.0518847246999                 0.0  
   0.052092261563                 0.0  
  0.0523006307993                 0.0  
  0.0525098324223                 0.0  
  0.0527198760571                 0.0  
  0.0529307520196                 0.0  
  0.0531424748511                 0.0  
  0.0533550445924                 0.0  
  0.0535684662058                 0.0  
  0.0537827396889                 0.0  
  0.0539978700401                 0.0  
  0.0542138623369                 0.0  
  0.0544307165721                 0.0  
  0.0546484430685                 0.0  
  0.0548670366526                 0.0  
  0.0550865024807                 0.0  
  0.0553068511252                 0.0  
  0.0555280772875                 0.0  
  0.0557501916691                 0.0  
  0.0559731888451                 0.0  
  0.0561970851542                 0.0  
  0.0564218696252                 0.0  
    0.05664755882                 0.0  
  0.0568741471904                 0.0  
   0.057101645976                 0.0  
  0.0573300495008                 0.0  
  0.0575593691465                 0.0  
  0.0577896107521                 0.0  
   0.058020768517                 0.0  
   0.058252848197                 0.0  
  0.0584858616093                 0.0  
  0.0587198028284                 0.0  
  0.0589546838262                 0.0  
  0.0591905046543                 0.0  
  0.0594272652747                 0.0  
  0.0596649717642                 0.0  
  0.0599036365615                 0.0  
  0.0601432471883                 0.0  
  0.0603838224564                 0.0  
  0.0606253560613                 0.0  
  0.0608678607795                 0.0  
  0.0611113301733                 0.0  
  0.0613557771937                 0.0  
  0.0616012018839                 0.0  
  0.0618476041939                 0.0  
  0.0620949907005                 0.0  
  0.0623433748748                 0.0  
  0.0625927500343                 0.0  
  0.0628431160694                 0.0  
  0.0630944935939                 0.0  
  0.0633468688088                 0.0  
  0.0636002555816                 0.0  
  0.0638546539134                 0.0  
   0.064110078039                 0.0  
  0.0643665136604                 0.0  
  0.0646239823258                 0.0  
  0.0648824768223                 0.0  
  0.0651420117993                 0.0  
  0.0654025799059                 0.0  
  0.0656641884884                 0.0  
  0.0659268450311                 0.0  
  0.0661905495202                 0.0  
  0.0664553095403                 0.0  
  0.0667211328193                 0.0  
  0.0669880194077                 0.0  
  0.0672559692546                 0.0  
   0.067524998104                 0.0  
  0.0677950980645                 0.0  
  0.0680662770408                 0.0  
  0.0683385430896                 0.0  
  0.0686118962156                 0.0  
   0.068886340455                 0.0  
   0.069161888209                 0.0  
  0.0694385353599                 0.0  
   0.069716290261                 0.0  
  0.0699951528868                 0.0  
  0.0702751360196                 0.0  
   0.070556235388                 0.0  
  0.0708384595976                 0.0  
  0.0711218130144                 0.0  
  0.0714063000362                 0.0  
  0.0716919250936                 0.0  
    0.07197869265                 0.0  
  0.0722666072029                 0.0  
  0.0725556732844                 0.0  
  0.0728459000873                 0.0  
  0.0731372830003                 0.0  
  0.0734298312522                 0.0  
  0.0737235495201                 0.0  
  0.0740184425194                 0.0  
  0.0743145198186                 0.0  
  0.0746117766219                 0.0  
  0.0749102225396                 0.0  
  0.0752098624475                 0.0  
  0.0755107012636                 0.0  
  0.0758127489591                 0.0  
  0.0761159955082                 0.0  
  0.0764204609911                 0.0  
  0.0767261454929                 0.0  
  0.0770330489826                 0.0  
  0.0773411817395                 0.0  
  0.0776505437441                 0.0  
  0.0779611454547                 0.0  
  0.0782729922069                 0.0  
  0.0785860840041                 0.0  
  0.0789004261565                 0.0  
  0.0792160294956                 0.0  
   0.079532894053                 0.0  
   0.079851025297                 0.0  
  0.0801704287509                 0.0  
  0.0804911099934                 0.0  
  0.0808130746602                 0.0  
  0.0811363284449                 0.0  
  0.0814608713158                 0.0  
  0.0817867147778                 0.0  
  0.0821138647046                 0.0  
  0.0824423211076                 0.0  
  0.0827720898447                 0.0  
   0.083103176837                 0.0  
  0.0834355880695                 0.0  
  0.0837693295932                 0.0  
  0.0841044075257                 0.0  
  0.0844408280531                 0.0  
  0.0847785911656                 0.0  
  0.0851177030393                 0.0  
  0.0854581762863                 0.0  
  0.0858000109601                 0.0  
  0.0861432069836                 0.0  
  0.0864877837083                 0.0  
   0.086833734686                 0.0  
   0.087181066378                 0.0  
  0.0875297920005                 0.0  
  0.0878799115976                 0.0  
  0.0882314318658                 0.0  
  0.0885843527423                 0.0  
  0.0889386947135                 0.0  
  0.0892944509877                 0.0  
  0.0896516284288                 0.0  
  0.0900102339858                 0.0  
  0.0903702746949                 0.0  
  0.0907317505044                 0.0  
  0.0910946829245                 0.0  
  0.0914590575601                 0.0  
  0.0918248961623                 0.0  
  0.0921921988168                 0.0  
  0.0925609654697                 0.0  
  0.0929312109813                 0.0  
  0.0933029353717                 0.0  
  0.0936761461684                 0.0  
  0.0940508509988                 0.0  
  0.0944270498198                 0.0  
  0.0948047581127                 0.0  
  0.0951839838158                 0.0  
  0.0955647190532                 0.0  
  0.0959469715991                 0.0  
  0.0963307655121                 0.0  
  0.0967160847083                 0.0  
  0.0971029535334                 0.0  
  0.0974913638291                 0.0  
  0.0978813237277                 0.0  
  0.0982728498947                 0.0  
    0.09866594241                 0.0  
   0.099060609758                 0.0  
  0.0994568519222                 0.0  
  0.0998546774253                 0.0  
   0.100254094913                 0.0  
   0.100655113158                 0.0  
   0.101057732156                 0.0  
   0.101461960725                 0.0  
   0.101867807811                 0.0  
   0.102275282494                 0.0  
   0.102684384796                 0.0  
   0.103095123848                 0.0  
   0.103507499581                 0.0  
   0.103921530592                 0.0  
   0.104337216941                 0.0  
   0.104754568095                 0.0  
   0.105173584024                 0.0  
   0.105594283976                 0.0  
   0.106016658262                 0.0  
   0.106440726351                 0.0  
   0.106866488265                 0.0  
   0.107293953898                 0.0  
     0.1077231333                 0.0  
   0.108154016287                 0.0  
   0.108586633294                 0.0  
   0.109020984491                 0.0  
   0.109457069886                 0.0  
   0.109894899843                 0.0  
   0.110334474284                 0.0  
   0.110775814355                 0.0  
   0.111218920147                 0.0  
   0.111663791584                 0.0  
   0.112110450329                 0.0  
   0.112558885443                 0.0  
   0.113009129988                 0.0  
   0.113461161814                 0.0  
   0.113915003126                 0.0  
   0.114370665274                 0.0  
   0.114828148301                 0.0  
   0.115287463664                 0.0  
   0.115748611332                 0.0  
   0.116211602869                 0.0  
   0.116676450037                 0.0  
   0.117143152835                 0.0  
   0.117611735198                 0.0  
   0.118082173035                 0.0  
   0.118554502557                 0.0  
   0.119028723913                 0.0  
   0.119504837073                 0.0  
   0.119982854371                 0.0  
   0.120462788359                 0.0  
   0.120944639055                 0.0  
   0.121428419148                 0.0  
   0.121914128591                 0.0  
   0.122401793275                 0.0  
   0.122891400238                 0.0  
   0.123382962455                 0.0  
   0.123876493133                 0.0  
   0.124372005713                 0.0  
   0.124869486696                 0.0  
    0.12536896306                 0.0  
   0.125870448651                 0.0  
   0.126373929725                 0.0  
   0.126879419965                 0.0  
   0.127386933305                 0.0  
   0.127896483936                 0.0  
   0.128408071933                 0.0  
   0.128921697178                 0.0  
   0.129437388564                 0.0  
   0.129955146271                 0.0  
   0.130474955445                 0.0  
   0.130996860392                 0.0  
   0.131520846332                 0.0  
   0.132046928203                 0.0  
   0.132575121227                 0.0  
   0.133105425465                 0.0  
   0.133637840778                 0.0  
   0.134172398206                 0.0  
   0.134709082127                 0.0  
   0.135247924046                 0.0  
   0.135788908058                 0.0  
   0.136332066143                 0.0  
   0.136877390275                 0.0  
   0.137424904887                 0.0  
   0.137974601796                 0.0  
   0.138526497437                 0.0  
   0.139080608566                 0.0  
   0.139636926768                 0.0  
    0.14019547741                 0.0  
   0.140756260558                 0.0  
   0.141319284768                 0.0  
   0.141884558656                 0.0  
   0.142452099745                 0.0  
   0.143021908073                 0.0  
   0.143593992447                 0.0  
   0.144168370799                 0.0  
   0.144745043155                 0.0  
   0.145324027728                 0.0  
   0.145905324541                 0.0  
   0.146488942746                 0.0  
   0.147074900997                 0.0  
   0.147663199313                 0.0  
   0.148253847072                 0.0  
   0.148846863384                 0.0  
   0.149442258012                 0.0  
    0.15004002118                 0.0  
   0.150640182132                 0.0  
   0.151242740914                 0.0  
   0.151847717443                 0.0  
   0.152455101654                 0.0  
   0.153064923769                 0.0  
   0.153677183874                 0.0  
   0.154291892196                 0.0  
   0.154909059057                 0.0  
   0.155528694873                 0.0  
    0.15615081016                 0.0  
   0.156775415535                 0.0  
   0.157402521715                 0.0  
   0.158032128636                 0.0  
   0.158664257937                 0.0  
   0.159298909593                 0.0  
   0.159936105631                 0.0  
   0.160575857307                 0.0  
   0.161218153334                 0.0  
   0.161863027494                 0.0  
    0.16251047988                 0.0  
   0.163160521938                 0.0  
   0.163813165237                 0.0  
   0.164468421468                 0.0  
   0.165126290561                 0.0  
   0.165786796153                 0.0  
   0.166449938238                 0.0  
     0.1671157409                 0.0  
   0.167784204206                 0.0  
   0.168455340333                 0.0  
   0.169129161595                 0.0  
   0.169805680445                 0.0  
   0.170484909475                 0.0  
   0.171166848655                 0.0  
   0.171851510563                 0.0  
   0.172538920896                 0.0  
   0.173229066678                 0.0  
    0.17392198699                 0.0  
   0.174617682033                 0.0  
   0.175316151747                 0.0  
   0.176017409306                 0.0  
   0.176721481655                 0.0  
   0.177428368893                 0.0  
   0.178138084683                 0.0  
   0.178850628912                 0.0  
   0.179566043354                 0.0  
   0.180284300021                 0.0  
   0.181005441147                 0.0  
   0.181729466868                 0.0  
   0.182456377047                 0.0  
   0.183186200516                 0.0  
   0.183918952014                 0.0  
    0.18465461675                 0.0  
   0.185393239096                 0.0  
   0.186134819272                 0.0  
   0.186879357215                 0.0  
    0.18762686792                 0.0  
   0.188377382046                 0.0  
   0.189130884183                 0.0  
   0.189887405278                 0.0  
   0.190646961147                 0.0  
   0.191409551855                 0.0  
   0.192175193269                 0.0  
    0.19294388525                 0.0  
   0.193715660074                 0.0  
   0.194490534275                 0.0  
    0.19526849138                 0.0  
   0.196049564345                 0.0  
   0.196833753116                 0.0  
   0.197621091384                 0.0  
   0.198411579304                 0.0  
   0.199205234028                 0.0  
    0.20000205552                 0.0  
   0.200802061011                 0.0  
   0.201605267985                 0.0  
   0.202411694179                 0.0  
   0.203221339593                 0.0  
    0.20403422206                 0.0  
   0.204850359677                 0.0  
   0.205669752375                 0.0  
   0.206492436937                 0.0  
   0.207318413552                 0.0  
    0.20814768209                 0.0  
   0.208980261139                 0.0  
   0.209816188758                 0.0  
   0.210655445884                 0.0  
   0.211498071008                 0.0  
   0.212344064232                 0.0  
   0.213193445145                 0.0  
   0.214046213675                 0.0  
   0.214902409677                 0.0  
   0.215762013091                 0.0  
    0.21662506424                 0.0  
   0.217491563183                 0.0  
   0.218361530429                 0.0  
   0.219234965867                 0.0  
   0.220111911284                 0.0  
     0.2209923669                 0.0  
   0.221876332607                 0.0  
   0.222763829578                 0.0  
    0.22365490114                 0.0  
   0.224549503758                 0.0  
   0.225447702921                 0.0  
   0.226349498892                 0.0  
   0.227254891597                 0.0  
   0.228163925989                 0.0  
   0.229076579506                 0.0  
   0.229992874618                 0.0  
   0.230912857412                 0.0  
   0.231836504828                 0.0  
   0.232763839934                 0.0  
   0.233694909994                 0.0  
    0.23462969145                 0.0  
   0.235568207999                 0.0  
   0.236510483745                 0.0  
   0.237456518631                 0.0  
   0.238406337007                 0.0  
   0.239359963648                 0.0  
   0.240317398589                 0.0  
   0.241278666869                 0.0  
   0.242243793968                 0.0  
   0.243212780032                 0.0  
   0.244185624836                 0.0  
   0.245162353976                 0.0  
    0.24614301991                 0.0  
   0.247127569931                 0.0  
   0.248116083417                 0.0  
    0.24910856079                 0.0  
   0.250105002093                 0.0  
   0.251105406992                 0.0  
   0.252109830165                 0.0  
   0.253118271822                 0.0  
   0.254130759937                 0.0  
   0.255147266246                 0.0  
   0.256167846992                 0.0  
   0.257192531015                 0.0  
   0.258221289561                 0.0  
   0.259254180438                 0.0  
   0.260291203866                 0.0  
   0.261332359668                 0.0  
   0.262377707278                 0.0  
   0.263427216902                 0.0  
    0.26448091836                 0.0  
   0.265538842033                 0.0  
   0.266600987898                 0.0  
   0.267667386749                 0.0  
   0.268738069965                 0.0  
   0.269813006064                 0.0  
   0.270892258088                 0.0  
   0.271975826221                 0.0  
   0.273063742733                 0.0  
   0.274156007754                 0.0  
   0.275252620997                 0.0  
    0.27635363168                 0.0  
   0.277459056633                 0.0  
    0.27856887898                 0.0  
    0.27968316611                 0.0  
   0.280801901239                 0.0  
   0.281925101253                 0.0  
   0.283052800615                 0.0  
   0.284185016866                 0.0  
   0.285321749936                 0.0  
   0.286463035083                 0.0  
    0.28760889024                 0.0  
   0.288759333475                 0.0  
   0.289914364678                 0.0  
   0.291074020225                 0.0  
   0.292238318604                 0.0  
   0.293407278456                 0.0  
   0.294580899659                 0.0  
   0.295759219764                 0.0  
   0.296942257868                 0.0  
   0.298130033227                 0.0  
   0.299322545737                 0.0  
   0.300519834195                 0.0  
   0.301721918353                 0.0  
   0.302928798139                 0.0  
   0.304140513331                 0.0  
   0.305357084209                 0.0  
    0.30657851075                 0.0  
    0.30780483376                 0.0  
   0.309036053261                 0.0  
   0.310272189784                 0.0  
   0.311513285199                 0.0  
   0.312759339614                 0.0  
   0.314010374147                 0.0  
   0.315266410121                 0.0  
   0.316527469063                 0.0  
   0.317793594723                 0.0  
   0.319064765213                 0.0  
   0.320341024541                 0.0  
   0.321622395105                 0.0  
    0.32290887681                 0.0  
   0.324200514872                 0.0  
   0.325497309296                 0.0  
   0.326799306137                 0.0  
   0.328106505512                 0.0  
   0.329418930686                 0.0  
   0.330736605174                 0.0  
   0.332059552743                 0.0  
   0.333387773198                 0.0  
   0.334721339076                 0.0  
   0.336060226296                 0.0  
   0.337404459096                 0.0  
   0.338754086995                 0.0  
   0.340109084964                 0.0  
   0.341469528289                 0.0  
   0.342835417322                 0.0  
   0.344206751893                 0.0  
    0.34558358336                 0.0  
   0.346965911735                 0.0  
   0.348353789395                 0.0  
   0.349747189896                 0.0  
   0.351146192895                 0.0  
   0.352550771731                 0.0  
   0.353960980257                 0.0  
   0.355376818476                 0.0  
   0.356798313591                 0.0  
   0.358225521107                 0.0  
   0.359658413196                 0.0  
    0.36109704583                 0.0  
   0.362541447593                 0.0  
   0.363991589687                 0.0  
   0.365447558249                 0.0  
   0.366909353625                 0.0  
   0.368377005178                 0.0  
   0.369850512842                 0.0  
   0.371329906034                 0.0  
   0.372815214556                 0.0  
   0.374306499135                 0.0  
   0.375803698768                 0.0  
   0.377306936059                 0.0  
    0.37881614935                 0.0  
   0.380331432033                 0.0  
   0.381852752824                 0.0  
   0.383380142906                 0.0  
    0.38491366618                 0.0  
   0.386453322919                 0.0  
   0.387999145622                 0.0  
   0.389551134167                 0.0  
   0.391109354508                 0.0  
   0.392673773317                 0.0  
   0.394244491082                 0.0  
   0.395821440208                 0.0  
   0.397404756821   2.83253168821e-06  
   0.398994372669                 0.0  
   0.400590356569                 0.0  
   0.402192708445                 0.0  
    0.40380146314                 0.0  
   0.405416691825    1.5985081132e-06  
   0.407038359024                 0.0  
    0.40866650028                 0.0  
   0.410301151665                 0.0  
   0.411942349788                 0.0  
   0.413590131812                 0.0  
   0.415244497878                 0.0  
   0.416905485377                 0.0  
   0.418573094084                 0.0  
   0.420247400108                 0.0  
   0.421928364977                 0.0  
   0.423616104768                 0.0  
   0.425310541546   1.29612276004e-06  
   0.427011792894   1.75069310866e-06  
   0.428719859375                 0.0  
   0.430434740904    2.3181674512e-06  
   0.432156477435   3.23284486188e-06  
   0.433885109556   1.45891180017e-06  
   0.435620637143                 0.0  
    0.43736310109   1.69067896399e-06  
   0.439112584969    1.4814601831e-06  
   0.440869004932   3.51210588835e-06  
   0.442632487246                 0.0  
   0.444403032456   1.60054911053e-06  
   0.446180640438                 0.0  
   0.447965354113                 0.0  
   0.449757217111                 0.0  
   0.451556229337                 0.0  
   0.453362479596   1.20316606987e-06  
   0.455175923398                 0.0  
   0.456996605151   1.79632230332e-06  
   0.458824615881                 0.0  
   0.460659910107                 0.0  
   0.462502533404                 0.0  
   0.464352579108   1.78959209791e-06  
    0.46620995338   1.94867683459e-06  
   0.468074797379   3.20387789418e-06  
   0.469947111716                 0.0  
   0.471826896298   3.20526293658e-06  
   0.473714199207   2.47880274417e-06  
   0.475609069359   1.60411683791e-06  
   0.477511506824   1.71893990681e-06  
   0.479421561033   6.50988894428e-06  
   0.481339231788                 0.0  
   0.483264569046   1.90195729063e-06  
   0.485197623643   3.54500942727e-06  
    0.48713844731                 0.0  
    0.48908698843   1.96661361739e-06  
    0.49104335062    1.1262703409e-05  
   0.493007534152                 0.0  
   0.494979538549   1.94406846886e-06  
   0.496959470212                 0.0  
   0.498947275454   1.67831041596e-06  
    0.50094306216   1.74952505389e-06  
   0.502946885801   3.89898432813e-06  
   0.504958636151   5.33866509023e-06  
   0.506978478729   7.85401683829e-06  
    0.50900641424                 0.0  
   0.511042442618   2.08230133503e-06  
   0.513086620388   4.16728390343e-06  
   0.515138947285   4.05138682133e-06  
   0.517199480546   1.57598978215e-05  
   0.519268278468   8.29422795079e-06  
   0.521345341199   2.39794526777e-06  
   0.523430727797   1.33618038448e-05  
   0.525524498426   7.01872422381e-06  
   0.527626593036   6.62724264875e-06  
   0.529737071145   1.32101805303e-05  
   0.531855993396   4.60257798012e-06  
   0.533983421578   6.55170106673e-06  
   0.536119356013   9.25461765532e-06  
   0.538263859347   2.08995325166e-06  
   0.540416931774    8.4764027368e-06  
   0.542578572662   7.22078515444e-06  
   0.544748909884   6.79440100517e-06  
   0.546927879032   1.93288815369e-05  
   0.549115609922   1.23004902635e-05  
   0.551312070118   1.86822125378e-05  
   0.553517325448    7.0146074568e-06  
   0.555731375711   5.12610309714e-06  
   0.557954321622   1.18502419321e-05  
   0.560186129508   2.64005736683e-06  
    0.56242686716   1.53238952822e-05  
   0.564676568953   1.59241120066e-05  
   0.566935269508   7.17887991976e-06  
   0.569203038998   1.74774645418e-05  
   0.571479842222   1.27667885684e-05  
   0.573765749586   7.55608825388e-06  
   0.576060832897   7.74490804903e-06  
   0.578365056043   2.35225530469e-05  
   0.580678527832   2.99431216589e-05  
   0.583001248583   1.03003371244e-05  
   0.585333255065   1.30551957551e-05  
   0.587674584337   2.22825732552e-05  
   0.590025273757     2.349227257e-05  
   0.592385360989   1.11169578993e-05  
    0.59475492255   1.29304095925e-05  
    0.59713391995   2.43024432835e-05  
   0.599522469205   2.23314180987e-05  
   0.601920570721   3.56816616731e-05  
   0.604328223989   3.13088153421e-05  
   0.606745547913   3.40231959087e-05  
   0.609172542992   1.73571610556e-05  
   0.611609208806   3.22656682909e-05  
   0.614055667248   2.07222009616e-05  
   0.616511877542   1.26472729001e-05  
   0.618977921892   3.46351802977e-05  
    0.62145384213   3.85982313279e-05  
   0.623939680483   3.69492267455e-05  
    0.62643543682    2.7440755945e-05  
   0.628941153152   3.53003700613e-05  
   0.631456915341   3.41638683275e-05  
   0.633982767257   4.48856122773e-05  
   0.636518664907   3.12062990654e-05  
   0.639064739921   4.72109875428e-05  
   0.641621037484   4.02553712085e-05  
   0.644187512807   5.48314896354e-05  
   0.646764255413   3.97924971577e-05  
   0.649351310787   5.66865556303e-05  
   0.651948724887   7.45510074462e-05  
   0.654556497467   6.26745172975e-05  
   0.657174721394   4.74849741213e-05  
   0.659803444093   5.21121271147e-05  
    0.66244266568   6.08982766567e-05  
   0.665092433462   5.91386684317e-05  
   0.667752795259   5.75985585577e-05  
   0.670423799416    5.7866770182e-05  
    0.67310549481   7.84173789241e-05  
   0.675797930866   8.22141825804e-05  
   0.678501107401   7.07468066184e-05  
   0.681215124321   7.72109470815e-05  
   0.683939981772    6.8722669965e-05  
   0.686675730236   7.80534947369e-05  
   0.689422420776   8.06523021695e-05  
   0.692180105052   7.74292206953e-05  
   0.694948835326   0.000113659234547  
   0.697728664482   9.50897491468e-05  
   0.700519539089   0.000105744227985  
   0.703321618534   8.92702800255e-05  
   0.706134903276   9.18503610055e-05  
   0.708959447472   8.60681691988e-05  
   0.711795305937   0.000124039695981  
   0.714642478514   0.000113206617618  
   0.717501076141   0.000127385978027  
   0.720371042598   9.08243728531e-05  
   0.723252546752    0.00013595092032  
   0.726145531988   0.000101937038022  
   0.729050112501   0.000129160786497  
   0.731966346677   0.000139694176468  
   0.734894175957      0.000145219357  
   0.737833776058   0.000130951267205  
   0.740785088054   0.000150619944997  
   0.743748230808   0.000157579107675  
   0.746723265124   0.000137281441624  
   0.749710130124   0.000100539248352  
   0.752708947032    0.00014063423688  
   0.755719839845   0.000129874493138  
   0.758742684465   0.000175542780191  
   0.761777667799   0.000149757713462  
   0.764824790406   0.000153348455264  
   0.767884051683   0.000163307361646  
   0.770955579374   0.000186013986524  
   0.774039438886   0.000152741045751  
   0.777135564917   0.000141185891648  
    0.78024415422   0.000148238785236  
   0.783365074359   0.000196498687516  
   0.786498591855   0.000212394054531  
   0.789644572959   0.000203121446804  
   0.792803152342   0.000189575839748  
   0.795974329745   0.000207073417078  
   0.799158242868    0.00022665054188  
   0.802354892328     0.0002395827695  
   0.805564277528   0.000236249935122  
   0.808786539182   0.000251088185533  
    0.81202167761   0.000172857456083  
    0.81526976432    0.00021367102106  
   0.818530871882   0.000179595557018  
   0.821805000353   0.000211583021612  
   0.825092222719   0.000221220262713  
   0.828392613059   0.000248809796844  
   0.831706171199   0.000240924619363  
   0.835032971668   0.000215381989288  
   0.838373090129   0.000307353241018  
   0.841726603405   0.000267963675378  
   0.845093511678   0.000286971809913  
   0.848473892288   0.000275296785728  
   0.851867744698   0.000297663247345  
   0.855275226474   0.000281479537507  
   0.858696338263   0.000316965565714  
     0.8621311604   0.000281581248021  
   0.865579692848   0.000301684535272  
   0.869042016538    0.00026475009741  
   0.872518130734   0.000310232727632  
   0.876008200591   0.000303705163771  
   0.879512226677   0.000276002115574  
   0.883030293186   0.000300399901655  
   0.886562400028   0.000361582782824  
   0.890108632087   0.000251838659465  
   0.893669075629   0.000303483988727  
   0.897243818335   0.000256608303303  
   0.900832772471   0.000327925925947  
   0.904436113504   0.000305155853599  
   0.908053841492   0.000289148228181  
   0.911686045672   0.000374479585087  
    0.91533281677   0.000318502748309  
   0.918994155003   0.000227077229403  
   0.922670059186   0.000346613332904  
   0.926360807225    0.00028262238113  
   0.930066213277   0.000268097500196  
   0.933786464124   0.000324509407293  
   0.937521655387   0.000269608183106  
   0.941271691238   0.000308803936379  
    0.94503676327   0.000275200167701  
   0.948816969728   0.000232833753473  
   0.952612212787   0.000281550817515  
   0.956422689039   0.000297888103403  
    0.96024839901   0.000397979674175  
   0.964089341764    0.00030073450504  
   0.967945719061   0.000276944379303  
   0.971817531867    0.00029633365973  
   0.975704779678   0.000320110336817  
   0.979607565052   0.000351302370303  
   0.983525992373    0.00029491961743  
    0.98746016788   0.000259648729124  
    0.99140998551   0.000324511213159  
   0.995375550182   0.000347014491906  
   0.999357077529   0.000238327044615  
    1.00335456921   0.000328530829367  
     1.0073679148   0.000290205412682  
    1.01139744463   0.000369695537057  
    1.01544304873   0.000421310433951  
    1.01950483853   0.000280974048378  
    1.02358281331   0.000319985156157  
    1.02767708587   0.000265481764306  
    1.03178788711   0.000337175359787  
    1.03591498602   0.000250613439027  
    1.04005861403   0.000342230204571  
    1.04421888967   0.000289668593567  
     1.0483958139   0.000362728376289  
    1.05258938609   0.000279092671166  
    1.05679972569   0.000289031232949  
    1.06102695441   0.000276610480409  
    1.06527107257   0.000341489745501  
     1.0695320789   0.000304609018969  
    1.07381022173   0.000331133519068  
    1.07810550248   0.000226807964407  
    1.08241792093   0.000304943897379  
    1.08674760389   0.000253164265751  
    1.09109455089   0.000332117804927  
    1.09545895593   0.000235533750301  
    1.09984075394   0.000321596612809  
    1.10424014184   0.000281105019754  
    1.10865712028   0.000387467090641  
    1.11309168825   0.000245075170342  
    1.11754411518   0.000364656388501  
    1.12201426596   0.000318759774811  
    1.12650234506   0.000259961628221  
    1.13100835277   0.000296438178814  
    1.13553235792   0.000262243363698  
    1.14007450061   0.000297963927627  
    1.14463478098   0.000241339563633  
    1.14921334131   0.000327845261344  
    1.15381018168   0.000243151358647  
    1.15842544658   0.000272891406944  
    1.16305913603   0.000373536272759  
    1.16771132256   0.000264711801081  
    1.17238222901   0.000238488756435  
     1.1770717062   0.000296436475496  
    1.18178005487   0.000320405880908  
    1.18650712344   0.000283588929096  
    1.19125314023   0.000290142410505  
    1.19601818322   0.000304712739747  
    1.20080225251   0.000248638751151  
    1.20560542555   0.000286274818564  
     1.2104278603   0.000221507781335  
    1.21526955699   0.000209964844422  
    1.22013067626   0.000225672025088  
    1.22501121851   0.000308885897933  
    1.22991126469   0.000204679837399  
    1.23483089651   0.000229284855986  
    1.23977019641   0.000241841596328  
    1.24472933202   0.000319154104744  
    1.24970821917   0.000313801088066  
    1.25470702642   0.000228845218445  
    1.25972583937   0.000242308024621  
    1.26476474446   0.000193463707269  
    1.26982382899   0.000321751033055  
    1.27490309256    0.00029817610394  
    1.28000271133   0.000249074534817  
    1.28512277523   0.000178752327284  
     1.2902632844   0.000203162363471  
    1.29542432843   0.000293140009205  
    1.30060599784   0.000251050005276  
    1.30580838408   0.000206072151075  
     1.3110316732   0.000223151875018  
    1.31627577206   0.000218345004215  
    1.32154086795   0.000277282958309  
    1.32682705626   0.000268661364753  
    1.33213433675   0.000298255407013  
    1.33746290205   0.000173668416817  
    1.34281275249   0.000226150358647  
    1.34818398535    0.00022910438843  
    1.35357669902   0.000239420167465  
    1.35899099299    0.00017021360517  
    1.36442696787   0.000239724581761  
    1.36988472544   0.000206077945389  
    1.37536426557   0.000207934158722  
    1.38086568994   0.000296065418104  
     1.3863892061   0.000246501308924  
    1.39193470951   0.000281776149807  
    1.39750240935   0.000216898202343  
    1.40309251941   0.000219426786157  
    1.40870482573   0.000201163274216  
    1.41433965025   0.000203782750398  
    1.41999699353   0.000239670828588  
    1.42567696474   0.000200852610882  
    1.43137967438   0.000254144195964  
    1.43710523432   0.000184604185625  
    1.44285364441   0.000169895683041  
    1.44862501663   0.000218193780307  
     1.4544195796   0.000245753133102  
    1.46023721857     0.0002183478304  
    1.46607816418   0.000188283607132  
    1.47194253421    0.00019062953661  
      1.477830329   0.000210776238319  
    1.48374154662   0.000192216106092  
    1.48967654556   0.000190022866802  
    1.49563532798   0.000262477755805  
    1.50161777091   0.000180149375935  
    1.50762424051   0.000204612252469  
    1.51365473797   0.000193391312717  
    1.51970938801   0.000193170170564  
    1.52578819019   0.000163811200416  
    1.53189139745   0.000145455882966  
    1.53801901079   9.10700386676e-05  
    1.54417102887   0.000220545738605  
    1.55034770985   0.000134682698328  
    1.55654905389   0.000231269126556  
    1.56277532485    0.00014138495396  
    1.56902639034   0.000226104374024  
    1.57530251691   0.000257229412293  
    1.58160370472   0.000173862575833  
    1.58793008889   0.000234717927988  
    1.59428180649   0.000208704209271  
    1.60065899655   0.000200239532427  
    1.60706165945   0.000197502702745  
    1.61348993491   0.000229711063226  
    1.61994382173   0.000168793296036  
    1.62642360449   0.000233974949973  
    1.63292928386   0.000227736915235  
    1.63946100449   0.000217563583718  
     1.6460189132   0.000169648826553  
     1.6526028614   0.000234699795419  
    1.65921329316   0.000189924091362  
    1.66585021079   0.000214664380392  
    1.67251361406   0.000198778209828  
    1.67920365382   0.000192606259376  
    1.68592048325   0.000159238654638  
    1.69266410175   0.000178716724838  
    1.69943482084   0.000206503092784  
    1.70623248366   0.000186994463295  
    1.71305740532    0.00028262898228  
     1.7199097473   0.000230326598236  
    1.72678934875   0.000267951315189  
    1.73369653225   0.000232991789285  
    1.74063129799   0.000266748012249  
    1.74759380992   0.000288840372264  
    1.75458423461   0.000232819144879  
    1.76160257222    0.00036138738064  
    1.76864899066   0.000299093397894  
    1.77572348875    0.00029617769564  
    1.78282640892   0.000250697820479  
     1.7899577528   0.000300864571568  
    1.79711751932   0.000401476320822  
    1.80430605936   0.000319299527595  
    1.81152319598   0.000397202277462  
    1.81876928446    0.00037600547614  
    1.82604450707   0.000343715972417  
    1.83334868291   0.000456256312321  
     1.8406819916   0.000595527767354  
    1.84804480185   0.000458049191893  
    1.85543692875   0.000483058730648  
     1.8628585567   0.000623732889896  
    1.87031006382   0.000463359483332  
    1.87779126121   0.000470358930995  
    1.88530253195   0.000440274910217  
    1.89284368298   0.000657063099148  
    1.90041510239    0.00060427081713  
    1.90801679125   0.000783476099555  
    1.91564874769   0.000848235330282  
    1.92331136998   0.000862504118914  
    1.93100465998   0.000802092840267  
    1.93872861661   0.000796589636866  
    1.94648364868   0.000891383519259  
    1.95426955095   0.000760219026821  
    1.96208652804     0.0008365880602  
    1.96993499966   0.000701814428511  
    1.97781475664   0.000739071014307  
    1.98572600968   0.000874917360622  
    1.99366875669   0.000858376345235  
    2.00164342911   0.000825332233254  
    2.00965002913   0.000911391177834  
     2.0176887777     0.0010990274138  
    2.02575945264     0.0010564290399  
    2.03386249764    0.00130326399064  
    2.04199791323    0.00114240595964  
    2.05016592587    0.00148638325884  
    2.05836653531    0.00145676176029  
    2.06659997086    0.00141043054812  
    2.07486646606    0.00144060649904  
    2.08316602235    0.00119836409733  
    2.09149863802    0.00135819181366  
    2.09986454834    0.00150018317032  
    2.10826399303     0.0013949343222  
    2.11669697217    0.00150547189151  
    2.12516397475    0.00132408663568  
    2.13366451009    0.00135557359568  
    2.14219906852    0.00144678447084  
    2.15076790095     0.0014278768328  
    2.15937100899    0.00126238137778  
    2.16800864708    0.00138446788267  
    2.17668055826    0.00166395214718  
    2.18538725457    0.00162167689772  
    2.19412886786    0.00145204093973  
     2.2029053986    0.00146988145588  
    2.21171697719    0.00160277818654  
    2.22056386918    0.00200140748926  
    2.22944607449    0.00166654691079  
     2.2383638626    0.00186961565454  
    2.24731737067    0.00193064923777  
    2.25630659816    0.00158639591308  
    2.26533182065    0.00168993251011  
    2.27439317825    0.00148547259984  
    2.28349081208    0.00181035181725  
    2.29262472114     0.0016454334442  
    2.30179518955    0.00192674107521  
    2.31100236161    0.00154804324394  
    2.32024638274     0.0018485497169  
    2.32952739949     0.0020270391434  
    2.33884555955    0.00185293438105  
     2.3482008616    0.00200840041941  
    2.35759375493    0.00172587291451  
     2.3670240892    0.00174800518579  
    2.37649216717    0.00171706885108  
    2.38599814264    0.00206905120717  
    2.39554217071    0.00194099585451  
    2.40512425024     0.0018969093908  
    2.41474485293    0.00194990277327  
     2.4244038215    0.00192679381521  
    2.43410131268    0.00174655258185  
    2.44383780997    0.00136616673193  
    2.45361315272    0.00167531379434  
    2.46342750192    0.00175817668636  
    2.47328135334     0.0016121559866  
    2.48317437503    0.00147324918268  
    2.49310706713    0.00178295899351  
     2.5030796008    0.00155898025627  
    2.51309180473    0.00145826457132  
    2.52314419199    0.00169589342267  
    2.53323676388    0.00168596799033  
    2.54336969409    0.00162572951095  
      2.553543158    0.00118327790299  
    2.56375733277    0.00155695944602  
    2.57401239734    0.00131684416135  
    2.58430853246    0.00150081787054  
    2.59464573736    0.00158377353491  
    2.60502437702    0.00141930257455  
    2.61544445152    0.00134643694673  
    2.62590614476    0.00118469659857  
    2.63640983195    0.00126826630039  
    2.64695551462    0.00126475417105  
    2.65754319028    0.00126898593749  
    2.66817343412    0.00116734441163  
    2.67884605387    0.00111388553977  
    2.68956143808   0.000944522047213  
    2.70031978513    0.00100123976721  
    2.71112109538   0.000753923808039  
     2.7219655669   0.000958568811233  
    2.73285339999   0.000846272159534  
    2.74378479725   0.000840346361189  
    2.75475996361   0.000816492159023  
    2.76577889803    0.00096296467946  
     2.7768420153    0.00108028702965  
    2.78794952761   0.000983867650294  
    2.79910122283   0.000876853060095  
    2.81029773829   0.000884568670134  
    2.82153886012   0.000645019093228  
    2.83282501905   0.000728399603013  
    2.84415621465   0.000706018833061  
    2.85553288641   0.000586523287146  
     2.8669550358   0.000589870939579  
    2.87842288562   0.000690632831721  
    2.88993666146   0.000766345362675  
    2.90149636242   0.000616052058071  
    2.91310221432   0.000522303857144  
    2.92475467888   0.000431978313482  
    2.93645375843   0.000642260938038  
    2.94819945083   0.000408438017457  
    2.95999246544   0.000489853293147  
    2.97183232698    0.00053785200338  
    2.98371975291   0.000420970847621  
    2.99565450142   0.000350416438696  
    3.00763705757   0.000357380672014  
    3.01966766914    0.00025048697754  
    3.03174633682   0.000249402295997  
     3.0438733091   0.000222520975391  
    3.05604883781   0.000203099034207  
    3.06827292179   0.000343001804281  
    3.08054607218   0.000318059184176  
    3.09286829073   0.000303743218027  
    3.10523983715   0.000240126370158  
       3.11766071   0.000277741405928  
    3.13013143684   0.000291413372505  
     3.1426520194   0.000287184565405  
     3.1552224546    0.00024677669324  
    3.16784328125   0.000201714090684  
    3.18051477514   0.000163165099483  
    3.19323693827   0.000195235256805  
    3.20600976777   0.000128504188889  
    3.21883382034   0.000317048957645  
    3.23170909668   0.000201757839063  
    3.24463587936   0.000148801728604  
    3.25761445513   0.000336138825615  
    3.27064511496   0.000166632710972  
    3.28372756669   0.000237531153409  
    3.29686239202   0.000238718498962  
    3.31004988796   0.000206746064855  
    3.32329005515    0.00013681787627  
    3.33658319242   0.000187066704044  
    3.34992960313   0.000110499535821  
    3.36332928717   0.000175670086704  
    3.37678254987   0.000229682692055  
    3.39028970127   0.000154359373328  
    3.40385105624   0.000121917742978  
    3.41746629822    4.9749039843e-05  
    3.43113637807   0.000161770706391  
    3.44486065569   6.26286971221e-05  
    3.45864009442   9.07944564849e-05  
    3.47247469798   0.000108563022966  
    3.48636479597   8.01058937706e-05  
    3.50031005569   0.000114860079143  
    3.51431147419   7.42369857235e-05  
    3.52836871873   0.000118729542058  
    3.54248212415    0.00014730765955  
    3.55665203068   7.35839176045e-05  
    3.57087878411   7.48019581788e-05  
    3.58516203559   7.38644463714e-05  
    3.59950283138   8.96635277334e-05  
    3.61390082286   1.82053175365e-05  
    3.62835636186   0.000115213763314  
    3.64286980603   0.000133552009955  
    3.65744115459   7.55286009943e-05  
     3.6720711358   9.20669149517e-05  
    3.68675938494   9.76097933335e-05  
    3.70150626634   7.25458335774e-05  
    3.71631252674   3.93471910693e-05  
    3.73117779346   5.81225349136e-05  
    3.74610244067   0.000127693518544  
     3.7610868489   9.13123659257e-05  
    3.77613101678   2.00554516795e-05  
    3.79123572024   5.62610534392e-05  
    3.80640057035   7.72078209015e-05  
    3.82162635332   7.73806775195e-05  
     3.8369126718   6.15853861599e-05  
    3.85226032249   5.95141826407e-05  
    3.86766930695   0.000101353615504  
    3.88314003164   8.09190932475e-05  
    3.89867249609   6.12367425435e-05  
    3.91426752862   4.06530928233e-05  
    3.92992429535   4.13703063994e-05  
    3.94564404997     2.116169294e-05  
    3.96142679819   8.29056606825e-05  
    3.97727253972   2.02647852045e-05  
    3.99318170256   5.18052721478e-05  
    4.00915428459   4.14158430744e-05  
    4.02519071885   8.27282198862e-05  
    4.04129144627    2.1025402476e-05  
     4.0574569158   6.26721451322e-05  
    4.07368668043   2.98943744102e-05  
    4.08998118387                 0.0  
    4.10634133737   2.25427495338e-05  
    4.12276668611   6.13466764738e-05  
    4.13925768777   4.20253642026e-05  
     4.1558148085                 0.0  
    4.17243804884   6.32911669196e-05  
    4.18912788102   2.12244533487e-05  
    4.20588430424   2.18105369597e-05  
    4.22270779694   0.000102844785077  
    4.23959884661   4.37879049731e-05  
    4.25655696277    4.2786742309e-05  
    4.27358312521   6.38795662598e-05  
    4.29067733583   7.88745166395e-05  
    4.30784009553   2.31627825495e-05  
    4.32507140516   4.52417800194e-05  
    4.34237177264   6.80284124586e-05  
    4.35974119784   3.54689307336e-05  
    4.37718045687   7.07597243898e-05  
    4.39468902883   2.34873337341e-05  
    4.41226796031   2.26672712535e-05  
    4.42991698849   4.51637732511e-05  
    4.44763664356   0.000137338639562  
    4.46542719446   2.45819623586e-05  
    4.48328891197   1.21457973015e-05  
    4.50122206872                 0.0  
    4.51922693926   3.43272884312e-05  
    4.53730380009                 0.0  
    4.55545292971   1.83116069273e-05  
    4.57367489354                 0.0  
     4.5919694066   7.63217784713e-05  
    4.61033732575   3.90732433086e-05  
    4.62877865296   2.33722051943e-05  
     4.6472939715                 0.0  
    4.66588298672   4.32938285735e-05  
    4.68454658297                 0.0  
     4.7032847621   2.45157598959e-05  
     4.7220978225                 0.0  
    4.74098637113   2.51134978635e-05  
    4.75995010145    2.5143007623e-05  
    4.77898993408                 0.0  
    4.79810587133   4.21110411957e-05  
    4.81729854038   1.65278175566e-05  
    4.83656762537   8.88153420307e-05  
     4.8559137564                 0.0  
    4.87533757653   1.65124214119e-05  
    4.89483876301   4.95844019385e-05  
    4.91441829106   2.55169059747e-05  
    4.93407583344   5.66711105879e-05  
     4.9538123818                 0.0  
    4.97362760448   1.65506824422e-05  
    4.99352183074   6.02495885953e-05  
    5.01349607765   4.25153353884e-05  
    5.03355000696                 0.0  
    5.05368430539   1.94712600295e-05  
    5.07389897276   3.66249129771e-05  
    5.09419470807   1.65248540688e-05  
    5.11457151245   1.97303206521e-05  
     5.1350297384   4.71089263953e-05  
    5.15556974197                 0.0  
    5.17619188281   2.46943640982e-05  
    5.19689689217   2.47115786612e-05  
    5.21768440439                 0.0  
    5.23855515541   4.48618651294e-05  
    5.25950952014   5.26873734555e-05  
    5.28054749769                 0.0  
    5.30166946194   2.46667667701e-05  
    5.32287617669   2.71828451462e-05  
     5.3441676442   2.45901091138e-05  
    5.36554464285   4.91605237206e-05  
    5.38700678205                 0.0  
    5.40855484569   2.44848249323e-05  
    5.43018883146                 0.0  
     5.4519095384   2.81167568064e-05  
    5.47371737491   2.47253298105e-05  
    5.49561234274   5.15094646625e-05  
    5.51759443527   3.81788819977e-05  
    5.53966489128   8.18456888819e-05  
    5.56182371703   5.41364277046e-05  
    5.58407091037   5.42839769428e-05  
    5.60640731682   3.02346791508e-05  
    5.62883293749   8.38202168124e-05  
    5.65134819992   5.94117494633e-05  
    5.67395353681   2.91629402483e-05  
    5.69664938618   5.35300016765e-05  
    5.71943619141   4.52270590139e-05  
    5.74231350316                 0.0  
     5.7652831125                 0.0  
    5.78834412131                 0.0  
    5.81149743365   6.14371918792e-05  
    5.83474351021   6.07041009906e-05  
    5.85808235018    2.9804379214e-05  
    5.88151488606                 0.0  
    5.90504064664   8.22208955776e-05  
    5.92866105146   7.16535975971e-05  
    5.95237562645   2.96121460237e-05  
    5.97618533246                 0.0  
    6.00008968111   5.93704690924e-05  
    6.02409013633                 0.0  
     6.0481867053                 0.0  
    6.07237938609    5.6442395097e-05  
     6.0966686737   3.02346953938e-05  
    6.12105558018   1.56994148527e-05  
    6.14553959755   6.46319315296e-05  
    6.17012174768   3.33925047413e-05  
    6.19480255328   0.000165791095467  
    6.21958149061   3.26730070464e-05  
    6.24446013397   6.58916809468e-05  
    6.26943795744   3.32203908621e-05  
    6.29451548781   6.28519760412e-05  
    6.31969380334   6.64102908383e-05  
    6.34497236227   5.69829523665e-05  
    6.37035225392                 0.0  
    6.39583347869                 0.0  
    6.42141715049   3.29819500962e-05  
    6.44710271082   3.30567159768e-05  
    6.47289128537   3.20136566627e-05  
    6.49878287572   3.44331106914e-05  
    6.52477805342   3.25423517302e-05  
      6.550876814   3.31203264877e-05  
    6.57708032125   0.000100237892108  
    6.60338857865                 0.0  
    6.62980217829                 0.0  
     6.6563217212   0.000144503163502  
    6.68294660092   0.000107789753058  
    6.70967863407   3.66186735523e-05  
    6.73651721316   7.21664587187e-05  
    6.76346356996   3.60371008833e-05  
    6.79051708144   3.31167761126e-05  
    6.81767899338   6.97866373642e-05  
    6.84494994327   3.67442855453e-05  
    6.87232993526   7.50034300095e-05  
    6.89981896307    3.5966844994e-05  
    6.92741831705                 0.0  
    6.95512800081   3.66252287988e-05  
    6.98294867158    7.3552699327e-05  
    7.01088032757   3.57840299983e-05  
     7.0389236311   3.67731903998e-05  
    7.06707925516   3.56689331476e-05  
    7.09534788362   0.000108095409882  
    7.12372952024   5.42591400896e-05  
    7.15222415796   7.57471247427e-05  
    7.18083318331   6.51376856898e-05  
    7.20955660066   3.83697686754e-05  
    7.23839440342                 0.0  
    7.26734801256   6.19252621368e-05  
     7.2964174335   3.66382437423e-05  
    7.32560339154                 0.0  
     7.3549058873                 0.0  
    7.38432565288   0.000155504145075  
    7.41386268406   2.64209668388e-05  
    7.44351771988   7.82327196146e-05  
    7.47329227265                 0.0  
    7.50318559143                 0.0  
    7.53319843542   4.02338410467e-05  
    7.56333079768   5.67432007287e-05  
    7.59358423039   2.64031308616e-05  
    7.62395874079   4.03432557372e-05  
    7.65445432458   0.000188163306633  
    7.68507177011   2.64521141768e-05  
    7.71581269039   3.22092456838e-05  
    7.74667546895   3.09010863617e-05  
    7.77766254505   0.000189287327788  
    7.80877310258   6.97955467038e-05  
    7.84000796151   4.04272929401e-05  
    7.87136795637   6.81501746703e-05  
    7.90285393657   6.31843110583e-05  
    7.93446505168   9.84355700278e-05  
    7.96620300486   2.63979385785e-05  
    7.99806779953   7.55842249954e-05  
    8.03006030517   8.02054712221e-05  
     8.0621805217   0.000101719444068  
    8.09442932911   3.19857273603e-05  
    8.12680672387   0.000154478395797  
    8.15931359673   3.09616566793e-05  
    8.19195085476    6.4263397433e-05  
    8.22471942171                 0.0  
    8.25761745204   7.16857642074e-05  
    8.29064864545   3.21175692381e-05  
    8.32381114603   4.41803711323e-05  
    8.35710587897   3.88565410894e-05  
    8.39053474565   8.36770019437e-05  
    8.42409679606                 0.0  
    8.45779298527   8.83430398952e-05  
    8.49162428634   3.21927102007e-05  
    8.52559070065   7.69527433193e-05  
    8.55969321454    3.9552627209e-05  
    8.59393182709   3.80216476492e-05  
    8.62830753824   4.41370275634e-05  
    8.66282136702   8.67982305674e-05  
    8.69747229125                 0.0  
    8.73226235834   7.75016598899e-05  
    8.76719105115                 0.0  
    8.80225993308   7.91408616218e-05  
    8.83746900884   4.73672172151e-05  
    8.87281880584   8.89710899422e-05  
    8.90830985498   3.95034139968e-05  
    8.94394323548   9.04772013767e-05  
    8.97971894935   0.000134221965211  
      9.015638092                 0.0  
    9.05170066437   8.42768087158e-05  
    9.08790721605   4.65857303745e-05  
    9.12425886751   9.50803384454e-05  
    9.16075618987   4.57690181727e-05  
     9.1973991825   9.25180294893e-05  
    9.23418841136                 0.0  
    9.27112561745   9.90714516706e-05  
    9.30820963329   4.71409346437e-05  
    9.34544280832   9.63712769978e-05  
    9.38282455567                 0.0  
    9.42035546382                 0.0  
    9.45803734441   4.74033629211e-05  
    9.49586959654   0.000141654732999  
    9.53385282337   5.12211243556e-05  
    9.57198825704   5.05541531911e-05  
    9.61027589683                 0.0  
    9.64871699537   5.10509660018e-05  
    9.68731219181                 0.0  
    9.72606148678                 0.0  
     9.7649655154                 0.0  
    9.80402557306   0.000104288901451  
    9.84324166221   0.000212647683511  
    9.88261443541   5.30680616187e-05  
    9.92214522171   5.00393246041e-05  
    9.96183335024    0.00010369046956  
    10.0016808383                 0.0  
     10.041687693   0.000104873936128  
    10.0818545982   0.000106026007433  
    10.1221815468    0.00010474749611  
    10.1626706261   0.000108464597233  
    10.2033211391                 0.0  
    10.2441344948   0.000567455599819  
