      wave_micron            flux_mjy  
  0.0151862453319                 0.0  
  0.0152415497594                 0.0  
  0.0153025154167                 0.0  
  0.0153637250122                 0.0  
   0.015425180221                 0.0  
  0.0154868810502                 0.0  
  0.0155488291952                 0.0  
  0.0156110246563                 0.0  
    0.01567346915                 0.0  
  0.0157361626703                 0.0  
  0.0157991069548                 0.0  
   0.015862303773                 0.0  
  0.0159257531313                 0.0  
  0.0159894550112                 0.0  
  0.0160534130204                 0.0  
  0.0161176271782                 0.0  
    0.01618209748                 0.0  
  0.0162468257657                 0.0  
  0.0163118139096                 0.0  
  0.0163770600225                 0.0  
  0.0164425678735                 0.0  
  0.0165083393984                 0.0  
  0.0165743726785                 0.0  
  0.0166406696301                 0.0  
  0.0167072322062                 0.0  
  0.0167740623974                 0.0  
  0.0168411572105                 0.0  
   0.016908522642                 0.0  
  0.0169761566919                 0.0  
  0.0170440613842                 0.0  
  0.0171122377454                 0.0  
  0.0171806857636                 0.0  
  0.0172494085612                 0.0  
  0.0173184061489                 0.0  
  0.0173876806522                 0.0  
  0.0174572310007                 0.0  
  0.0175270593267                 0.0  
  0.0175971678042                 0.0  
  0.0176675564402                 0.0  
  0.0177382274428                 0.0  
  0.0178091796948                 0.0  
  0.0178804165444                 0.0  
  0.0179519379969                 0.0  
  0.0180237463309                 0.0  
  0.0180958415518                 0.0  
  0.0181682248063                 0.0  
  0.0182408972502                 0.0  
  0.0183138612366                 0.0  
  0.0183871167722                 0.0  
  0.0184606650422                 0.0  
  0.0185345072419                 0.0  
  0.0186086458034                 0.0  
  0.0186830795002                 0.0  
  0.0187578120217                 0.0  
  0.0188328433799                 0.0  
   0.018908174824                 0.0  
  0.0189838076149                 0.0  
  0.0190597430247                 0.0  
  0.0191359823377                 0.0  
  0.0192125255433                 0.0  
  0.0192893765535                 0.0  
  0.0193665340651                 0.0  
  0.0194439993799                 0.0  
  0.0195217751624                 0.0  
  0.0195998627725                 0.0  
  0.0196782622126                 0.0  
  0.0197569748375                 0.0  
  0.0198360034085                 0.0  
  0.0199153465324                 0.0  
  0.0199950084036                 0.0  
  0.0200749890399                 0.0  
  0.0201552884287                 0.0  
  0.0202359094264                 0.0  
  0.0203168534892                 0.0  
  0.0203981206156                 0.0  
   0.020479713743                 0.0  
  0.0205616313812                 0.0  
  0.0206438779969                 0.0  
  0.0207264536059                 0.0  
  0.0208093597257                 0.0  
  0.0208925978913                 0.0  
  0.0209761680966                 0.0  
  0.0210600718742                 0.0  
  0.0211443123573                 0.0  
  0.0212288895558                 0.0  
  0.0213138050564                 0.0  
   0.021399060464                 0.0  
  0.0214846574026                 0.0  
  0.0215705958681                 0.0  
   0.021656877484                 0.0  
  0.0217435055676                 0.0  
  0.0218304801344                 0.0  
  0.0219178011671                 0.0  
  0.0220054720439                 0.0  
  0.0220934944899                 0.0  
  0.0221818685095                 0.0  
  0.0222705958296                 0.0  
  0.0223596781988                 0.0  
  0.0224491173879                 0.0  
  0.0225389133917                 0.0  
  0.0226290697965                 0.0  
  0.0227195847868                 0.0  
  0.0228104638233                 0.0  
  0.0229017050792                 0.0  
  0.0229933122501                 0.0  
  0.0230852853412                 0.0  
  0.0231776262249                 0.0  
  0.0232703367986                 0.0  
  0.0233634189851                 0.0  
  0.0234568727853                 0.0  
  0.0235507001277                 0.0  
  0.0236449029677                 0.0  
  0.0237394812916                 0.0  
  0.0238344410841                 0.0  
  0.0239297783475                 0.0  
  0.0240254970945                 0.0  
  0.0241215993701                 0.0  
  0.0242180851719                 0.0  
  0.0243149586469                 0.0  
   0.024412217708                 0.0  
  0.0245098665449                 0.0  
  0.0246079051568                 0.0  
   0.024706337828                 0.0  
  0.0248051624068                 0.0  
  0.0249043832227                 0.0  
  0.0250040002793                 0.0  
  0.0251040180052                 0.0  
  0.0252044341848                 0.0  
  0.0253052510271                 0.0  
  0.0254064730603                 0.0  
   0.025508098007                 0.0  
  0.0256101304453                 0.0  
  0.0257125703795                 0.0  
  0.0258154201345                 0.0  
  0.0259186820709                 0.0  
  0.0260223585857                 0.0  
  0.0261264472785                 0.0  
  0.0262309529415                 0.0  
  0.0263358755693                 0.0  
  0.0264412200677                 0.0  
  0.0265469839736                 0.0  
  0.0266531722503                 0.0  
   0.026759784909                 0.0  
  0.0268668244763                 0.0  
  0.0269742909428                 0.0  
  0.0270821894517                 0.0  
  0.0271905174168                 0.0  
  0.0272992800437                 0.0  
   0.027408477344                 0.0  
  0.0275181119692                 0.0  
  0.0276281839109                 0.0  
  0.0277386958433                 0.0  
  0.0278496504844                 0.0  
  0.0279610505974                 0.0  
    0.02807289341                 0.0  
  0.0281851844569                 0.0  
   0.028297926573                 0.0  
  0.0284111169242                 0.0  
  0.0285247611853                 0.0  
  0.0286388622665                 0.0  
  0.0287534172723                 0.0  
   0.028868429072                 0.0  
  0.0289839035587                 0.0  
  0.0290998407737                 0.0  
  0.0292162376922                 0.0  
  0.0293331033349                 0.0  
   0.029450437755                 0.0  
  0.0295682378656                 0.0  
  0.0296865097975                 0.0  
  0.0298052566889                 0.0  
  0.0299244785621                 0.0  
  0.0300441753939                 0.0  
  0.0301643535589                 0.0  
  0.0302850098474                 0.0  
  0.0304061507215                 0.0  
  0.0305277762053                 0.0  
  0.0306498862764                 0.0  
  0.0307724842184                 0.0  
  0.0308955767542                 0.0  
  0.0310191571473                 0.0  
  0.0311432355684                 0.0  
   0.031267808621                 0.0  
  0.0313928797303                 0.0  
  0.0315184488667                 0.0  
  0.0316445230436                 0.0  
  0.0317711023035                 0.0  
   0.031898186641                 0.0  
  0.0320257796335                 0.0  
  0.0321538812643                 0.0  
  0.0322824988477                 0.0  
  0.0324116287246                 0.0  
  0.0325412745672                 0.0  
  0.0326714401172                 0.0  
  0.0328021253768                 0.0  
  0.0329333341384                 0.0  
  0.0330650663953                 0.0  
  0.0331973259923                 0.0  
  0.0333301168478                 0.0  
  0.0334634350245                 0.0  
  0.0335972923954                 0.0  
  0.0337316790047                 0.0  
  0.0338666068614                 0.0  
  0.0340020739821                 0.0  
  0.0341380803297                 0.0  
  0.0342746341343                 0.0  
  0.0344117312592                 0.0  
  0.0345493800619                 0.0  
  0.0346875763345                 0.0  
  0.0348263264174                 0.0  
  0.0349656324733                 0.0  
   0.035105494499                 0.0  
  0.0352459168363                 0.0  
   0.035386899479                 0.0  
  0.0355284490714                 0.0  
  0.0356705611534                 0.0  
  0.0358132446918                 0.0  
  0.0359564974426                 0.0  
  0.0361003239563                 0.0  
  0.0362447242236                 0.0  
  0.0363897028683                 0.0  
  0.0365352622447                 0.0  
  0.0366814023445                 0.0  
  0.0368281279061                 0.0  
  0.0369754413435                 0.0  
   0.037123342652                 0.0  
  0.0372718366889                 0.0  
  0.0374209234529                 0.0  
  0.0375706078835                 0.0  
  0.0377208899839                 0.0  
  0.0378717722387                 0.0  
  0.0380232597152                 0.0  
  0.0381753524251                 0.0  
  0.0383280555238                 0.0  
  0.0384813664089                 0.0  
  0.0386352929064                 0.0  
  0.0387898350439                 0.0  
  0.0389449927899                 0.0  
  0.0391007741739                 0.0  
  0.0392571765096                 0.0  
  0.0394142052156                 0.0  
  0.0395718630527                 0.0  
   0.039730150015                 0.0  
   0.039889068853                 0.0  
  0.0400486251849                 0.0  
  0.0402088218867                 0.0  
  0.0403696560937                 0.0  
  0.0405311335129                 0.0  
  0.0406932599743                 0.0  
  0.0408560325667                 0.0  
  0.0410194571599                 0.0  
  0.0411835337443                 0.0  
  0.0413482683014                 0.0  
  0.0415136608397                 0.0  
  0.0416797143802                 0.0  
  0.0418464350782                 0.0  
  0.0420138198473                 0.0  
  0.0421818748882                 0.0  
  0.0423506033619                 0.0  
  0.0425200052653                 0.0  
  0.0426900869832                 0.0  
  0.0428608452837                 0.0  
  0.0430322898797                 0.0  
  0.0432044175118                 0.0  
  0.0433772347439                 0.0  
  0.0435507449271                 0.0  
  0.0437249480686                 0.0  
   0.043899847521                 0.0  
  0.0440754466782                 0.0  
   0.044251748976                 0.0  
  0.0444287543985                 0.0  
  0.0446064699073                 0.0  
  0.0447848955181                 0.0  
  0.0449640383375                 0.0  
  0.0451438911989                 0.0  
  0.0453244684591                 0.0  
  0.0455057665374                 0.0  
  0.0456877890588                 0.0  
  0.0458705396955                 0.0  
  0.0460540221685                 0.0  
  0.0462382402479                 0.0  
  0.0464231901229                 0.0  
  0.0466088831745                 0.0  
  0.0467953194487                 0.0  
  0.0469825028285                 0.0  
  0.0471704293711                 0.0  
  0.0473591147907                 0.0  
   0.047548551218                 0.0  
  0.0477387425614                 0.0  
  0.0479296968511                 0.0  
   0.048121418203                 0.0  
  0.0483139025256                 0.0  
  0.0485071580195                 0.0  
  0.0487011888768                 0.0  
  0.0488959908834                 0.0  
  0.0490915766829                 0.0  
  0.0492879420471                 0.0  
  0.0494850955426                 0.0  
  0.0496830328255                 0.0  
  0.0498817669577                 0.0  
  0.0500812935832                 0.0  
  0.0502816170811                 0.0  
  0.0504827464078                 0.0  
  0.0506846770853                 0.0  
  0.0508874135835                 0.0  
  0.0510909650607                 0.0  
  0.0512953269164                 0.0  
  0.0515005084112                 0.0  
  0.0517065095584                 0.0  
  0.0519133398359                 0.0  
  0.0521209897077                 0.0  
  0.0523294734927                 0.0  
  0.0525387912309                 0.0  
   0.052748947809                 0.0  
  0.0529599432243                 0.0  
  0.0531717823989                 0.0  
  0.0533844703326                 0.0  
  0.0535980070184                 0.0  
  0.0538124026211                 0.0  
  0.0540276520462                 0.0  
  0.0542437603713                 0.0  
  0.0544607380071                 0.0  
  0.0546785797359                 0.0  
  0.0548972960957                 0.0  
  0.0551168817443                 0.0  
  0.0553373527706                 0.0  
  0.0555586983713                 0.0  
  0.0557809348548                 0.0  
  0.0560040567579                 0.0  
  0.0562280751482                 0.0  
  0.0564529844364                 0.0  
  0.0566787958303                 0.0  
  0.0569055150795                 0.0  
  0.0571331364721                 0.0  
  0.0573616656758                 0.0  
  0.0575911143271                 0.0  
  0.0578214765912                 0.0  
  0.0580527642567                 0.0  
  0.0582849773746                 0.0  
  0.0585181159072                 0.0  
  0.0587521858386                 0.0  
  0.0589871994171                 0.0  
  0.0592231443552                 0.0  
  0.0594600391771                 0.0  
  0.0596978776747                 0.0  
  0.0599366724289                 0.0  
  0.0601764171007                 0.0  
  0.0604171244428                 0.0  
  0.0606587944978                 0.0  
  0.0609014272165                 0.0  
   0.061145029075                 0.0  
  0.0613896133384                 0.0  
  0.0616351734263                 0.0  
  0.0618817092309                 0.0  
  0.0621292410506                 0.0  
  0.0623777552976                 0.0  
  0.0626272656272                 0.0  
  0.0628777720403                 0.0  
   0.063129288554                 0.0  
  0.0633818010893                 0.0  
  0.0636353308644                 0.0  
   0.063889870777                 0.0  
  0.0641454352523                 0.0  
  0.0644020170518                 0.0  
  0.0646596234095                 0.0  
   0.064918261695                 0.0  
  0.0651779318951                 0.0  
   0.065438641478                 0.0  
  0.0657003980535                 0.0  
  0.0659632016714                 0.0  
  0.0662270522815                 0.0  
  0.0664919653869                 0.0  
   0.066757933217                 0.0  
  0.0670249635555                 0.0  
  0.0672930643361                 0.0  
  0.0675622355631                 0.0  
   0.067832481211                 0.0  
  0.0681038134915                 0.0  
  0.0683762283497                 0.0  
   0.068649734011                 0.0  
  0.0689243304506                 0.0  
  0.0692000302551                 0.0  
  0.0694768292185                 0.0  
  0.0697547358146                 0.0  
  0.0700337543427                 0.0  
  0.0703138891334                 0.0  
  0.0705951445493                 0.0  
  0.0708775249857                 0.0  
  0.0711610348713                 0.0  
  0.0714456786688                 0.0  
  0.0717314654303                 0.0  
  0.0720183906152                 0.0  
   0.072306463311                 0.0  
  0.0725956881234                 0.0  
  0.0728860696955                 0.0  
  0.0731776174494                 0.0  
  0.0734703266627                 0.0  
  0.0737642067987                 0.0  
  0.0740592626587                 0.0  
  0.0743554990853                 0.0  
  0.0746529258973                 0.0  
  0.0749515332222                 0.0  
   0.075251340833                 0.0  
  0.0755523488135                 0.0  
  0.0758545571332                 0.0  
  0.0761579759141                 0.0  
  0.0764626051371                 0.0  
  0.0767684551004                 0.0  
  0.0770755310579                 0.0  
  0.0773838330132                 0.0  
   0.077693366195                 0.0  
  0.0780041412693                 0.0  
   0.078316158267                 0.0  
   0.078629422573                 0.0  
  0.0789439396258                 0.0  
   0.079259714919                 0.0  
  0.0795767540021                 0.0  
  0.0798950624814                 0.0  
  0.0802146403258                 0.0  
  0.0805354988643                 0.0  
  0.0808576438804                 0.0  
  0.0811810753857                 0.0  
  0.0815057991484                 0.0  
  0.0818318209987                 0.0  
  0.0821591468305                 0.0  
  0.0824877826019                 0.0  
   0.082817734337                 0.0  
  0.0831490081274                 0.0  
  0.0834816039632                 0.0  
  0.0838155279262                 0.0  
  0.0841507924355                 0.0  
  0.0844873975438                 0.0  
  0.0848253431751                 0.0  
  0.0851646483849                 0.0  
  0.0855053068237                 0.0  
  0.0858473248539                 0.0  
  0.0861907154896                 0.0  
  0.0865354787741                 0.0  
  0.0868816213016                 0.0  
  0.0872291430099                 0.0  
  0.0875780640725                 0.0  
  0.0879283778012                 0.0  
  0.0882800909551                 0.0  
  0.0886332103769                 0.0  
   0.088987742995                 0.0  
  0.0893436887586                 0.0  
  0.0897010688489                 0.0  
  0.0900598690908                 0.0  
  0.0904201109028                 0.0  
  0.0907817943694                 0.0  
  0.0911449194373                 0.0  
  0.0915095007394                 0.0  
  0.0918755382958                 0.0  
  0.0922430395187                 0.0  
  0.0926120119188                 0.0  
  0.0929824554535                 0.0  
  0.0933543853675                 0.0  
  0.0937278094776                 0.0  
  0.0941027200284                 0.0  
  0.0944791246749                 0.0  
  0.0948570471081                 0.0  
  0.0952364714898                 0.0  
  0.0956174217934                 0.0  
  0.0959998899854                 0.0  
  0.0963838840736                 0.0  
  0.0967694204686                 0.0  
  0.0971564992491                 0.0  
  0.0975451287698                 0.0  
  0.0979353090143                 0.0  
  0.0983270483749                 0.0  
  0.0987203553653                 0.0  
  0.0991152386231                 0.0  
  0.0995116981457                 0.0  
  0.0999097426147                 0.0  
    0.10030938084                 0.0  
   0.100710621762                 0.0  
   0.101113465403                 0.0  
   0.101517920754                 0.0  
   0.101923987748                 0.0  
   0.102331684696                 0.0  
   0.102741011658                 0.0  
   0.103151977956                 0.0  
   0.103564583561                 0.0  
   0.103978847424                 0.0  
   0.104394760008                 0.0  
   0.104812340481                 0.0  
   0.105231588867                 0.0  
   0.105652514907                 0.0  
   0.106075128499                 0.0  
   0.106499419612                 0.0  
   0.106925418218                 0.0  
   0.107353124484                 0.0  
   0.107782538416                 0.0  
   0.108213670222                 0.0  
   0.108646519823                 0.0  
   0.109081108043                 0.0  
   0.109517434971                 0.0  
   0.109955500532                 0.0  
   0.110395326059                 0.0  
   0.110836900777                 0.0  
   0.111280257246                 0.0  
   0.111725373653                 0.0  
   0.112172271863                 0.0  
   0.112620963053                 0.0  
   0.113071447266                 0.0  
   0.113523735783                 0.0  
   0.113977828572                 0.0  
   0.114433737023                 0.0  
   0.114891472716                 0.0  
    0.11535103565                 0.0  
   0.115812449396                 0.0  
   0.116275690229                 0.0  
   0.116740793807                 0.0  
   0.117207760277                 0.0  
   0.117676589609                 0.0  
   0.118147293948                 0.0  
   0.118619885655                 0.0  
   0.119094364748                 0.0  
   0.119570743719                 0.0  
   0.120049022526                 0.0  
    0.12052922666                 0.0  
   0.121011343361                 0.0  
   0.121495385402                 0.0  
   0.121981365789                 0.0  
   0.122469297759                 0.0  
   0.122959168018                 0.0  
   0.123451003131                 0.0  
   0.123944816734                 0.0  
   0.124440595291                 0.0  
   0.124938352277                 0.0  
   0.125438101413                 0.0  
   0.125939856671                 0.0  
   0.126443618128                 0.0  
   0.126949385666                 0.0  
   0.127457187735                 0.0  
   0.127967024514                 0.0  
   0.128478881376                 0.0  
   0.128992801948                 0.0  
   0.129508771677                 0.0  
   0.130026805273                 0.0  
   0.130546917724                 0.0  
    0.13106910909                 0.0  
   0.131593379236                 0.0  
   0.132119758725                 0.0  
   0.132648232174                 0.0  
   0.133178830608                 0.0  
   0.133711538364                 0.0  
   0.134246386932                 0.0  
   0.134783368412                 0.0  
   0.135322506858                 0.0  
   0.135863794217                 0.0  
    0.13640724667                 0.0  
   0.136952880717                 0.0  
   0.137500688072                 0.0  
   0.138050693715                 0.0  
   0.138602897709                 0.0  
   0.139157308481                 0.0  
   0.139713934513                 0.0  
   0.140272793062                 0.0  
   0.140833884164                 0.0  
   0.141397216493                 0.0  
   0.141962807704                 0.0  
   0.142530657824                 0.0  
   0.143100784789                 0.0  
    0.14367318862                 0.0  
   0.144247878329                 0.0  
   0.144824872283                 0.0  
   0.145404170505                 0.0  
   0.145985782226                 0.0  
   0.146569726264                 0.0  
   0.147156012234                 0.0  
   0.147744630509                 0.0  
   0.148335609884                 0.0  
   0.148928950407                 0.0  
   0.149524671689                 0.0  
   0.150122763818                 0.0  
   0.150723256556                 0.0  
   0.151326149986                 0.0  
   0.151931454179                 0.0  
   0.152539179298                 0.0  
   0.153149335602                 0.0  
   0.153761933445                 0.0  
    0.15437698328                 0.0  
   0.154994495661                 0.0  
   0.155614470527                 0.0  
   0.156236929183                 0.0  
   0.156861871606                 0.0  
   0.157489319487                 0.0  
   0.158119283907                 0.0  
   0.158751753754                 0.0  
   0.159386762292                 0.0  
   0.160024309612                 0.0  
   0.160664406987                 0.0  
   0.161307065808                 0.0  
   0.161952297587                 0.0  
   0.162600102255                 0.0  
   0.163250503087                 0.0  
   0.163903500077                 0.0  
   0.164559116943                 0.0  
   0.165217353748                 0.0  
   0.165878222483                 0.0  
   0.166541735275                 0.0  
   0.167207904386                 0.0  
   0.167876742216                 0.0  
   0.168548248734                 0.0  
   0.169222436325                 0.0  
   0.169899330296                 0.0  
   0.170578917867                 0.0  
   0.171261237522                 0.0  
   0.171946289458                 0.0  
   0.172634073617                 0.0  
   0.173324602972                 0.0  
   0.174017904054                 0.0  
   0.174713976962                 0.0  
   0.175412835149                 0.0  
   0.176114478504                 0.0  
   0.176818948161                 0.0  
   0.177526216562                 0.0  
   0.178236325294                 0.0  
   0.178949274492                 0.0  
   0.179665064019                 0.0  
   0.180383722267                 0.0  
    0.18110526375                 0.0  
   0.181829673902                 0.0  
   0.182556996418                 0.0  
   0.183287231512                 0.0  
   0.184020379125                 0.0  
    0.18475645402                 0.0  
   0.185495486389                 0.0  
   0.186237461056                 0.0  
   0.186982408495                 0.0  
   0.187730344282                 0.0  
   0.188481268478                 0.0  
    0.18923519671                 0.0  
    0.18999212884                 0.0  
   0.190752096649                 0.0  
   0.191515116419                 0.0  
    0.19228117193                 0.0  
   0.193050295632                 0.0  
   0.193822487473                 0.0  
   0.194597780629                 0.0  
   0.195376175252                 0.0  
   0.196157688231                 0.0  
   0.196942319531                 0.0  
    0.19773008612                 0.0  
   0.198521005214                 0.0  
   0.199315094279                 0.0  
   0.200112353314                 0.0  
    0.20091279988                 0.0  
   0.201716451797                 0.0  
   0.202523308997                 0.0  
   0.203333407701                 0.0  
   0.204146748093                 0.0  
   0.204963330048                 0.0  
   0.205783171868                 0.0  
   0.206606311029                 0.0  
   0.207432728761                 0.0  
   0.208262462965                 0.0  
   0.209095513742                 0.0  
   0.209931900383                 0.0  
   0.210771622814                 0.0  
   0.211614720282                 0.0  
   0.212461173033                 0.0  
   0.213311020775                 0.0  
   0.214164263564                 0.0  
   0.215020921596                 0.0  
   0.215880994763                 0.0  
    0.21674452421                 0.0  
   0.217611510156                 0.0  
   0.218481952493                 0.0  
   0.219355872072                 0.0  
   0.220233311555                 0.0  
   0.221114228075                 0.0  
   0.221998686117                 0.0  
   0.222886685943                 0.0  
   0.223778227476                 0.0  
   0.224673354985                 0.0  
   0.225572046251                 0.0  
   0.226474323402                 0.0  
   0.227380231819                 0.0  
   0.228289748794                 0.0  
   0.229202897043                 0.0  
   0.230119723105                 0.0  
   0.231040203786                 0.0  
   0.231964362419                 0.0  
   0.232892222738                 0.0  
   0.233823784687                 0.0  
   0.234759072245                 0.0  
   0.235698109808                 0.0  
   0.236640897408                 0.0  
   0.237587459704                 0.0  
   0.238537821784                 0.0  
   0.239491983793                 0.0  
   0.240449945509                 0.0  
   0.241411732136                 0.0  
   0.242377395329                 0.0  
   0.243346883189                 0.0  
    0.24432027388                 0.0  
   0.245297567815                 0.0  
   0.246278765038                 0.0  
    0.24726386522                 0.0  
   0.248252922202                 0.0  
   0.249245936192                 0.0  
   0.250242934734                 0.0  
   0.251243889998                 0.0  
   0.252248857367                 0.0  
   0.253257865238                 0.0  
   0.254270885298                 0.0  
   0.255287974471                 0.0  
   0.256309132972                 0.0  
   0.257334360629                 0.0  
   0.258363715964                 0.0  
   0.259397169641                 0.0  
   0.260434751023                 0.0  
   0.261476490028                 0.0  
   0.262522386629                 0.0  
   0.263572471153                 0.0  
   0.264626774498                 0.0  
   0.265685265663                 0.0  
   0.266748006725                 0.0  
   0.267814997867                 0.0  
   0.268886270863                 0.0  
   0.269961825843                 0.0  
   0.271041662523                 0.0  
   0.272125829369                 0.0  
   0.273214342954                 0.0  
   0.274307186659                 0.0  
   0.275404426841                 0.0  
   0.276506046976                 0.0  
   0.277612063688                 0.0  
   0.278722510916                 0.0  
   0.279837405931                 0.0  
   0.280956748664                 0.0  
   0.282080573835                 0.0  
     0.2832088991                 0.0  
   0.284341742253                 0.0  
   0.285479103186                 0.0  
   0.286621017715                 0.0  
    0.28776750405                 0.0  
   0.288918580543                 0.0  
   0.290074247075                 0.0  
   0.291234540623                 0.0  
   0.292399479992                 0.0  
   0.293569084143                 0.0  
   0.294743352973                 0.0  
   0.295922324686                 0.0  
   0.297106018732                 0.0  
    0.29829443504                 0.0  
    0.29948761278                 0.0  
   0.300685571921                 0.0  
   0.301888312441                 0.0  
    0.30309587452                 0.0  
   0.304308258181                 0.0  
   0.305525483642                 0.0  
   0.306747592131                 0.0  
   0.307974583754                 0.0  
   0.309206479307                 0.0  
   0.310443299785                 0.0  
   0.311685066389                 0.0  
   0.312931822196                 0.0  
   0.314183545656                 0.0  
   0.315440280101                 0.0  
   0.316702047589                 0.0  
   0.317968848024                 0.0  
   0.319240725932                 0.0  
   0.320517681318                 0.0  
    0.32179975953                 0.0  
   0.323086960685                 0.0  
   0.324379307693                 0.0  
   0.325676823708                 0.0  
   0.326979532134                 0.0  
   0.328287432778                 0.0  
   0.329600597068                 0.0  
   0.330919001291                 0.0  
   0.332242669315                 0.0  
   0.333571649902                 0.0  
   0.334905918403                 0.0  
   0.336245548955                 0.0  
   0.337590541904                 0.0  
   0.338940897082                 0.0  
   0.340296665061                 0.0  
   0.341657845854                 0.0  
   0.343024491036                 0.0  
   0.344396574568                 0.0  
   0.345774174887                 0.0  
   0.347157265742                 0.0  
   0.348545900161                 0.0  
   0.349940078147                 0.0  
   0.351339826487                 0.0  
   0.352745199837                 0.0  
   0.354156170793                 0.0  
   0.355572794473                 0.0  
   0.356995099023                 0.0  
   0.358423056085                 0.0  
   0.359856750479                 0.0  
   0.361296182545                 0.0  
   0.362741381197                 0.0  
   0.364192346371                 0.0  
   0.365649107033                 0.0  
   0.367111692529                 0.0  
   0.368580162657                 0.0  
   0.370054457347                 0.0  
   0.371534697329                 0.0  
   0.373020821886                 0.0  
   0.374512922982                 0.0  
   0.376010969812                 0.0  
   0.377514993083                 0.0  
   0.379025055715                 0.0  
   0.380541157981                 0.0  
    0.38206333188                 0.0  
   0.383591577294                 0.0  
   0.385125959166                 0.0  
   0.386666444678                 0.0  
   0.388213132782                 0.0  
   0.389765956915                 0.0  
   0.391325051123                 0.0  
   0.392890348197                 0.0  
   0.394461915901                 0.0  
   0.396039754161                 0.0  
   0.397623897285                 0.0  
   0.399214415358                 0.0  
   0.400811273444                 0.0  
   0.402414506544                 0.0  
   0.404024150177                 0.0  
   0.405640240394                 0.0  
   0.407262813787                 0.0  
   0.408891870496                 0.0  
    0.41052744734                 0.0  
   0.412169544098                 0.0  
   0.413818235712                 0.0  
   0.415473484303                 0.0  
   0.417135404168                 0.0  
   0.418803918566                 0.0  
   0.420479143282                 0.0  
    0.42216107887   3.76588356747e-06  
   0.423849725244                 0.0  
    0.42554512175                 0.0  
   0.427247308353                 0.0  
   0.428956284932                 0.0  
   0.430672091755   2.13198936577e-06  
   0.432394811114   2.13504969419e-06  
   0.434124360447                 0.0  
   0.435860864087                 0.0  
   0.437604322571                 0.0  
   0.439354735776                 0.0  
   0.441112145969   3.97286431074e-06  
    0.44287659611   4.17996882889e-06  
   0.444648086107    5.0360856953e-06  
   0.446426703405                 0.0  
   0.448212404196   2.41741168935e-06  
   0.450005232208   2.72537196495e-06  
   0.451805277075   4.85252775017e-06  
    0.45361249401   7.74314312205e-06  
   0.455426927892   1.09171958687e-05  
    0.45724867063   7.00095775741e-06  
    0.45907762982   7.19696346177e-06  
    0.46091394446   5.74376689009e-06  
   0.462757615155   7.76846305074e-06  
   0.464608641808   2.12576550068e-06  
   0.466467071771                 0.0  
   0.468332953209   7.86880231975e-06  
   0.470206286192   1.02887069328e-05  
   0.472087119393   4.59005033173e-06  
   0.473975452618   5.18602701101e-06  
   0.475871335061   2.42995270286e-06  
   0.477774816778   4.95215848486e-06  
    0.47968594871   5.04127033354e-06  
   0.481604680029   5.41304572894e-06  
   0.483531112768   1.12310198857e-05  
   0.485465247193   3.27294687024e-06  
   0.487407082836   1.89823931591e-05  
    0.48935672447   2.67322866469e-06  
   0.491314119229   1.28388232872e-05  
   0.493279373346   1.17385690661e-05  
   0.495252541446   1.56150875953e-05  
   0.497233514987   2.29697484297e-05  
   0.499222456958   1.52356802853e-05  
   0.501219368051   1.21923659685e-05  
   0.503224248203   1.56276749836e-05  
   0.505237153073   1.23949629454e-05  
   0.507258082401   1.21191333839e-05  
   0.509287092547   1.51632349484e-05  
   0.511324240917    1.5479044787e-05  
   0.513369527656   1.82939489066e-05  
    0.51542301092   2.88481883579e-05  
   0.517484749951   6.80387245868e-06  
   0.519554685619    6.8752400842e-06  
    0.52163287653   1.98119885095e-05  
   0.523719382401   1.59868749447e-05  
   0.525814264075    6.5400978783e-06  
   0.527917521869   1.04316128459e-05  
    0.53002921747   2.72012647187e-05  
   0.532149351069   2.43063399621e-05  
   0.534277922046   2.01005711932e-05  
   0.536415056314   2.79075346423e-05  
   0.538560690453    1.5159143827e-05  
   0.540714952292   5.94633909974e-06  
   0.542877809892   2.19940712614e-05  
   0.545049328073   3.44510296149e-05  
   0.547229506639   2.70440056452e-05  
    0.54941844476   1.41071708708e-05  
   0.551616109283   2.59830806774e-05  
   0.553822566959    1.4061575794e-05  
   0.556037851638   3.46244101835e-05  
   0.558261997412    1.8738851905e-05  
   0.560495073378   4.52347264158e-05  
   0.562737044876   2.74940135835e-05  
   0.564987981235   4.02293509099e-05  
   0.567247953161    4.2133726802e-05  
   0.569516925098   2.71681453295e-05  
   0.571795004185   3.63435094807e-05  
    0.57408219074   3.29455662873e-05  
   0.576378520968   5.09139948378e-05  
   0.578684031361   7.44732567479e-06  
   0.580998758706   2.50381742439e-05  
    0.58332274009   2.73274287357e-05  
   0.585656050859   2.06876116891e-05  
   0.587998653113   4.37774489619e-05  
   0.590350661093    3.4778591626e-05  
   0.592712075199   2.92201884347e-05  
   0.595082894929    2.6743462803e-05  
   0.597463237368     3.492932231e-05  
   0.599853103008   3.98674847941e-05  
   0.602252491434   3.53676632394e-05  
   0.604661522677   3.22690465296e-05  
   0.607080156581   1.82203518762e-05  
   0.609508474096   4.97142580373e-05  
   0.611946516412   2.77269944752e-05  
   0.614394325111   5.45089002511e-05  
   0.616851900062   4.65510838857e-05  
   0.619319282636    2.5336733183e-05  
   0.621796557381   2.29568630844e-05  
   0.624283767493   4.23670099106e-05  
   0.626780869656   3.48130301061e-05  
   0.629287993483    3.8620203621e-05  
    0.63180518347   6.81198942053e-05  
   0.634332395511   4.46688696058e-05  
   0.636869717762   5.15755087109e-05  
   0.639417195011   6.61543855126e-05  
   0.641974872512   2.95203363175e-05  
   0.644542750024   4.78290028273e-05  
   0.647120918993   3.45043260298e-05  
   0.649709426118   8.02655439983e-05  
   0.652308271514   6.65051523512e-05  
   0.654917501763   6.33764849164e-05  
   0.657537163955   7.09584694683e-05  
   0.660167305694   6.37744432254e-05  
    0.66280797511   7.00338175705e-05  
   0.665459220872   5.27803359524e-05  
   0.668121042799   7.38712094623e-05  
    0.67079353927   3.26496377205e-05  
   0.673476710427   5.50499931703e-05  
   0.676170605981   4.21434509929e-05  
   0.678875276214   4.07692147267e-05  
   0.681590771994   8.79813729501e-05  
   0.684317144785   5.18735550257e-05  
   0.687054446662   0.000113654677118  
    0.68980262501   9.46075513497e-05  
   0.692561836779   9.22645311322e-05  
   0.695332082421   9.17851922449e-05  
   0.698113415263   6.81408017331e-05  
   0.700905889283   8.59902001418e-05  
   0.703709504325   4.82158286342e-05  
   0.706524369631   8.47319077483e-05  
   0.709350429842   7.99749454985e-05  
   0.712187851239   0.000110286478636  
   0.715036578075   0.000104645774067  
   0.717896722797   5.81725266222e-05  
   0.720768342898   0.000146224102767  
   0.723651380715   0.000103228667671  
   0.726546009278    0.00011201044832  
    0.72945217056    8.2835497729e-05  
   0.732369981607   9.57272907871e-05  
   0.735299502293   0.000122014400622  
   0.738240672671   0.000116715150121  
   0.741193612111   7.29751753145e-05  
   0.744158442711   9.95443585465e-05  
   0.747135042275   0.000100257192392  
   0.750123594847   0.000143087556344  
   0.753124100979   0.000196192625181  
   0.756136560078   0.000134679241679  
   0.759161097933   0.000208135387482  
    0.76219777895   0.000198229631383  
   0.765246538827   0.000111794448867  
   0.768307571306   0.000138545852572  
   0.771380745977   0.000101009673866  
   0.774466325285   0.000178346135861  
   0.777564177525   0.000101762018007  
    0.78067443531   0.000215380448218  
   0.783797098384   0.000165614567875  
   0.786932302339   0.000175014836955  
   0.790080047785   0.000192082497582  
   0.793240334132   0.000169513712987  
   0.796413299943   0.000169199139003  
   0.799598945532   0.000142523047347  
   0.802797341314   0.000161190533057  
   0.806008558748   0.000108246246429  
   0.809232597891   0.000202574623293  
    0.81246953061   0.000167410999148  
   0.815719429854   0.000196249663467  
    0.81898229545   0.000174956556498  
   0.822258200786   0.000194922009643  
   0.825547220369   0.000289635270579  
   0.828849429845   0.000194180610188  
   0.832164829396   0.000275073357334  
   0.835493495177   0.000255437779057  
   0.838835426658   0.000208060378203  
   0.842190778997   0.000240155375099  
    0.84555955283   0.000299076840878  
   0.848941827263   0.000222028128071  
   0.852337602258    0.00022654141057  
    0.85574695751   0.000232219485502  
   0.859169892294   0.000217330013219  
   0.862606569239   0.000295485540403  
   0.866056988902   0.000255322588909  
   0.869521234191   0.000242430373813  
   0.872999305016   0.000246154022745  
   0.876491284963   0.000157675203684  
   0.879997258979   0.000277665364086  
   0.883517313402   0.000275350497883  
   0.887051361841   0.000299847153611  
    0.89059957708   0.000221507764164  
   0.894161959174   0.000450375718304  
   0.897738595996   0.000274988042514  
   0.901329576884   0.000248788906452  
   0.904934902051   0.000316169152815  
    0.90855457033   0.000260746685199  
   0.912188855376   0.000243272676851  
    0.91583757419   0.000240978725179  
   0.919500910695   0.000238330833418  
    0.92317895905   0.000274267825307  
   0.926871624892   0.000285169922269  
   0.930579096884   0.000151782946255  
   0.934301471767   0.000281034479437  
   0.938038653215   0.000239704505084  
   0.941790834809   0.000218686203313  
   0.945558017068   0.000242417084646  
   0.949340199073   0.000360511601552  
   0.953137579495   0.000202019251937  
   0.956950159285    0.00021660073742  
   0.960777937946   0.000230225631179  
   0.964621016469   0.000218972688863  
   0.968479497641   0.000198016594748  
   0.972353486075   0.000130831739308  
    0.97624287733   0.000238393529123  
   0.980147774721   0.000281454698515  
   0.984068390582   0.000155322316116  
   0.988004726545   0.000158399821421  
   0.991956673874   0.000197274343956  
   0.995924557853   0.000194499987003  
    0.99990827019   0.000204856046059  
     1.0039079206   0.000174173910803  
    1.00792350839   0.000188293231212  
    1.01195514463   0.000176087832322  
    1.01600305669   0.000238897508576  
    1.02006701708   0.000202471209754  
     1.0241472537   0.000152510570154  
    1.02824388327   0.000239424551572  
    1.03235690673   0.000221018454014  
    1.03648632346   0.000175850116961  
    1.04063225109   0.000204656257303  
    1.04479480945   0.000220440957438  
    1.04897399887   0.000137673625335  
     1.0531698181   0.000108065208649  
    1.05738251166   0.000101210338183  
    1.06161208096    9.6322773797e-05  
    1.06585852578   0.000177358685162  
    1.07012197099   0.000183828900514  
    1.07440241613   0.000202607381878  
    1.07870005221   0.000131693271431  
    1.08301481519   0.000212287827987  
    1.08734689895   0.000234904185312  
    1.09169630414   0.000136808755994  
    1.09606302978    0.00014546184371  
    1.10044734116   0.000134095445165  
    1.10484910523   0.000134501812664  
    1.10926852335   0.000185300125648  
     1.1137055958   0.000130922121029  
    1.11816039035   0.000175363571084  
    1.12263304497   0.000163773535025  
    1.12712355978   9.68252385127e-05  
    1.13163207491   0.000152549994938  
    1.13615859041   0.000180514447203  
    1.14070324858   0.000182057472013  
    1.14526604943   0.000159124201502  
    1.14984706437   7.38275455095e-05  
    1.15444651285   0.000217159634254  
    1.15906424797   0.000156840138942  
    1.16370056586   0.000116179105778  
    1.16835531727   0.000144597928945  
    1.17302872701   0.000116893942416  
    1.17772087188   0.000175950173079  
    1.18243175198   0.000102824238612  
    1.18716144357   0.000130114744909  
    1.19191010218    0.00015601980321  
    1.19667772807    0.00010974801458  
     1.2014644794    0.00025056884035  
    1.20627035656   0.000164538049892  
    1.21109543928   0.000170133639062  
      1.215939808    0.00012399480438  
    1.22080354391   0.000162188965478  
    1.22568681206   0.000162185469479  
     1.2305895296   0.000188751730577  
    1.23551186248   0.000151681762199  
    1.24045389501   0.000187862276115  
     1.2454157123   0.000104509735768  
     1.2503974003   0.000139174287338  
    1.25539895864   0.000129988290125  
    1.26042056078   0.000262860124106  
    1.26546229526   0.000197230369809  
    1.27052416224   0.000146140681312  
    1.27560624992   0.000173286262693  
    1.28070864744   0.000123123702864  
    1.28583144485   0.000261026497251  
    1.29097482537   0.000192125827639  
    1.29613869727   0.000210751513763  
    1.30132324497   0.000241772856299  
    1.30652856241   0.000172252322256  
    1.31175464935   0.000253208784626  
    1.31700169547   0.000157599218091  
     1.3222697011   0.000212563241178  
    1.32755876203   0.000245138189257  
    1.33286897515   0.000366833809289  
    1.33820043842   0.000145567060419  
    1.34355325091   0.000178923147381  
    1.34892751285   0.000213578148701  
    1.35432322412   0.000170795831039  
    1.35974048482    0.00024799759769  
    1.36517949934   0.000196622816957  
    1.37064016475    0.00021082696059  
      1.376122687   0.000246074785844  
    1.38162727663   0.000234850038153  
    1.38715372296   0.000154121501925  
    1.39270234299   0.000124216259905  
    1.39827313727   0.000132070026857  
    1.40386621331   0.000223185943727  
    1.40948167992   0.000209863683752  
    1.41511964725   0.000227873657842  
    1.42078011516    0.00020476680613  
    1.42646319391   9.18299884484e-05  
    1.43216910863    0.00018741734302  
    1.43789774632   0.000179987694304  
    1.44364933409   0.000193065817634  
    1.44942398792   0.000161160563029  
    1.45522170815   0.000271432557198  
    1.46104249287   0.000149365533978  
     1.4668866951   0.000245375633808  
    1.47275431694   0.000284694499881  
    1.47864523734   0.000279790018488  
    1.48455981683   0.000213374954624  
    1.49049805659   0.000148444214443  
    1.49646007942   0.000232326784213  
    1.50244588491   0.000249982179935  
    1.50845572211   0.000283790188674  
    1.51448959202    0.00023427278999  
    1.52054749331   0.000335766855796  
     1.5266296802   0.000224418942845  
    1.53273615283   0.000101032821734  
    1.53886717105   0.000355202239204  
    1.54502260448   0.000226741894534  
    1.55120271558   0.000214855512798  
    1.55740750452   0.000286334853186  
    1.56363710436   0.000275873736669  
    1.56989165006   0.000154201944428  
    1.57617127854   0.000272440616101  
    1.58247599015   0.000320872353041  
    1.58880592249    0.00026966873704  
    1.59516107439   0.000332590815237  
    1.60154172603   0.000296503372209  
    1.60794787812   0.000287620551259  
    1.61437967308    0.00036455515674  
    1.62083725547   0.000256704824592  
    1.62732047899   0.000343239009455  
    1.63382978091   0.000380697828115  
     1.6403651635   0.000254608347649  
    1.64692662655   0.000354374502435  
    1.65351431859   0.000222945424771  
    1.66012839044    0.00015249660938  
    1.66676884154    0.00037148366197  
    1.67343597864   0.000360615573544  
    1.68012964726   0.000353150967448  
     1.6868501577    0.00026397712882  
    1.69359766897   0.000305434521423  
    1.70037202268     0.0003235776627  
    1.70717353647   0.000256167692626  
    1.71400221054   0.000399224256228  
    1.72085820633   0.000278476940286  
    1.72774168785   0.000304145133388  
    1.73465265526   0.000353495441986  
    1.74159127391   0.000373941071709  
    1.74855754262   0.000620534996668  
    1.75555179861   0.000477024190303  
    1.76257404347   0.000457753284017  
    1.76962427614   0.000236622611052  
    1.77670284213   0.000488418220897  
    1.78380956722   0.000555731903487  
    1.79094480125   0.000478359053863  
    1.79810872371   0.000602460446668  
    1.80530115645    0.00052051556761  
    1.81252227635    0.00036684816531  
    1.81977244648   0.000643828285062  
    1.82705148476   0.000563555597953  
    1.83435957276   0.000493826295688  
    1.84169708283   0.000491191579316  
    1.84906382895   0.000664082095105  
    1.85646018835   0.000658039840191  
     1.8638859709   0.000681476714855  
    1.87134155879   0.000827749338585  
    1.87882695303   0.000724265469386  
    1.88634215182   0.000793006547686  
    1.89388754731    0.00077012985663  
    1.90146314133   0.000817480160655  
    1.90906893284   0.000611809471509  
    1.91670532438   0.000911350094526  
    1.92437211384   0.000739036104628  
    1.93206950273   0.000742840782693  
    1.93979790433   0.000737882559514  
    1.94755711267    0.00115181720113  
    1.95534733522    0.00113349042433  
    1.96316856994   0.000959056871189  
    1.97102124165    0.00107753261214  
    1.97890535251    0.00105518923641  
    1.98682112011    0.00107177955164  
    1.99476832565    0.00108842571772  
    2.00274740602    0.00104676977756  
    2.01075836178    0.00107025618336  
    2.01880141589    0.00115707859642  
    2.02687656812     0.0012902105719  
    2.03498404427    0.00127020511461  
    2.04312407431    0.00133273759224  
    2.05129665965    0.00155177125507  
     2.0595017986    0.00171586792722  
    2.06773972286     0.0014309157412  
    2.07601066845     0.0015690691397  
    2.08431463547    0.00157604922618  
    2.09265210542    0.00146916592834  
    2.10102259513    0.00140948366433  
    2.10942658742    0.00158992286874  
    2.11786432936    0.00122917171911  
    2.12633582256    0.00174049814759  
    2.13484131755    0.00164604138077  
     2.1433805613    0.00231410513676  
    2.15195405802    0.00212119127692  
    2.16056193754    0.00204805417482  
    2.16920420033    0.00212941947979  
    2.17788097479    0.00175230286931  
     2.1865925224    0.00195112264218  
    2.19533884309    0.00262884023698  
    2.20412020221     0.0021385757229  
    2.21293673483     0.0018288591964  
    2.22178844042    0.00208167671749  
    2.23067559034    0.00209383309435  
    2.23959832256    0.00249925156117  
    2.24855677603    0.00260102243015  
    2.25755094977    0.00240029384603  
    2.26658112356    0.00303983536941  
    2.27564743949    0.00293982515575  
    2.28475004076    0.00289453401024  
    2.29388907166    0.00274132469892  
    2.30306467764    0.00265886229332  
    2.31227685738    0.00219053194643  
    2.32152605332     0.0028615537778  
    2.33081211742     0.0029895315786  
    2.34013534778     0.0028259915234  
    2.34949589586    0.00312129035643  
     2.3588939144    0.00236227647666  
    2.36832940228    0.00312765548696  
    2.37780282395    0.00268534179706  
    2.38731402457    0.00246699764079  
    2.39686315846    0.00303317041389  
    2.40645070173    0.00289539713717  
    2.41607649617    0.00245899121795  
    2.42574070034    0.00245503564938  
    2.43544380238     0.0026490282124  
    2.44518547545    0.00264679309273  
    2.45496621204    0.00286666416509  
    2.46478618067     0.0028580922932  
    2.47464521268    0.00307531301449  
    2.48454381326    0.00270636999827  
    2.49448198371    0.00268914727041  
    2.50445989506     0.0027443385343  
       2.51447772    0.00258232833187  
    2.52453563299     0.0028930963251  
    2.53463381022    0.00260954967535  
    2.54477242968    0.00250359862808  
    2.55495149062    0.00213383848118  
    2.56517135243    0.00261313253823  
    2.57543201517    0.00256568537625  
    2.58573365996     0.0028642868222  
    2.59607665626    0.00267208489494  
    2.60646100556    0.00261651898967  
    2.61688670542    0.00222482770262  
    2.62735432224    0.00223997130824  
    2.63786366667    0.00295095740778  
    2.64841512134    0.00257961248859  
    2.65900888157    0.00244081975418  
    2.66964494773    0.00232141663317  
    2.68032351485    0.00227654455049  
    2.69104478018    0.00260839955407  
    2.70180894321    0.00232042854324  
    2.71261620574    0.00229112704383  
    2.72346656674    0.00189480938504  
    2.73436043466    0.00238618803474  
    2.74529801844    0.00223290833125  
     2.7562791092     0.0020410442668  
    2.76730433452    0.00145228589033  
    2.77837348379    0.00171909120081  
    2.78948698116    0.00136432101173  
    2.80064482621    0.00121995467546  
     2.8118474517    0.00176910152645  
    2.82309485907    0.00178609512027  
    2.83438726773    0.00160903939392  
    2.84572489981    0.00148741799685  
    2.85710775442    0.00135554133296  
    2.86853605393    0.00196659717613  
      2.880010253    0.00225084088288  
    2.89153035391   0.000980331147114  
    2.90309635457    0.00157891222443  
    2.91470895348    0.00174061836207  
    2.92636768263     0.0012233981397  
    2.93807324851    0.00124333618899  
    2.94982541299   0.000954797112233  
    2.96162465374    0.00127065037811  
    2.97347121472    0.00110432170221  
    2.98536509663    0.00151870426266  
    2.99730654414      0.001130677009  
    3.00929580525     0.0011500730688  
    3.02133287881    0.00119171221658  
    3.03341826813   0.000994106541931  
    3.04555197494    0.00091582491885  
    3.05773425498   0.000707225032374  
    3.06996510682   0.000718311079741  
    3.08224504996   0.000854560262253  
    3.09457408611    0.00104622197861  
    3.10695221222   0.000665670370937  
    3.11937995887   0.000994984283325  
    3.13185759762    0.00088940646483  
    3.14438513044   0.000803446531439  
    3.15696255453    0.00069519944621  
    3.16959041803   0.000724384719315  
    3.18226872167   0.000850842606721  
    3.19499774367    0.00073074633718  
     3.2077777664   0.000561570884228  
    3.22060907639   0.000439719526649  
    3.23349138593   0.000518212914394  
    3.24642526784   0.000607337417606  
    3.25941101458   0.000651368295583  
    3.27244862677   0.000641079314408  
    3.28553839867   0.000374142722422  
    3.29868062902   0.000597376511286  
    3.31187531768   0.000571647211396  
    3.32512276534   0.000420011888437  
    3.33842327728   0.000406676225418  
    3.35177716355   0.000640369150921  
    3.36518411244   0.000587896922356  
    3.37864506026   0.000548953565921  
    3.39215937671   0.000356111336639  
    3.40572801038   0.000473306727621  
    3.41935096495   0.000440430349383  
    3.43302856495   0.000311953348886  
     3.4467604828   0.000346723490412  
    3.46054770028   0.000131728889048  
    3.47438988975   0.000404105057883  
    3.48828738091   0.000411335480183  
    3.50224050881   0.000310142412201  
    3.51624961393   0.000163212704314  
    3.53031435276   0.000305198796871  
    3.54443575556    0.00026227709733  
    3.55861347905   0.000172462222892  
    3.57284786965   0.000243275543608  
    3.58713927957   0.000176674992899  
    3.60148770802   0.000187685781648  
    3.61589387213   0.000231931222652  
    3.63035741275   0.000324527495644  
    3.64487868866    0.00024856806875  
    3.65945843514   0.000232990486855  
    3.67409628525   0.000262240487576  
     3.6887926074   0.000385959112247  
    3.70354777632   0.000142752599863  
    3.71836179065   0.000215153551458  
    3.73323541447   0.000385215541625  
    3.74816826477   0.000269853044472  
    3.76316111576   0.000252958674192  
    3.77821357615   0.000156676750052  
    3.79332643045   0.000313868164552  
    3.80849968022    0.00020309222906  
    3.82373372567   0.000141501761499  
    3.83902856636    0.00024812420511  
    3.85438501793   0.000144314664811  
    3.86980225926   8.65162035334e-05  
    3.88528152486   0.000282560509876  
    3.90082282035   0.000110458199925  
    3.91642614544   6.46873366277e-05  
     3.9320919216   9.48807715759e-05  
    3.94782014671    0.00015475540616  
    3.96361124722   8.57648484584e-05  
     3.9794656573   0.000182096437753  
    3.99538381902   0.000160494545335  
    4.01136529223   0.000181755989515  
    4.02741051384    0.00031357267796  
    4.04352038115   0.000170501441952  
    4.05969444633   0.000112040987028  
    4.07593316003   0.000121768725966  
    4.09223698126   0.000119441330902  
    4.10860591058   0.000108342232286  
    4.12504041299   7.91898403827e-05  
    4.14154048768   0.000147885774689  
    4.15810660581   0.000121273210051  
    4.17473924737   3.74894918614e-05  
     4.1914379294   7.78064343402e-05  
    4.20820361671    8.0452579806e-05  
    4.22503631116   8.82430226919e-05  
    4.24193650599   0.000177234988353  
    4.25890420203   3.39956582574e-05  
    4.27593989945   0.000207957654069  
    4.29304359811   7.72218647065e-05  
    4.31021606223    0.00012689922027  
    4.32745677891   6.37494723427e-05  
    4.34476677871   5.26335505975e-05  
    4.36214580283   4.72924468643e-05  
    4.37959437336   4.66587111799e-05  
    4.39711275511   4.05336652885e-05  
    4.41470121473   0.000193120230816  
    4.43236002067   0.000120935208176  
    4.45008944329   0.000168791262445  
    4.46788975486   3.80266288175e-05  
     4.4857612296   4.71487510962e-05  
     4.5037044243   0.000138853614124  
    4.52171905834   4.72766675088e-05  
    4.53980597546   6.15160015354e-05  
    4.55796517761   4.53981297742e-05  
    4.57619723913   0.000162398187731  
    4.59450186987   0.000170924179309  
    4.61287994068   0.000149422160081  
    4.63133145335    4.1450148081e-05  
    4.64985670171   6.88858597828e-05  
    4.66845628346   0.000154550709687  
    4.68712989672   0.000102938080415  
    4.70587844804   6.19026184755e-05  
    4.72470193969   5.28725219752e-05  
    4.74360098925   5.29067976873e-05  
    4.76257528571   8.13827445741e-05  
    4.78162544951   0.000103653040137  
    4.80075211388   9.36921042137e-05  
    4.81995496102   0.000138524778398  
    4.83923495122   2.44968267096e-05  
    4.85859176224   0.000206004419783  
    4.87802637057   7.53846051371e-05  
    4.89753844961   0.000137478143918  
     4.9171283236   0.000195659241562  
    4.93679699404   0.000103261592077  
    4.95654412786   5.99725138129e-05  
    4.97637040127   0.000126648739996  
    4.99627581409   0.000197792442993  
    5.01626105463   9.89636707165e-05  
    5.03632612401   0.000110163774229  
    5.05647136933   0.000183480194315  
    5.07669714118   0.000438526671093  
    5.09700379373   0.000299669921814  
    5.11739204703   0.000152331001457  
    5.13786154103   0.000233436611159  
    5.15841300039   0.000106246036205  
    5.17904679429   0.000243564446655  
    5.19976292187    0.00021832602743  
    5.22056175127   0.000223328189656  
    5.24144403461   0.000542175488943  
    5.26240977412   0.000220581458513  
    5.28345973627   0.000469305767382  
    5.30459353645   0.000389225825441  
    5.32581194655   0.000176210658168  
    5.34711496429   0.000506555351415  
     5.3685033765   0.000329626895855  
    5.38997758533   0.000273412458025  
     5.4115375925   0.000291845631243  
    5.43318339149   0.000208735445896  
    5.45491620212   0.000484199306798  
    5.47673603057   0.000426388726158  
    5.49864287472   0.000324134899232  
    5.52063756715   0.000409813013402  
    5.54272010896   0.000421948910856  
    5.56489092113   0.000483626645247  
    5.58715042976    0.00027888277555  
    5.60949906616    0.00027498735451  
    5.63193726694   0.000350978149671  
    5.65446458961   0.000663651102848  
    5.67708279786   0.000313540556817  
    5.69979100731   0.000285097918446  
    5.72259010817    0.00048308015534  
    5.74548055411   0.000265933006422  
    5.76846234429   0.000250731382093  
      5.791536397   0.000338468173236  
    5.81470224819    0.00050758053617  
    5.83796129572   0.000404816647498  
    5.86131307274   0.000182110345426  
    5.88475852542   0.000178790975593  
    5.90829717285   0.000467218063576  
    5.93193045656   0.000472632130731  
    5.95565838363   0.000348703677782  
    5.97948095214   0.000417795253721  
    6.00339864953    0.00030300558312  
    6.02741247236   0.000689135064172  
    6.05152192044   0.000373630193942  
    6.07572799998   0.000492154271687  
    6.10003122573   0.000438928980502  
    6.12443108191   0.000472892464053  
    6.14892911878   0.000388721503054  
    6.17352481846   0.000514600078339  
    6.19821869966   0.000352972125525  
    6.22301182415   0.000351971038049  
    6.24790365848   0.000175439592686  
    6.27289527528   0.000219714879697  
    6.29798667496   0.000276226017838  
    6.32317895437   0.000557284015366  
    6.34847156357   0.000329690568465  
    6.37386561103   0.000556963308191  
    6.39936109829   0.000329267898457  
    6.42495858819   0.000484880441239  
    6.45065807628   0.000472611279907  
    6.47646070858   0.000274816775134  
    6.50236648851   0.000523252870244  
    6.52837599909   0.000387826144878  
    6.55448983217   0.000594901779068  
    6.58070739056   0.000413589011581  
     6.6070304631   0.000290723522556  
    6.63345845158   0.000348310300382  
    6.65999256893    0.00046632479615  
    6.68663220164   0.000506026818252  
    6.71337857646   0.000262655845038  
     6.7402323211   0.000129273871611  
    6.76719343966   0.000388174272517  
    6.79426192596   0.000448550567511  
    6.82143905059   0.000353142812878  
    6.84872481713   0.000310519684585  
    6.87611987273   0.000113623775756  
    6.90362421565   0.000333415322754  
    6.93123849806   0.000129402666386  
    6.95896338267   0.000206230243155  
    6.98679954287   0.000393751034665  
    7.01474698239   0.000629756855502  
    7.04280569424   0.000209164322285  
    7.07097704376   0.000396466404353  
    7.09926103526   0.000178043979958  
    7.12765766225   0.000218492382603  
    7.15616832394   0.000179329127111  
    7.18479302568   0.000343776365149  
    7.21353248167   0.000307465439822  
    7.24238669254   0.000261729926701  
    7.27135637916   0.000251533434289  
    7.30044153741   0.000437522154492  
    7.32964289499   0.000554576350802  
    7.35896194108   0.000461077125852  
    7.38839793625   0.000280583400889  
    7.41795162807   0.000218415133381  
     7.4476230097   0.000348913791845  
    7.47741360958   0.000110500802678  
    7.50732343484   0.000141481522697  
    7.53735248125   0.000101133462721  
    7.56750152509   0.000242665984322  
     7.5977721547   0.000185340460805  
    7.62816277835   0.000258036313368  
    7.65867579796   0.000277007488429  
    7.68931040992   0.000176879506624  
    7.72006742165   0.000259178303953  
    7.75094765492   0.000376467073412  
    7.78195194613   0.000388677336051  
    7.81307945788   0.000448520990674  
    7.84433186727   0.000293609449541  
    7.87570917764   0.000305995067044  
    7.90721224521    0.00012732660974  
    7.93884106988   0.000358518361404  
    7.97059651818    0.00034879055792  
    8.00247858663   0.000312191469105  
    8.03448815236   0.000453051733543  
    8.06662610855   0.000598090664381  
    8.09889336484   0.000460455924244  
     8.1312881039   0.000372911283253  
    8.16381396885   0.000606739041478  
    8.19646913217   0.000625118917456  
    8.22925450488   0.000616487558079  
    8.26217195928    0.00035791756677  
     8.2952205599   0.000455867458509  
    8.32840124719   0.000168830897025  
    8.36171497933   0.000349301900868  
    8.39516175769   0.000212920837121  
    8.42874255349   0.000311664093201  
    8.46245736585   0.000436118529439  
     8.4963071794   0.000345346680997  
    8.53029299759   0.000668523332516  
    8.56441381387   0.000488300684296  
    8.59867164433   0.000385088444895  
    8.63306597974   0.000629239338682  
    8.66759835958   0.000444988738527  
    8.70226878849   0.000536883721121  
    8.73707778582   0.000292838461328  
    8.77202587434   0.000504537877268  
    8.80711411676   0.000572865857866  
    8.84234251506   0.000365236917493  
    8.87771214789    0.00048785786464  
    8.91322301618   5.67724404198e-05  
    8.94887566111   6.27398650886e-05  
    8.98467118599   0.000640098128324  
    9.02061015324   0.000331668793145  
    9.05669256222   0.000539349867764  
    9.09291897023   0.000350821124947  
    9.12929109163   0.000639897384989  
    9.16580777681    0.00040265420604  
    9.20247133927   0.000399658768856  
     9.2392812011   0.000402423774537  
    9.27623794181   0.000692716791498  
    9.31334334528   0.000740122589739  
    9.35059681985   0.000719568658889  
    9.38799895942   0.000691889903136  
    9.42555097729   0.000572360206274  
    9.46325287276   0.000402510509716  
    9.50110587927   0.000635233794927  
    9.53911062623    0.00102202034661  
    9.57726711423   0.000460182279866  
    9.61557596868   0.000875094734381  
    9.65403846516    0.00031968214294  
    9.69265460608   0.000483791919033  
    9.73142503402   0.000705689868409  
    9.77035105768   0.000504496355431  
    9.80943201648   0.000751289940418  
    9.84866989689   0.000313541717951  
    9.88806470579   0.000260400285884  
    9.92761711669   0.000489790733553  
    9.96732712253   0.000672189585388  
    10.0071967787   0.000688398941345  
    10.0472253989   0.000260727824062  
    10.0874143706     0.0149117015713  
