      wave_micron            flux_mjy  
  0.0154221819325                 0.0  
  0.0154783455809                 0.0  
   0.015540258413                 0.0  
  0.0156024189732                 0.0  
  0.0156648289627                 0.0  
  0.0157274883885                 0.0  
  0.0157903989725                 0.0  
   0.015853560715                 0.0  
  0.0159169753591                 0.0  
  0.0159806428986                 0.0  
  0.0160445650983                 0.0  
  0.0161087437552                 0.0  
  0.0161731788756                 0.0  
   0.016237870441                 0.0  
  0.0163028221147                 0.0  
  0.0163680339168                 0.0  
  0.0164335058424                 0.0  
  0.0164992397599                 0.0  
  0.0165652375728                 0.0  
  0.0166314973626                 0.0  
   0.016698022957                 0.0  
  0.0167648163217                 0.0  
  0.0168318755082                 0.0  
  0.0168992024628                 0.0  
  0.0169667991687                 0.0  
  0.0170346676472                 0.0  
  0.0171028048591                 0.0  
  0.0171712168936                 0.0  
  0.0172399017199                 0.0  
  0.0173088613934                 0.0  
  0.0173780969564                 0.0  
  0.0174476083969                 0.0  
  0.0175173988859                 0.0  
  0.0175874684342                 0.0  
  0.0176578192002                 0.0  
  0.0177284500972                 0.0  
  0.0177993632902                 0.0  
  0.0178705609874                 0.0  
  0.0179420431955                 0.0  
  0.0180138121572                 0.0  
  0.0180858667379                 0.0  
  0.0181582103376                 0.0  
   0.018230842962                 0.0  
  0.0183037669249                 0.0  
  0.0183769822319                 0.0  
  0.0184504900473                 0.0  
  0.0185242915451                 0.0  
  0.0185983891149                 0.0  
  0.0186727827634                 0.0  
  0.0187474736943                 0.0  
  0.0188224631215                 0.0  
  0.0188977535148                 0.0  
  0.0189733436286                 0.0  
  0.0190492372098                 0.0  
  0.0191254342705                 0.0  
  0.0192019360793                 0.0  
  0.0192787439165                 0.0  
  0.0193558590743                 0.0  
  0.0194332828569                 0.0  
  0.0195110152532                 0.0  
  0.0195890602365                 0.0  
  0.0196674164828                 0.0  
  0.0197460853146                 0.0  
  0.0198250694374                 0.0  
  0.0199043702325                 0.0  
  0.0199839877024                 0.0  
  0.0200639232226                 0.0  
  0.0201441795976                 0.0  
  0.0202247554125                 0.0  
  0.0203056549267                 0.0  
  0.0203868781584                 0.0  
  0.0204684250949                 0.0  
  0.0205502986369                 0.0  
  0.0206325002631                 0.0  
  0.0207150299721                 0.0  
  0.0207978907469                 0.0  
  0.0208810810743                 0.0  
  0.0209646054901                 0.0  
  0.0210484640106                 0.0  
  0.0211326581768                 0.0  
  0.0212171895475                 0.0  
  0.0213020581165                 0.0  
  0.0213872654403                 0.0  
  0.0214728147007                 0.0  
  0.0215587059078                 0.0  
  0.0216449406729                 0.0  
  0.0217315206258                 0.0  
  0.0218184474159                 0.0  
  0.0219057210389                 0.0  
  0.0219933431436                 0.0  
  0.0220813170987                 0.0  
  0.0221696429202                 0.0  
  0.0222583205902                 0.0  
  0.0223473535396                 0.0  
  0.0224367435202                 0.0  
  0.0225264905366                 0.0  
  0.0226165963424                 0.0  
  0.0227070627134                 0.0  
   0.022797891448                 0.0  
  0.0228890825408                 0.0  
  0.0229806396339                 0.0  
  0.0230725608835                 0.0  
  0.0231648518352                 0.0  
  0.0232575106339                 0.0  
  0.0233505410324                 0.0  
  0.0234439430362                 0.0  
  0.0235377185467                 0.0  
  0.0236318694907                 0.0  
  0.0237263978211                 0.0  
  0.0238213035385                 0.0  
  0.0239165886016                 0.0  
  0.0240122549961                 0.0  
  0.0241083027081                 0.0  
  0.0242047378153                 0.0  
  0.0243015562579                 0.0  
  0.0243987621108                 0.0  
   0.024496357451                 0.0  
  0.0245943422758                 0.0  
  0.0246927207968                 0.0  
  0.0247914908945                 0.0  
  0.0248906568236                 0.0  
  0.0249902185834                 0.0  
  0.0250901805246                 0.0  
  0.0251905404622                 0.0  
  0.0252913027928                 0.0  
  0.0253924675203                 0.0  
   0.025494039142                 0.0  
  0.0255960154078                 0.0  
  0.0256983985612                 0.0  
  0.0258011932004                 0.0  
  0.0259043970131                 0.0  
  0.0260080146481                 0.0  
    0.02611204611                 0.0  
  0.0262164937597                 0.0  
  0.0263213599946                 0.0  
  0.0264266472488                 0.0  
  0.0265323530848                 0.0  
   0.026638482369                 0.0  
  0.0267450350961                 0.0  
  0.0268520162481                 0.0  
  0.0269594233237                 0.0  
   0.027067261363                 0.0  
  0.0271755303777                 0.0  
  0.0272842329335                 0.0  
  0.0273933690209                 0.0  
   0.027502943863                 0.0  
  0.0276129548334                 0.0  
  0.0277234072187                 0.0  
  0.0278343010305                 0.0  
  0.0279456389615                 0.0  
  0.0280574210034                 0.0  
  0.0281696498716                 0.0  
  0.0282823283267                 0.0  
  0.0283954591745                 0.0  
  0.0285090395999                 0.0  
  0.0286230752233                 0.0  
  0.0287375689239                 0.0  
  0.0288525178234                 0.0  
  0.0289679276849                 0.0  
  0.0290838014637                 0.0  
  0.0292001362195                 0.0  
  0.0293169348659                 0.0  
  0.0294342033877                 0.0  
  0.0295519418269                 0.0  
  0.0296701471117                 0.0  
  0.0297888284028                 0.0  
  0.0299079857543                 0.0  
  0.0300276160314                 0.0  
  0.0301477254602                 0.0  
  0.0302683172275                 0.0  
  0.0303893913559                 0.0  
  0.0305109478221                 0.0  
  0.0306329930995                 0.0  
  0.0307555239287                 0.0  
  0.0308785468721                 0.0  
  0.0310020619542                 0.0  
  0.0311260691522                 0.0  
  0.0312505718008                 0.0  
  0.0313755767274                 0.0  
  0.0315010770906                 0.0  
  0.0316270832193                 0.0  
  0.0317535916642                 0.0  
  0.0318806059038                 0.0  
  0.0320081259079                 0.0  
  0.0321361587989                 0.0  
  0.0322647046199                 0.0  
  0.0323937633655                 0.0  
  0.0325233386688                 0.0  
  0.0326534305126                 0.0  
   0.032784046325                 0.0  
  0.0329151823899                 0.0  
  0.0330468424368                 0.0  
  0.0331790302653                 0.0  
  0.0333117458776                 0.0  
  0.0334449931253                 0.0  
  0.0335787720014                 0.0  
  0.0337130864104                 0.0  
  0.0338479403317                 0.0  
  0.0339833297668                 0.0  
   0.034119266773                 0.0  
    0.03425574124                 0.0  
  0.0343927653635                 0.0  
  0.0345303371289                 0.0  
  0.0346684564989                 0.0  
  0.0348071318312                 0.0  
  0.0349463589249                 0.0  
  0.0350861462674                 0.0  
  0.0352264895855                 0.0  
  0.0353673953179                 0.0  
  0.0355088656611                 0.0  
  0.0356509006117                 0.0  
   0.035793504579                 0.0  
  0.0359366775568                 0.0  
  0.0360804262925                 0.0  
  0.0362247462568                 0.0  
  0.0363696465556                 0.0  
  0.0365151249103                 0.0  
  0.0366611859421                 0.0  
  0.0368078296413                 0.0  
  0.0369550607037                 0.0  
  0.0371028815203                 0.0  
  0.0372512920825                 0.0  
  0.0374002972022                 0.0  
  0.0375498993313                 0.0  
  0.0377000984646                 0.0  
  0.0378508995351                 0.0  
  0.0380023025414                 0.0  
  0.0381543124999                 0.0  
  0.0383069294135                 0.0  
  0.0384601558058                 0.0  
  0.0386139968225                 0.0  
  0.0387684524758                 0.0  
   0.038923528001                 0.0  
  0.0390792207552                 0.0  
  0.0392355386861                 0.0  
  0.0393924818217                 0.0  
  0.0395500501301                 0.0  
  0.0397082517653                 0.0  
  0.0398670839996                 0.0  
  0.0400265523356                 0.0  
   0.040186659577                 0.0  
  0.0403474057178                 0.0  
  0.0405087935511                 0.0  
  0.0406708287828                 0.0  
  0.0408335143331                 0.0  
  0.0409968472931                 0.0  
  0.0411608334584                 0.0  
  0.0413254787495                 0.0  
  0.0414907802101                 0.0  
   0.041656743801                 0.0  
  0.0418233695127                 0.0  
  0.0419906634194                 0.0  
  0.0421586255298                 0.0  
   0.042327258912                 0.0  
  0.0424965698167                 0.0  
  0.0426665551097                 0.0  
  0.0428372210879                 0.0  
  0.0430085709616                 0.0  
  0.0431806047274                 0.0  
  0.0433533288696                 0.0  
  0.0435267401058                 0.0  
  0.0437008482999                 0.0  
   0.043875650142                 0.0  
  0.0440511522978                 0.0  
  0.0442273581705                 0.0  
  0.0444042677676                 0.0  
  0.0445818844935                 0.0  
  0.0447602117949                 0.0  
  0.0449392531611                 0.0  
  0.0451190085759                 0.0  
  0.0452994851091                 0.0  
  0.0454806827765                 0.0  
  0.0456626087953                 0.0  
  0.0458452558873                 0.0  
  0.0460286386326                 0.0  
  0.0462127533948                 0.0  
  0.0463976038551                 0.0  
   0.046583193743                 0.0  
   0.046769526837                 0.0  
   0.046956606966                 0.0  
  0.0471444302599                 0.0  
  0.0473330082767                 0.0  
  0.0475223410627                 0.0  
  0.0477124325616                 0.0  
  0.0479032787694                 0.0  
  0.0480948956441                 0.0  
  0.0482872751942                 0.0  
  0.0484804213891                 0.0  
  0.0486743423835                 0.0  
  0.0488690423574                 0.0  
  0.0490645171557                 0.0  
  0.0492607751063                 0.0  
  0.0494578204664                 0.0  
  0.0496556489567                 0.0  
   0.049854273417                 0.0  
  0.0500536895535                 0.0  
  0.0502539060659                 0.0  
  0.0504549185427                 0.0  
  0.0506567402489                 0.0  
  0.0508593667607                 0.0  
  0.0510628025253                 0.0  
  0.0512670566381                 0.0  
  0.0514721245518                 0.0  
  0.0516780108055                 0.0  
  0.0518847246999                 0.0  
   0.052092261563                 0.0  
  0.0523006307993                 0.0  
  0.0525098324223                 0.0  
  0.0527198760571                 0.0  
  0.0529307520196                 0.0  
  0.0531424748511                 0.0  
  0.0533550445924                 0.0  
  0.0535684662058                 0.0  
  0.0537827396889                 0.0  
  0.0539978700401                 0.0  
  0.0542138623369                 0.0  
  0.0544307165721                 0.0  
  0.0546484430685                 0.0  
  0.0548670366526                 0.0  
  0.0550865024807                 0.0  
  0.0553068511252                 0.0  
  0.0555280772875                 0.0  
  0.0557501916691                 0.0  
  0.0559731888451                 0.0  
  0.0561970851542                 0.0  
  0.0564218696252                 0.0  
    0.05664755882                 0.0  
  0.0568741471904                 0.0  
   0.057101645976                 0.0  
  0.0573300495008                 0.0  
  0.0575593691465                 0.0  
  0.0577896107521                 0.0  
   0.058020768517                 0.0  
   0.058252848197                 0.0  
  0.0584858616093                 0.0  
  0.0587198028284                 0.0  
  0.0589546838262                 0.0  
  0.0591905046543                 0.0  
  0.0594272652747                 0.0  
  0.0596649717642                 0.0  
  0.0599036365615                 0.0  
  0.0601432471883                 0.0  
  0.0603838224564                 0.0  
  0.0606253560613                 0.0  
  0.0608678607795                 0.0  
  0.0611113301733                 0.0  
  0.0613557771937                 0.0  
  0.0616012018839                 0.0  
  0.0618476041939                 0.0  
  0.0620949907005                 0.0  
  0.0623433748748                 0.0  
  0.0625927500343                 0.0  
  0.0628431160694                 0.0  
  0.0630944935939                 0.0  
  0.0633468688088                 0.0  
  0.0636002555816                 0.0  
  0.0638546539134                 0.0  
   0.064110078039                 0.0  
  0.0643665136604                 0.0  
  0.0646239823258                 0.0  
  0.0648824768223                 0.0  
  0.0651420117993                 0.0  
  0.0654025799059                 0.0  
  0.0656641884884                 0.0  
  0.0659268450311                 0.0  
  0.0661905495202                 0.0  
  0.0664553095403                 0.0  
  0.0667211328193                 0.0  
  0.0669880194077                 0.0  
  0.0672559692546                 0.0  
   0.067524998104                 0.0  
  0.0677950980645                 0.0  
  0.0680662770408                 0.0  
  0.0683385430896                 0.0  
  0.0686118962156                 0.0  
   0.068886340455                 0.0  
   0.069161888209                 0.0  
  0.0694385353599                 0.0  
   0.069716290261                 0.0  
  0.0699951528868                 0.0  
  0.0702751360196                 0.0  
   0.070556235388                 0.0  
  0.0708384595976                 0.0  
  0.0711218130144                 0.0  
  0.0714063000362                 0.0  
  0.0716919250936                 0.0  
    0.07197869265                 0.0  
  0.0722666072029                 0.0  
  0.0725556732844                 0.0  
  0.0728459000873                 0.0  
  0.0731372830003                 0.0  
  0.0734298312522                 0.0  
  0.0737235495201                 0.0  
  0.0740184425194                 0.0  
  0.0743145198186                 0.0  
  0.0746117766219                 0.0  
  0.0749102225396                 0.0  
  0.0752098624475                 0.0  
  0.0755107012636                 0.0  
  0.0758127489591                 0.0  
  0.0761159955082                 0.0  
  0.0764204609911                 0.0  
  0.0767261454929                 0.0  
  0.0770330489826                 0.0  
  0.0773411817395                 0.0  
  0.0776505437441                 0.0  
  0.0779611454547                 0.0  
  0.0782729922069                 0.0  
  0.0785860840041                 0.0  
  0.0789004261565                 0.0  
  0.0792160294956                 0.0  
   0.079532894053                 0.0  
   0.079851025297                 0.0  
  0.0801704287509                 0.0  
  0.0804911099934                 0.0  
  0.0808130746602                 0.0  
  0.0811363284449                 0.0  
  0.0814608713158                 0.0  
  0.0817867147778                 0.0  
  0.0821138647046                 0.0  
  0.0824423211076                 0.0  
  0.0827720898447                 0.0  
   0.083103176837                 0.0  
  0.0834355880695                 0.0  
  0.0837693295932                 0.0  
  0.0841044075257                 0.0  
  0.0844408280531                 0.0  
  0.0847785911656                 0.0  
  0.0851177030393                 0.0  
  0.0854581762863                 0.0  
  0.0858000109601                 0.0  
  0.0861432069836                 0.0  
  0.0864877837083                 0.0  
   0.086833734686                 0.0  
   0.087181066378                 0.0  
  0.0875297920005                 0.0  
  0.0878799115976                 0.0  
  0.0882314318658                 0.0  
  0.0885843527423                 0.0  
  0.0889386947135                 0.0  
  0.0892944509877                 0.0  
  0.0896516284288                 0.0  
  0.0900102339858                 0.0  
  0.0903702746949                 0.0  
  0.0907317505044                 0.0  
  0.0910946829245                 0.0  
  0.0914590575601                 0.0  
  0.0918248961623                 0.0  
  0.0921921988168                 0.0  
  0.0925609654697                 0.0  
  0.0929312109813                 0.0  
  0.0933029353717                 0.0  
  0.0936761461684                 0.0  
  0.0940508509988                 0.0  
  0.0944270498198                 0.0  
  0.0948047581127                 0.0  
  0.0951839838158                 0.0  
  0.0955647190532                 0.0  
  0.0959469715991                 0.0  
  0.0963307655121                 0.0  
  0.0967160847083                 0.0  
  0.0971029535334                 0.0  
  0.0974913638291                 0.0  
  0.0978813237277                 0.0  
  0.0982728498947                 0.0  
    0.09866594241                 0.0  
   0.099060609758                 0.0  
  0.0994568519222                 0.0  
  0.0998546774253                 0.0  
   0.100254094913                 0.0  
   0.100655113158                 0.0  
   0.101057732156                 0.0  
   0.101461960725                 0.0  
   0.101867807811                 0.0  
   0.102275282494                 0.0  
   0.102684384796                 0.0  
   0.103095123848                 0.0  
   0.103507499581                 0.0  
   0.103921530592                 0.0  
   0.104337216941                 0.0  
   0.104754568095                 0.0  
   0.105173584024                 0.0  
   0.105594283976                 0.0  
   0.106016658262                 0.0  
   0.106440726351                 0.0  
   0.106866488265                 0.0  
   0.107293953898                 0.0  
     0.1077231333                 0.0  
   0.108154016287                 0.0  
   0.108586633294                 0.0  
   0.109020984491                 0.0  
   0.109457069886                 0.0  
   0.109894899843                 0.0  
   0.110334474284                 0.0  
   0.110775814355                 0.0  
   0.111218920147                 0.0  
   0.111663791584                 0.0  
   0.112110450329                 0.0  
   0.112558885443                 0.0  
   0.113009129988                 0.0  
   0.113461161814                 0.0  
   0.113915003126                 0.0  
   0.114370665274                 0.0  
   0.114828148301                 0.0  
   0.115287463664                 0.0  
   0.115748611332                 0.0  
   0.116211602869                 0.0  
   0.116676450037                 0.0  
   0.117143152835                 0.0  
   0.117611735198                 0.0  
   0.118082173035                 0.0  
   0.118554502557                 0.0  
   0.119028723913                 0.0  
   0.119504837073                 0.0  
   0.119982854371                 0.0  
   0.120462788359                 0.0  
   0.120944639055                 0.0  
   0.121428419148                 0.0  
   0.121914128591                 0.0  
   0.122401793275                 0.0  
   0.122891400238                 0.0  
   0.123382962455                 0.0  
   0.123876493133                 0.0  
   0.124372005713                 0.0  
   0.124869486696                 0.0  
    0.12536896306                 0.0  
   0.125870448651                 0.0  
   0.126373929725                 0.0  
   0.126879419965                 0.0  
   0.127386933305                 0.0  
   0.127896483936                 0.0  
   0.128408071933                 0.0  
   0.128921697178                 0.0  
   0.129437388564                 0.0  
   0.129955146271                 0.0  
   0.130474955445                 0.0  
   0.130996860392                 0.0  
   0.131520846332                 0.0  
   0.132046928203                 0.0  
   0.132575121227                 0.0  
   0.133105425465                 0.0  
   0.133637840778                 0.0  
   0.134172398206                 0.0  
   0.134709082127                 0.0  
   0.135247924046                 0.0  
   0.135788908058                 0.0  
   0.136332066143                 0.0  
   0.136877390275                 0.0  
   0.137424904887                 0.0  
   0.137974601796                 0.0  
   0.138526497437                 0.0  
   0.139080608566                 0.0  
   0.139636926768                 0.0  
    0.14019547741                 0.0  
   0.140756260558                 0.0  
   0.141319284768                 0.0  
   0.141884558656                 0.0  
   0.142452099745                 0.0  
   0.143021908073                 0.0  
   0.143593992447                 0.0  
   0.144168370799                 0.0  
   0.144745043155                 0.0  
   0.145324027728                 0.0  
   0.145905324541                 0.0  
   0.146488942746                 0.0  
   0.147074900997                 0.0  
   0.147663199313                 0.0  
   0.148253847072                 0.0  
   0.148846863384                 0.0  
   0.149442258012                 0.0  
    0.15004002118                 0.0  
   0.150640182132                 0.0  
   0.151242740914                 0.0  
   0.151847717443                 0.0  
   0.152455101654                 0.0  
   0.153064923769                 0.0  
   0.153677183874                 0.0  
   0.154291892196                 0.0  
   0.154909059057                 0.0  
   0.155528694873                 0.0  
    0.15615081016                 0.0  
   0.156775415535                 0.0  
   0.157402521715                 0.0  
   0.158032128636                 0.0  
   0.158664257937                 0.0  
   0.159298909593                 0.0  
   0.159936105631                 0.0  
   0.160575857307                 0.0  
   0.161218153334                 0.0  
   0.161863027494                 0.0  
    0.16251047988                 0.0  
   0.163160521938                 0.0  
   0.163813165237                 0.0  
   0.164468421468                 0.0  
   0.165126290561                 0.0  
   0.165786796153                 0.0  
   0.166449938238                 0.0  
     0.1671157409                 0.0  
   0.167784204206                 0.0  
   0.168455340333                 0.0  
   0.169129161595                 0.0  
   0.169805680445                 0.0  
   0.170484909475                 0.0  
   0.171166848655                 0.0  
   0.171851510563                 0.0  
   0.172538920896                 0.0  
   0.173229066678                 0.0  
    0.17392198699                 0.0  
   0.174617682033                 0.0  
   0.175316151747                 0.0  
   0.176017409306                 0.0  
   0.176721481655                 0.0  
   0.177428368893                 0.0  
   0.178138084683                 0.0  
   0.178850628912                 0.0  
   0.179566043354                 0.0  
   0.180284300021                 0.0  
   0.181005441147                 0.0  
   0.181729466868                 0.0  
   0.182456377047                 0.0  
   0.183186200516                 0.0  
   0.183918952014                 0.0  
    0.18465461675                 0.0  
   0.185393239096                 0.0  
   0.186134819272                 0.0  
   0.186879357215                 0.0  
    0.18762686792                 0.0  
   0.188377382046                 0.0  
   0.189130884183                 0.0  
   0.189887405278                 0.0  
   0.190646961147                 0.0  
   0.191409551855                 0.0  
   0.192175193269                 0.0  
    0.19294388525                 0.0  
   0.193715660074                 0.0  
   0.194490534275                 0.0  
    0.19526849138                 0.0  
   0.196049564345                 0.0  
   0.196833753116                 0.0  
   0.197621091384                 0.0  
   0.198411579304                 0.0  
   0.199205234028                 0.0  
    0.20000205552                 0.0  
   0.200802061011                 0.0  
   0.201605267985                 0.0  
   0.202411694179                 0.0  
   0.203221339593                 0.0  
    0.20403422206                 0.0  
   0.204850359677                 0.0  
   0.205669752375                 0.0  
   0.206492436937                 0.0  
   0.207318413552                 0.0  
    0.20814768209                 0.0  
   0.208980261139                 0.0  
   0.209816188758                 0.0  
   0.210655445884                 0.0  
   0.211498071008                 0.0  
   0.212344064232                 0.0  
   0.213193445145                 0.0  
   0.214046213675                 0.0  
   0.214902409677                 0.0  
   0.215762013091                 0.0  
    0.21662506424                 0.0  
   0.217491563183                 0.0  
   0.218361530429                 0.0  
   0.219234965867                 0.0  
   0.220111911284                 0.0  
     0.2209923669                 0.0  
   0.221876332607                 0.0  
   0.222763829578                 0.0  
    0.22365490114                 0.0  
   0.224549503758                 0.0  
   0.225447702921                 0.0  
   0.226349498892                 0.0  
   0.227254891597                 0.0  
   0.228163925989                 0.0  
   0.229076579506                 0.0  
   0.229992874618                 0.0  
   0.230912857412                 0.0  
   0.231836504828                 0.0  
   0.232763839934                 0.0  
   0.233694909994                 0.0  
    0.23462969145                 0.0  
   0.235568207999                 0.0  
   0.236510483745                 0.0  
   0.237456518631                 0.0  
   0.238406337007                 0.0  
   0.239359963648                 0.0  
   0.240317398589                 0.0  
   0.241278666869                 0.0  
   0.242243793968                 0.0  
   0.243212780032                 0.0  
   0.244185624836                 0.0  
   0.245162353976                 0.0  
    0.24614301991                 0.0  
   0.247127569931                 0.0  
   0.248116083417                 0.0  
    0.24910856079                 0.0  
   0.250105002093                 0.0  
   0.251105406992                 0.0  
   0.252109830165                 0.0  
   0.253118271822                 0.0  
   0.254130759937                 0.0  
   0.255147266246                 0.0  
   0.256167846992                 0.0  
   0.257192531015                 0.0  
   0.258221289561                 0.0  
   0.259254180438                 0.0  
   0.260291203866                 0.0  
   0.261332359668                 0.0  
   0.262377707278                 0.0  
   0.263427216902                 0.0  
    0.26448091836                 0.0  
   0.265538842033                 0.0  
   0.266600987898                 0.0  
   0.267667386749                 0.0  
   0.268738069965                 0.0  
   0.269813006064                 0.0  
   0.270892258088                 0.0  
   0.271975826221                 0.0  
   0.273063742733                 0.0  
   0.274156007754                 0.0  
   0.275252620997                 0.0  
    0.27635363168                 0.0  
   0.277459056633                 0.0  
    0.27856887898                 0.0  
    0.27968316611                 0.0  
   0.280801901239                 0.0  
   0.281925101253                 0.0  
   0.283052800615                 0.0  
   0.284185016866                 0.0  
   0.285321749936                 0.0  
   0.286463035083                 0.0  
    0.28760889024                 0.0  
   0.288759333475                 0.0  
   0.289914364678                 0.0  
   0.291074020225                 0.0  
   0.292238318604                 0.0  
   0.293407278456                 0.0  
   0.294580899659                 0.0  
   0.295759219764                 0.0  
   0.296942257868                 0.0  
   0.298130033227                 0.0  
   0.299322545737                 0.0  
   0.300519834195                 0.0  
   0.301721918353                 0.0  
   0.302928798139                 0.0  
   0.304140513331                 0.0  
   0.305357084209                 0.0  
    0.30657851075                 0.0  
    0.30780483376                 0.0  
   0.309036053261                 0.0  
   0.310272189784                 0.0  
   0.311513285199                 0.0  
   0.312759339614                 0.0  
   0.314010374147                 0.0  
   0.315266410121                 0.0  
   0.316527469063                 0.0  
   0.317793594723                 0.0  
   0.319064765213                 0.0  
   0.320341024541                 0.0  
   0.321622395105                 0.0  
    0.32290887681                 0.0  
   0.324200514872                 0.0  
   0.325497309296                 0.0  
   0.326799306137                 0.0  
   0.328106505512                 0.0  
   0.329418930686                 0.0  
   0.330736605174                 0.0  
   0.332059552743                 0.0  
   0.333387773198                 0.0  
   0.334721339076                 0.0  
   0.336060226296                 0.0  
   0.337404459096                 0.0  
   0.338754086995                 0.0  
   0.340109084964                 0.0  
   0.341469528289                 0.0  
   0.342835417322                 0.0  
   0.344206751893                 0.0  
    0.34558358336                 0.0  
   0.346965911735                 0.0  
   0.348353789395                 0.0  
   0.349747189896                 0.0  
   0.351146192895                 0.0  
   0.352550771731                 0.0  
   0.353960980257                 0.0  
   0.355376818476                 0.0  
   0.356798313591                 0.0  
   0.358225521107                 0.0  
   0.359658413196                 0.0  
    0.36109704583                 0.0  
   0.362541447593                 0.0  
   0.363991589687                 0.0  
   0.365447558249                 0.0  
   0.366909353625                 0.0  
   0.368377005178                 0.0  
   0.369850512842                 0.0  
   0.371329906034                 0.0  
   0.372815214556                 0.0  
   0.374306499135                 0.0  
   0.375803698768                 0.0  
   0.377306936059                 0.0  
    0.37881614935                 0.0  
   0.380331432033                 0.0  
   0.381852752824                 0.0  
   0.383380142906                 0.0  
    0.38491366618                 0.0  
   0.386453322919                 0.0  
   0.387999145622                 0.0  
   0.389551134167                 0.0  
   0.391109354508                 0.0  
   0.392673773317                 0.0  
   0.394244491082                 0.0  
   0.395821440208                 0.0  
   0.397404756821                 0.0  
   0.398994372669                 0.0  
   0.400590356569                 0.0  
   0.402192708445                 0.0  
    0.40380146314                 0.0  
   0.405416691825                 0.0  
   0.407038359024                 0.0  
    0.40866650028                 0.0  
   0.410301151665                 0.0  
   0.411942349788                 0.0  
   0.413590131812                 0.0  
   0.415244497878                 0.0  
   0.416905485377                 0.0  
   0.418573094084                 0.0  
   0.420247400108                 0.0  
   0.421928364977                 0.0  
   0.423616104768                 0.0  
   0.425310541546                 0.0  
   0.427011792894                 0.0  
   0.428719859375   6.74272156369e-07  
   0.430434740904                 0.0  
   0.432156477435                 0.0  
   0.433885109556                 0.0  
   0.435620637143                 0.0  
    0.43736310109   3.81727432955e-07  
   0.439112584969   3.82275377203e-07  
   0.440869004932                 0.0  
   0.442632487246                 0.0  
   0.444403032456                 0.0  
   0.446180640438                 0.0  
   0.447965354113   7.11331547504e-07  
   0.449757217111   7.48413100224e-07  
   0.451556229337   9.01698711761e-07  
   0.453362479596                 0.0  
   0.455175923398   4.32831595403e-07  
   0.456996605151   4.87971122525e-07  
   0.458824615881   8.68833114814e-07  
   0.460659910107   1.38639066143e-06  
   0.462502533404   1.95469697032e-06  
   0.464352579108   1.25350420404e-06  
    0.46620995338   1.28859854155e-06  
   0.468074797379   1.02840728272e-06  
   0.469947111716   1.39092413216e-06  
   0.471826896298   3.80613065275e-07  
   0.473714199207                 0.0  
   0.475609069359   1.40888963058e-06  
   0.477511506824   1.84216757782e-06  
   0.479421561033   8.21837180988e-07  
   0.481339231788   9.28545334197e-07  
   0.483264569046   4.35077032913e-07  
   0.485197623643   8.86671751913e-07  
    0.48713844731    9.0262700844e-07  
    0.48908698843    9.6919247523e-07  
    0.49104335062   2.01088638587e-06  
   0.493007534152   5.86013057585e-07  
   0.494979538549   3.39875063558e-06  
   0.496959470212   4.78634993334e-07  
   0.498947275454   2.29875961591e-06  
    0.50094306216   2.10176181368e-06  
   0.502946885801   2.79584288684e-06  
   0.504958636151   4.11267675367e-06  
   0.506978478729   2.72791094458e-06  
    0.50900641424   2.18301302883e-06  
   0.511042442618   2.79809662764e-06  
   0.513086620388   2.21928751741e-06  
   0.515138947285   2.16990091533e-06  
   0.517199480546   2.71493978584e-06  
   0.519268278468   2.77148475785e-06  
   0.521345341199   3.27548639165e-06  
   0.523430727797   5.16519691141e-06  
   0.525524498426   1.21821656782e-06  
   0.527626593036   1.23099476499e-06  
   0.529737071145   3.54728763515e-06  
   0.531855993396   2.86241049397e-06  
   0.533983421578   1.17098838035e-06  
   0.536119356013   1.86775452879e-06  
   0.538263859347   4.87031929937e-06  
   0.540416931774   4.35199016807e-06  
   0.542578572662   3.59895765228e-06  
   0.544748909884   4.99677518571e-06  
   0.546927879032   2.71420728066e-06  
   0.549115609922   1.06467733679e-06  
   0.551312070118   3.93798416522e-06  
   0.553517325448   6.16837180742e-06  
   0.555731375711   4.84216245048e-06  
   0.557954321622   2.52585411973e-06  
   0.560186129508   4.65220645397e-06  
    0.56242686716   2.51769043378e-06  
   0.564676568953   6.19941517022e-06  
   0.566935269508   3.35514517523e-06  
   0.569203038998   8.09916609919e-06  
   0.571479842222   4.92273526095e-06  
   0.573765749586   7.20296597103e-06  
   0.576060832897   7.54393977342e-06  
   0.578365056043   4.86438935449e-06  
   0.580678527832   6.50721565565e-06  
   0.583001248583   5.89882231496e-06  
   0.585333255065   9.11602509043e-06  
   0.587674584337   1.33342527775e-06  
   0.590025273757   4.48302328964e-06  
   0.592385360989   4.89290865517e-06  
    0.59475492255    3.7040658039e-06  
    0.59713391995   7.83824416849e-06  
   0.599522469205    6.2270209769e-06  
   0.601920570721   5.23180260685e-06  
   0.604328223989    4.7883509965e-06  
   0.606745547913   6.25400893376e-06  
   0.609172542992    7.1381747363e-06  
   0.611609208806    6.3324927951e-06  
   0.614055667248    5.7776931224e-06  
   0.616511877542   3.26230902503e-06  
   0.618977921892   8.90121517795e-06  
    0.62145384213   4.96444991448e-06  
   0.623939680483   9.75968403036e-06  
    0.62643543682   8.33485665466e-06  
   0.628941153152   4.53647953065e-06  
   0.631456915341    4.1103696644e-06  
   0.633982767257   7.58570853812e-06  
   0.636518664907   6.23318710173e-06  
   0.639064739921   6.91485212126e-06  
   0.641621037484    1.2196698898e-05  
   0.644187512807   7.99785083423e-06  
   0.646764255413   9.23446751641e-06  
   0.649351310787   1.18447794186e-05  
   0.651948724887   5.28554334433e-06  
   0.654556497467    8.5636648865e-06  
   0.657174721394   6.17791439893e-06  
   0.659803444093    1.4371347511e-05  
    0.66244266568   1.19075833552e-05  
   0.665092433462   1.13474031743e-05  
   0.667752795259   1.27049387916e-05  
   0.670423799416   1.14186566272e-05  
    0.67310549481   1.25393821519e-05  
   0.675797930866   9.45018885979e-06  
   0.678501107401   1.32264576972e-05  
   0.681215124321   5.84583703561e-06  
   0.683939981772   9.85656538181e-06  
   0.686675730236   7.54568086578e-06  
   0.689422420776   7.29962725473e-06  
   0.692180105052   1.57528476376e-05  
   0.694948835326   9.28783197332e-06  
   0.697728664482   2.03495893723e-05  
   0.700519539089   1.69392485228e-05  
   0.703321618534   1.65197365368e-05  
   0.706134903276   1.64339120923e-05  
   0.708959447472   1.22004423393e-05  
   0.711795305937   1.53963330617e-05  
   0.714642478514   8.63292509231e-06  
   0.717501076141   1.51710389148e-05  
   0.720371042598   1.43193165669e-05  
   0.723252546752   1.97465217488e-05  
   0.726145531988   1.87365675202e-05  
   0.729050112501   1.04156472882e-05  
   0.731966346677   2.61810646345e-05  
   0.734894175957   1.84828381182e-05  
   0.737833776058   2.00551942649e-05  
   0.740785088054   1.48314913823e-05  
   0.743748230808   1.71397351049e-05  
   0.746723265124   2.18463772291e-05  
   0.749710130124   2.08975595084e-05  
   0.752708947032    1.3066024995e-05  
   0.755719839845   1.78231716645e-05  
   0.758742684465   1.79508028048e-05  
   0.761777667799   2.56194737402e-05  
   0.764824790406   3.51278052213e-05  
   0.767884051683   2.41139857561e-05  
   0.770955579374   3.72661273297e-05  
   0.774039438886   3.54925261534e-05  
   0.777135564917   2.00165200961e-05  
    0.78024415422   2.48062928914e-05  
   0.783365074359   1.80855327553e-05  
   0.786498591855   3.19324353642e-05  
   0.789644572959   1.82202381164e-05  
   0.792803152342   3.85633375696e-05  
   0.795974329745   2.96528795452e-05  
   0.799158242868   3.13359745187e-05  
   0.802354892328   3.43918970209e-05  
   0.805564277528    3.0351011852e-05  
   0.808786539182   3.02946881568e-05  
    0.81202167761   2.55183997978e-05  
    0.81526976432   2.88607670322e-05  
   0.818530871882   1.93812232085e-05  
   0.821805000353   3.62704862288e-05  
   0.825092222719   2.99745261299e-05  
   0.828392613059   3.51380177858e-05  
   0.831706171199   3.13255395467e-05  
   0.835032971668    3.4900304646e-05  
   0.838373090129   5.18584802093e-05  
   0.841726603405   3.47675589037e-05  
   0.845093511678     4.925120559e-05  
   0.848473892288   4.57355037714e-05  
   0.851867744698   3.72526971035e-05  
   0.855275226474   4.29992270686e-05  
   0.858696338263   5.35489700641e-05  
     0.8621311604   3.97535882368e-05  
   0.865579692848   4.05616803269e-05  
   0.869042016538   4.15783256268e-05  
   0.872518130734   3.89124023702e-05  
   0.876008200591   5.29059565793e-05  
   0.879512226677   4.57148792599e-05  
   0.883030293186   4.34065599723e-05  
   0.886562400028   4.40732701215e-05  
   0.890108632087   2.82313559857e-05  
   0.893669075629   4.97152980003e-05  
   0.897243818335   4.93008269212e-05  
   0.900832772471   5.36868926573e-05  
   0.904436113504   3.96604183639e-05  
   0.908053841492   8.06386605737e-05  
   0.911686045672   4.92359301821e-05  
    0.91533281677   4.45450395448e-05  
   0.918994155003   5.66093063226e-05  
   0.922670059186   4.66860503108e-05  
   0.926360807225   4.35573722521e-05  
   0.930066213277    4.3146645868e-05  
   0.933786464124   4.26725473846e-05  
   0.937521655387    4.9106977069e-05  
   0.941271691238   5.10589706175e-05  
    0.94503676327   2.71763618386e-05  
   0.948816969728    5.0318529787e-05  
   0.952612212787   4.29184999055e-05  
   0.956422689039   3.91552248588e-05  
    0.96024839901   4.34041805798e-05  
   0.964089341764   6.45487123061e-05  
   0.967945719061   3.61710483587e-05  
   0.971817531867   3.87818273388e-05  
   0.975704779678   4.12213309322e-05  
   0.979607565052   3.92065193893e-05  
   0.983525992373   3.54543824697e-05  
    0.98746016788   2.34250999545e-05  
    0.99140998551    4.2683772896e-05  
   0.995375550182   5.03937689756e-05  
   0.999357077529   2.78100772749e-05  
    1.00335456921   2.83610970028e-05  
     1.0073679148   3.53214842977e-05  
    1.01139744463   3.48247425341e-05  
    1.01544304873   3.66789693432e-05  
    1.01950483853   3.11854087669e-05  
    1.02358281331   3.37134382316e-05  
    1.02767708587   3.15280916903e-05  
    1.03178788711   4.27740091729e-05  
    1.03591498602   3.62519702901e-05  
    1.04005861403   2.73066411015e-05  
    1.04421888967   4.28683749203e-05  
     1.0483958139   3.95728085894e-05  
    1.05258938609   3.14855293417e-05  
    1.05679972569   3.66431976597e-05  
    1.06102695441    3.9469409253e-05  
    1.06527107257   2.46501227578e-05  
     1.0695320789   1.93488088409e-05  
    1.07381022173   1.81214612057e-05  
    1.07810550248   1.72463548679e-05  
    1.08241792093   3.17556347542e-05  
    1.08674760389   3.29141108407e-05  
    1.09109455089   3.62763515727e-05  
    1.09545895593   2.35793551544e-05  
    1.09984075394   3.80096115515e-05  
    1.10424014184   4.20590145003e-05  
    1.10865712028   2.44952700373e-05  
    1.11309168825    2.6044584032e-05  
    1.11754411518   2.40094584313e-05  
    1.12201426596    2.4082217529e-05  
    1.12650234506   3.31775300691e-05  
    1.13100835277   2.34412825784e-05  
    1.13553235792   3.13984145035e-05  
    1.14007450061    2.9323247158e-05  
    1.14463478098   1.73363199348e-05  
    1.14921334131   2.73137000117e-05  
    1.15381018168   3.23206661573e-05  
    1.15842544658   3.25969409404e-05  
    1.16305913603    2.8490795468e-05  
    1.16771132256   1.32186397743e-05  
    1.17238222901   3.88818964372e-05  
     1.1770717062   2.80818397051e-05  
    1.18178005487   2.08015820921e-05  
    1.18650712344   2.58899022261e-05  
    1.19125314023   2.09295718276e-05  
    1.19601818322   3.15034441427e-05  
    1.20080225251   1.84104260936e-05  
    1.20560542555   2.32967238773e-05  
     1.2104278603   2.79349606173e-05  
    1.21526955699   1.96501110888e-05  
    1.22013067626   4.48637323154e-05  
    1.22501121851   2.94601316577e-05  
    1.22991126469   3.04620080855e-05  
    1.23483089651   2.22009636331e-05  
    1.23977019641   2.90395338923e-05  
    1.24472933202   2.90389079424e-05  
    1.24970821917   3.37955314111e-05  
    1.25470702642   2.71582450831e-05  
    1.25972583937   3.36362767853e-05  
    1.26476474446   1.87122101985e-05  
    1.26982382899   2.49188125849e-05  
    1.27490309256   2.32740824604e-05  
    1.28000271133     4.706445633e-05  
    1.28512277523   3.53136108353e-05  
     1.2902632844    2.6166128229e-05  
    1.29542432843   3.10264775641e-05  
    1.30060599784    2.2044995057e-05  
    1.30580838408    4.6736149968e-05  
     1.3110316732   3.43996551607e-05  
    1.31627577206   3.77345382823e-05  
    1.32154086795   4.32888330847e-05  
    1.32682705626   3.08413530812e-05  
    1.33213433675   4.53364078211e-05  
    1.33746290205   2.82177509529e-05  
    1.34281275249   3.80589236035e-05  
    1.34818398535   4.38913876431e-05  
    1.35357669902   6.56806879945e-05  
    1.35899099299    2.6063422824e-05  
    1.36442696787   3.20357478523e-05  
    1.36988472544     3.824064029e-05  
    1.37536426557   3.05805719243e-05  
    1.38086568994   4.44033576645e-05  
     1.3863892061    3.5204829997e-05  
    1.39193470951   3.77480468505e-05  
    1.39750240935     4.405908295e-05  
    1.40309251941   4.20493195851e-05  
    1.40870482573   2.75950744584e-05  
    1.41433965025   2.22406146981e-05  
    1.41999699353   2.36468122834e-05  
    1.42567696474   3.99608922718e-05  
    1.43137967438   3.75755745104e-05  
    1.43710523432   4.08002159122e-05  
    1.44285364441   3.66629911543e-05  
    1.44862501663    1.6441932742e-05  
     1.4544195796    3.3556612613e-05  
    1.46023721857   3.22263523511e-05  
    1.46607816418   3.45679580489e-05  
    1.47194253421   2.88554009726e-05  
      1.477830329   4.85993293132e-05  
    1.48374154662    2.6743530138e-05  
    1.48967654556    4.3933901504e-05  
    1.49563532798   5.09738474125e-05  
    1.50161777091   5.00957121262e-05  
    1.50762424051   3.82042588923e-05  
    1.51365473797   2.65785701495e-05  
    1.51970938801    4.1597537196e-05  
    1.52578819019   4.47586922162e-05  
    1.53189139745   5.08119327232e-05  
    1.53801901079   4.19459647266e-05  
    1.54417102887   6.01182266629e-05  
    1.55034770985   4.01816577202e-05  
    1.55654905389   1.80896773238e-05  
    1.56277532485   6.35980840842e-05  
    1.56902639034   4.05975764858e-05  
    1.57530251691   3.84693491785e-05  
    1.58160370472   5.12675486224e-05  
    1.58793008889   4.93945115342e-05  
    1.59428180649   2.76094774899e-05  
    1.60065899655   4.87798197714e-05  
    1.60706165945   5.74514027128e-05  
    1.61348993491   4.82835216681e-05  
    1.61994382173    5.9549564441e-05  
    1.62642360449   5.30881968516e-05  
    1.63292928386   5.14977496885e-05  
    1.63946100449   6.52727008807e-05  
     1.6460189132   4.59623651468e-05  
     1.6526028614     6.145609733e-05  
    1.65921329316   6.81630063409e-05  
    1.66585021079   4.55869961255e-05  
    1.67251361406    6.3449879859e-05  
    1.67920365382   3.99178279466e-05  
    1.68592048325   2.73041414594e-05  
    1.69266410175   6.65132326385e-05  
    1.69943482084   6.45673282346e-05  
    1.70623248366     6.323080894e-05  
    1.71305740532   4.72644532665e-05  
     1.7199097473   5.46872970711e-05  
    1.72678934875   5.79357817291e-05  
    1.73369653225   4.58661929941e-05  
    1.74063129799   7.14801175605e-05  
    1.74759380992   4.98606087156e-05  
    1.75458423461   5.44564353265e-05  
    1.76160257222   6.32924862557e-05  
    1.76864899066   6.69532257859e-05  
    1.77572348875   0.000111105259313  
    1.78282640892   8.54100037013e-05  
     1.7899577528   8.19595955026e-05  
    1.79711751932   4.23666943869e-05  
    1.80430605936    8.7450076752e-05  
    1.81152319598   9.95024254505e-05  
    1.81876928446   8.56490077265e-05  
    1.82604450707   0.000107869055754  
    1.83334868291   9.31970274461e-05  
     1.8406819916   6.56832584046e-05  
    1.84804480185   0.000115275865099  
    1.85543692875   0.000100903238631  
     1.8628585567    8.8418379193e-05  
    1.87031006382   8.79466397308e-05  
    1.87779126121   0.000118902259789  
    1.88530253195   0.000117820408962  
    1.89284368298   0.000122016723515  
    1.90041510239   0.000148206475708  
    1.90801679125   0.000129677944386  
    1.91564874769   0.000141985864763  
    1.92331136998   0.000137889849702  
    1.93100465998    0.00014636780475  
    1.93872861661   0.000109542975573  
    1.94648364868   0.000163174984684  
    1.95426955095   0.000132322590164  
    1.96208652804   0.000133003808379  
    1.96993499966   0.000132116050759  
    1.97781475664   0.000206230026509  
    1.98572600968   0.000202948662365  
    1.99366875669   0.000171716765278  
    2.00164342911   0.000192929554228  
    2.00965002913    0.00018892902796  
     2.0176887777   0.000191899482948  
    2.02575945264   0.000194879937891  
    2.03386249764   0.000187421544637  
    2.04199791323   0.000191626727617  
    2.05016592587   0.000207172066348  
    2.05836653531    0.00023100901791  
    2.06659997086   0.000227427090168  
    2.07486646606    0.00023862337592  
    2.08316602235   0.000277840812548  
    2.09149863802   0.000307221916611  
    2.09986454834   0.000256201931132  
    2.10826399303   0.000280937956091  
    2.11669697217   0.000282187723344  
    2.12516397475   0.000263050532715  
    2.13366451009   0.000252364570675  
    2.14219906852   0.000284671764795  
    2.15076790095   0.000220080161998  
    2.15937100899   0.000311631896767  
    2.16800864708   0.000294719645842  
    2.17668055826   0.000414334812183  
    2.18538725457   0.000379794061801  
    2.19412886786   0.000366699044215  
     2.2029053986   0.000381267301213  
    2.21171697719   0.000313745503049  
    2.22056386918    0.00034934369258  
    2.22944607449   0.000470687354928  
     2.2383638626    0.00038290670394  
    2.24731737067   0.000327452724429  
    2.25630659816   0.000372719077481  
    2.26533182065   0.000374895646748  
    2.27439317825   0.000447484822424  
    2.28349081208   0.000465706645286  
    2.29262472114   0.000429766687814  
    2.30179518955   0.000544275018815  
    2.31100236161   0.000526368436943  
    2.32024638274   0.000518259169144  
    2.32952739949   0.000490827420162  
    2.33884555955   0.000476062730004  
     2.3482008616   0.000392209337505  
    2.35759375493   0.000512354139941  
     2.3670240892    0.00053526824925  
    2.37649216717   0.000505986806079  
    2.38599814264   0.000558859333163  
    2.39554217071   0.000422959771677  
    2.40512425024   0.000559998994071  
    2.41474485293   0.000480803819782  
     2.4244038215   0.000441709837602  
    2.43410131268   0.000543081674982  
    2.44383780997    0.00051841370989  
    2.45361315272   0.000440276307357  
    2.46342750192   0.000439568072569  
    2.47328135334   0.000474301962091  
    2.48317437503   0.000473901769432  
    2.49310706713   0.000513269142168  
     2.5030796008   0.000511734369667  
    2.51309180473   0.000550627203587  
    2.52314419199   0.000484568867298  
    2.53323676388   0.000481485180391  
    2.54336969409   0.000491367039947  
      2.553543158   0.000462359513136  
    2.56375733277   0.000518001755169  
    2.57401239734   0.000467233427488  
    2.58430853246   0.000448263154024  
    2.59464573736   0.000382058512504  
    2.60502437702   0.000467874930243  
    2.61544445152   0.000459379633017  
    2.62590614476   0.000512843484794  
    2.63640983195   0.000478430204183  
    2.64695551462   0.000468481266013  
    2.65754319028   0.000398349907989  
    2.66817343412   0.000401061333191  
    2.67884605387   0.000528361639188  
    2.68956143808   0.000461873248102  
    2.70031978513   0.000437022751627  
    2.71112109538   0.000415643917566  
     2.7219655669   0.000407609681933  
    2.73285339999   0.000467027501113  
    2.74378479725   0.000415467002503  
    2.75475996361   0.000410220641366  
    2.76577889803   0.000339260942903  
     2.7768420153   0.000427241077123  
    2.78794952761   0.000399796724596  
    2.79910122283    0.00036544393749  
    2.81029773829   0.000260028203579  
    2.82153886012    0.00030779903579  
    2.83282501905   0.000244278309214  
    2.84415621465   0.000218429873086  
    2.85553288641   0.000316753261141  
     2.8669550358   0.000319795922166  
    2.87842288562   0.000288094531439  
    2.88993666146   0.000266318520525  
    2.90149636242   0.000242706329405  
    2.91310221432   0.000352114369683  
    2.92475467888   0.000403007503699  
    2.93645375843   0.000175525871865  
    2.94819945083   0.000282700336112  
    2.95999246544   0.000311653420872  
    2.97183232698   0.000219046416856  
    2.98371975291   0.000222616275363  
    2.99565450142   0.000170954065952  
    3.00763705757   0.000227506813498  
    3.01966766914   0.000197726074674  
    3.03174633682   0.000271920249186  
     3.0438733091   0.000202444927294  
    3.05604883781   0.000205917743921  
    3.06827292179   0.000213373130542  
    3.08054607218   0.000177992322301  
    3.09286829073   0.000163976190933  
    3.10523983715   0.000126626896205  
       3.11766071   0.000128611825619  
    3.13013143684   0.000153006905406  
     3.1426520194   0.000187323462587  
     3.1552224546   0.000119186636655  
    3.16784328125   0.000178149479731  
    3.18051477514   0.000159246031957  
    3.19323693827   0.000143855118082  
    3.20600976777   0.000124473744688  
    3.21883382034   0.000129699295791  
    3.23170909668    0.00015234126836  
    3.24463587936   0.000130838327766  
    3.25761445513   0.000100547880538  
    3.27064511496   7.87306957635e-05  
    3.28372756669   9.27847430721e-05  
    3.29686239202   0.000108742265361  
    3.31004988796   0.000116625885369  
    3.32329005515   0.000114783668689  
    3.33658319242   6.69893308483e-05  
    3.34992960313   0.000106958789674  
    3.36332928717   0.000102352022043  
    3.37678254987   7.52020917917e-05  
    3.39028970127   7.28143742482e-05  
    3.40385105624    0.00011465651567  
    3.41746629822   0.000105261492677  
    3.43113637807   9.82887808423e-05  
    3.44486065569   6.37608557358e-05  
    3.45864009442   8.47444011849e-05  
    3.47247469798   7.88579668194e-05  
    3.48636479597   5.58544770362e-05  
    3.50031005569   6.20799850436e-05  
    3.51431147419   2.35857324007e-05  
    3.52836871873   7.23540130481e-05  
    3.54248212415   7.36486023121e-05  
    3.55665203068   5.55302332931e-05  
    3.57087878411   2.92228318038e-05  
    3.58516203559    5.4645091172e-05  
    3.59950283138   4.69600668249e-05  
    3.61390082286    3.0878935272e-05  
    3.62835636186   4.35578855378e-05  
    3.64286980603   3.16332213422e-05  
    3.65744115459   3.36046758866e-05  
     3.6720711358    4.1526712875e-05  
    3.68675938494   5.81058469729e-05  
    3.70150626634   4.45054990995e-05  
    3.71631252674   4.17163715156e-05  
    3.73117779346   4.69535119387e-05  
    3.74610244067   6.91050262768e-05  
     3.7610868489   2.55595006092e-05  
    3.77613101678   3.85227122647e-05  
    3.79123572024   6.89718917926e-05  
    3.80640057035   4.83165214589e-05  
    3.82162635332   4.52916261654e-05  
     3.8369126718   2.80525853276e-05  
    3.85226032249   5.61973200543e-05  
    3.86766930695   3.63631622636e-05  
    3.88314003164    2.5335541088e-05  
    3.89867249609   4.44260264104e-05  
    3.91426752862   2.58391844821e-05  
    3.92992429535   1.54905126705e-05  
    3.94564404997     5.059176177e-05  
    3.96142679819   1.97772680217e-05  
    3.97727253972   1.15821079373e-05  
    3.99318170256   1.69881679299e-05  
    4.00915428459   2.77085734468e-05  
    4.02519071885   1.53559843991e-05  
    4.04129144627   3.26039176599e-05  
     4.0574569158   2.87361521486e-05  
    4.07368668043   3.25429612434e-05  
    4.08998118387   5.61444139094e-05  
    4.10634133737    3.0527862285e-05  
    4.12276668611   2.00606621452e-05  
    4.13925768777   2.18023897884e-05  
     4.1558148085   2.13856754474e-05  
    4.17243804884   1.93984092394e-05  
    4.18912788102    1.4178745434e-05  
    4.20588430424   2.64785828902e-05  
    4.22270779694    2.1713668887e-05  
    4.23959884661   6.71240097196e-06  
    4.25655696277   1.39310499972e-05  
    4.27358312521   1.44048358106e-05  
    4.29067733583    1.5799695378e-05  
    4.30784009553   3.17334871458e-05  
    4.32507140516   6.08683868998e-06  
    4.34237177264   3.72343046009e-05  
    4.35974119784   1.38263842473e-05  
    4.37718045687   2.27209921284e-05  
    4.39468902883   1.14141856523e-05  
    4.41226796031   9.42390730435e-06  
    4.42991698849   8.46759586585e-06  
    4.44763664356   8.35412705599e-06  
    4.46542719446   7.25745270929e-06  
    4.48328891197   3.45777005949e-05  
    4.50122206872   2.16531504857e-05  
    4.51922693926    3.0221658866e-05  
    4.53730380009   6.80857401799e-06  
    4.55545292971   8.44186749329e-06  
    4.57367489354   2.48613968376e-05  
     4.5919694066    8.4647706112e-06  
    4.61033732575   1.10142882177e-05  
    4.62877865296   8.12842306715e-06  
     4.6472939715   2.90769946202e-05  
    4.66588298672   3.06035523653e-05  
    4.68454658297   2.67536689019e-05  
     4.7032847621   7.42154669089e-06  
     4.7220978225   1.23338431438e-05  
    4.74098637113   2.76719230486e-05  
    4.75995010145   1.84308091874e-05  
    4.77898993408   1.10835110265e-05  
    4.79810587133    9.4666945396e-06  
    4.81729854038   9.47283152124e-06  
    4.83656762537   1.45713795162e-05  
     4.8559137564   1.85588209607e-05  
    4.87533757653    1.6775339973e-05  
    4.89483876301   2.48025196126e-05  
    4.91441829106   4.38609634997e-06  
    4.93407583344   3.68845828236e-05  
     4.9538123818   1.34974274569e-05  
    4.97362760448   2.46151222927e-05  
    4.99352183074   3.50323042011e-05  
    5.01349607765   1.84887331518e-05  
    5.03355000696   1.07379305512e-05  
    5.05368430539   2.26761442536e-05  
    5.07389897276   3.54142486513e-05  
    5.09419470807    1.7719200942e-05  
    5.11457151245   1.97245518276e-05  
     5.1350297384   3.28516758564e-05  
    5.15556974197   7.85171179209e-05  
    5.17619188281   5.36551597416e-05  
    5.19689689217   2.72744897696e-05  
    5.21768440439    4.1796248971e-05  
    5.23855515541   1.90230905057e-05  
    5.25950952014   4.36096129152e-05  
    5.28054749769   3.90907362561e-05  
    5.30166946194   3.99863610543e-05  
    5.32287617669   9.70751828915e-05  
     5.3441676442   3.94945656237e-05  
    5.36554464285   8.40280391308e-05  
    5.38700678205   6.96899232101e-05  
    5.40855484569   3.15500833547e-05  
    5.43018883146   9.06974851983e-05  
     5.4519095384   5.90188819924e-05  
    5.47371737491   4.89538256688e-05  
    5.49561234274   5.22542398297e-05  
    5.51759443527   3.73735663076e-05  
    5.53966489128   8.66946905973e-05  
    5.56182371703   7.63438488437e-05  
    5.58407091037   5.80355535545e-05  
    5.60640731682   7.33760083933e-05  
    5.62883293749   7.55489108741e-05  
    5.65134819992   8.65921569603e-05  
    5.67395353681   4.99332725178e-05  
    5.69664938618   4.92358069966e-05  
    5.71943619141   6.28417712808e-05  
    5.74231350316   0.000118825091689  
     5.7652831125   5.61386626981e-05  
    5.78834412131   5.10460785107e-05  
    5.81149743365   8.64943092915e-05  
    5.83474351021   4.76146483229e-05  
    5.85808235018   4.48928350132e-05  
    5.88151488606   6.06018908821e-05  
    5.90504064664    9.0881041998e-05  
    5.92866105146   7.24814214121e-05  
    5.95237562645   3.26064077946e-05  
    5.97618533246   3.20120828201e-05  
    6.00008968111   8.36542409179e-05  
    6.02409013633    8.4623616277e-05  
     6.0481867053   6.24345327038e-05  
    6.07237938609   7.48052088177e-05  
     6.0966686737    5.4252401664e-05  
    6.12105558018   0.000123387932055  
    6.14553959755   6.68975638891e-05  
    6.17012174768   8.81190074233e-05  
    6.19480255328   7.85891504275e-05  
    6.21958149061   8.46702283157e-05  
    6.24446013397   6.95996255315e-05  
    6.26943795744   9.21378736949e-05  
    6.29451548781   6.31987877352e-05  
    6.31969380334    6.3019545494e-05  
    6.34497236227   3.14120259838e-05  
    6.37035225392    3.9339406826e-05  
    6.39583347869   4.94575866078e-05  
    6.42141715049    9.9780327251e-05  
    6.44710271082    5.9030282416e-05  
    6.47289128537   9.97229054229e-05  
    6.49878287572   5.89546043944e-05  
    6.52477805342   8.68166460376e-05  
      6.550876814   8.46198829884e-05  
    6.57708032125   4.92052651806e-05  
    6.60338857865   9.36871347255e-05  
    6.62980217829   6.94393138604e-05  
     6.6563217212   0.000106515694979  
    6.68294660092   7.40520915458e-05  
    6.70967863407   5.20533290394e-05  
    6.73651721316   6.23640994515e-05  
    6.76346356996   8.34943035905e-05  
    6.79051708144   9.06028526402e-05  
    6.81767899338    4.7027880667e-05  
    6.84494994327   2.31461675891e-05  
    6.87232993526   6.95016452548e-05  
    6.89981896307   8.03118718298e-05  
    6.92741831705   6.32293488845e-05  
    6.95512800081   5.55977829822e-05  
    6.98294867158   2.03440565598e-05  
    7.01088032757   5.96971904767e-05  
     7.0389236311   2.31692279756e-05  
    7.06707925516   3.69250159409e-05  
    7.09534788362   7.05001507508e-05  
    7.12372952024   0.000112756410372  
    7.15222415796   3.74503555662e-05  
    7.18083318331   7.09863309902e-05  
    7.20955660066   3.18783350956e-05  
    7.23839440342   3.91205217391e-05  
    7.26734801256   3.21084375209e-05  
     7.2964174335   6.15523095404e-05  
    7.32560339154    5.5050927997e-05  
     7.3549058873   4.68620972745e-05  
    7.38432565288   4.50364404791e-05  
    7.41386268406   7.83372617033e-05  
    7.44351771988   9.92955265949e-05  
    7.47329227265   8.25547211779e-05  
    7.50318559143   5.02377652866e-05  
    7.53319843542   3.91066904566e-05  
    7.56333079768   6.24721531081e-05  
    7.59358423039   1.97848959394e-05  
    7.62395874079   2.53319173804e-05  
    7.65445432458    1.8107696844e-05  
    7.68507177011   4.34487454524e-05  
    7.71581269039   3.31847519794e-05  
    7.74667546895   4.62007649251e-05  
    7.77766254505   4.95975069879e-05  
    7.80877310258   3.16698390197e-05  
    7.84000796151   4.64052355203e-05  
    7.87136795637   6.74055001553e-05  
    7.90285393657   6.95917175388e-05  
    7.93446505168   8.03065761702e-05  
    7.96620300486   5.25700471419e-05  
    7.99806779953   5.47876613808e-05  
    8.03006030517    2.2797515158e-05  
     8.0621805217    6.4191827578e-05  
    8.09442932911   6.24500883782e-05  
    8.12680672387   5.58971118736e-05  
    8.15931359673   8.11177944963e-05  
    8.19195085476   0.000107086657023  
    8.22471942171   8.24434965635e-05  
    8.25761745204   6.67688447051e-05  
    8.29064864545   0.000108635127593  
    8.32381114603   0.000111925999014  
    8.35710587897   0.000110380575425  
    8.39053474565   6.40842567819e-05  
    8.42409679606   8.16219431007e-05  
    8.45779298527   3.02287553397e-05  
    8.49162428634   6.25416430707e-05  
    8.52559070065   3.81229502744e-05  
    8.55969321454   5.58026865198e-05  
    8.59393182709   7.80859461025e-05  
    8.62830753824   6.18334707165e-05  
    8.66282136702   0.000119697452383  
    8.69747229125   8.74290321139e-05  
    8.73226235834   6.89491354368e-05  
    8.76719105115   0.000112663750263  
    8.80225993308   7.96741351428e-05  
    8.83746900884   9.61277049261e-05  
    8.87281880584   5.24320036056e-05  
    8.90830985498   9.03362614325e-05  
    8.94394323548   0.000102570217686  
    8.97971894935   6.53947684606e-05  
      9.015638092   8.73497463475e-05  
    9.05170066437   1.01649653098e-05  
    9.08790721605   1.12334179657e-05  
    9.12425886751   0.000114607989743  
    9.16075618987   5.93844786616e-05  
     9.1973991825   9.65692623947e-05  
    9.23418841136   6.28136563917e-05  
    9.27112561745   0.000114572047144  
    9.30820963329   7.20942416072e-05  
    9.34544280832   7.15579159739e-05  
    9.38282455567   7.20529834154e-05  
    9.42035546382   0.000124029231491  
    9.45803734441   0.000132517122641  
    9.49586959654   0.000128836992061  
    9.53385282337   0.000123881179171  
    9.57198825704   0.000102479682016  
    9.61027589683   7.20685131352e-05  
    9.64871699537   0.000113737042856  
    9.68731219181   0.000182990220121  
    9.72606148678   8.23945012132e-05  
     9.7649655154   0.000156683551949  
    9.80402557306   5.72382985324e-05  
    9.84324166221   8.66217488237e-05  
    9.88261443541   0.000126352028887  
    9.92214522171   9.03288270502e-05  
    9.96183335024   0.000134516609212  
    10.0016808383   5.61388705962e-05  
     10.041687693   4.66240283686e-05  
    10.0818545982   8.76958217549e-05  
    10.1221815468    0.00012035388591  
    10.1626706261    0.00012325613108  
    10.2033211391   4.66826732707e-05  
    10.2441344948    0.00266990335561  
