      wave_micron            flux_mjy  
  0.0154221819325                 0.0  
  0.0154783455809                 0.0  
   0.015540258413                 0.0  
  0.0156024189732                 0.0  
  0.0156648289627                 0.0  
  0.0157274883885                 0.0  
  0.0157903989725                 0.0  
   0.015853560715                 0.0  
  0.0159169753591                 0.0  
  0.0159806428986                 0.0  
  0.0160445650983                 0.0  
  0.0161087437552                 0.0  
  0.0161731788756                 0.0  
   0.016237870441                 0.0  
  0.0163028221147                 0.0  
  0.0163680339168                 0.0  
  0.0164335058424                 0.0  
  0.0164992397599                 0.0  
  0.0165652375728                 0.0  
  0.0166314973626                 0.0  
   0.016698022957                 0.0  
  0.0167648163217                 0.0  
  0.0168318755082                 0.0  
  0.0168992024628                 0.0  
  0.0169667991687                 0.0  
  0.0170346676472                 0.0  
  0.0171028048591                 0.0  
  0.0171712168936                 0.0  
  0.0172399017199                 0.0  
  0.0173088613934                 0.0  
  0.0173780969564                 0.0  
  0.0174476083969                 0.0  
  0.0175173988859                 0.0  
  0.0175874684342                 0.0  
  0.0176578192002                 0.0  
  0.0177284500972                 0.0  
  0.0177993632902                 0.0  
  0.0178705609874                 0.0  
  0.0179420431955                 0.0  
  0.0180138121572                 0.0  
  0.0180858667379                 0.0  
  0.0181582103376                 0.0  
   0.018230842962                 0.0  
  0.0183037669249                 0.0  
  0.0183769822319                 0.0  
  0.0184504900473                 0.0  
  0.0185242915451                 0.0  
  0.0185983891149                 0.0  
  0.0186727827634                 0.0  
  0.0187474736943                 0.0  
  0.0188224631215                 0.0  
  0.0188977535148                 0.0  
  0.0189733436286                 0.0  
  0.0190492372098                 0.0  
  0.0191254342705                 0.0  
  0.0192019360793                 0.0  
  0.0192787439165                 0.0  
  0.0193558590743                 0.0  
  0.0194332828569                 0.0  
  0.0195110152532                 0.0  
  0.0195890602365                 0.0  
  0.0196674164828                 0.0  
  0.0197460853146                 0.0  
  0.0198250694374                 0.0  
  0.0199043702325                 0.0  
  0.0199839877024                 0.0  
  0.0200639232226                 0.0  
  0.0201441795976                 0.0  
  0.0202247554125                 0.0  
  0.0203056549267                 0.0  
  0.0203868781584                 0.0  
  0.0204684250949                 0.0  
  0.0205502986369                 0.0  
  0.0206325002631                 0.0  
  0.0207150299721                 0.0  
  0.0207978907469                 0.0  
  0.0208810810743                 0.0  
  0.0209646054901                 0.0  
  0.0210484640106                 0.0  
  0.0211326581768                 0.0  
  0.0212171895475                 0.0  
  0.0213020581165                 0.0  
  0.0213872654403                 0.0  
  0.0214728147007                 0.0  
  0.0215587059078                 0.0  
  0.0216449406729                 0.0  
  0.0217315206258                 0.0  
  0.0218184474159                 0.0  
  0.0219057210389                 0.0  
  0.0219933431436                 0.0  
  0.0220813170987                 0.0  
  0.0221696429202                 0.0  
  0.0222583205902                 0.0  
  0.0223473535396                 0.0  
  0.0224367435202                 0.0  
  0.0225264905366                 0.0  
  0.0226165963424                 0.0  
  0.0227070627134                 0.0  
   0.022797891448                 0.0  
  0.0228890825408                 0.0  
  0.0229806396339                 0.0  
  0.0230725608835                 0.0  
  0.0231648518352                 0.0  
  0.0232575106339                 0.0  
  0.0233505410324                 0.0  
  0.0234439430362                 0.0  
  0.0235377185467                 0.0  
  0.0236318694907                 0.0  
  0.0237263978211                 0.0  
  0.0238213035385                 0.0  
  0.0239165886016                 0.0  
  0.0240122549961                 0.0  
  0.0241083027081                 0.0  
  0.0242047378153                 0.0  
  0.0243015562579                 0.0  
  0.0243987621108                 0.0  
   0.024496357451                 0.0  
  0.0245943422758                 0.0  
  0.0246927207968                 0.0  
  0.0247914908945                 0.0  
  0.0248906568236                 0.0  
  0.0249902185834                 0.0  
  0.0250901805246                 0.0  
  0.0251905404622                 0.0  
  0.0252913027928                 0.0  
  0.0253924675203                 0.0  
   0.025494039142                 0.0  
  0.0255960154078                 0.0  
  0.0256983985612                 0.0  
  0.0258011932004                 0.0  
  0.0259043970131                 0.0  
  0.0260080146481                 0.0  
    0.02611204611                 0.0  
  0.0262164937597                 0.0  
  0.0263213599946                 0.0  
  0.0264266472488                 0.0  
  0.0265323530848                 0.0  
   0.026638482369                 0.0  
  0.0267450350961                 0.0  
  0.0268520162481                 0.0  
  0.0269594233237                 0.0  
   0.027067261363                 0.0  
  0.0271755303777                 0.0  
  0.0272842329335                 0.0  
  0.0273933690209                 0.0  
   0.027502943863                 0.0  
  0.0276129548334                 0.0  
  0.0277234072187                 0.0  
  0.0278343010305                 0.0  
  0.0279456389615                 0.0  
  0.0280574210034                 0.0  
  0.0281696498716                 0.0  
  0.0282823283267                 0.0  
  0.0283954591745                 0.0  
  0.0285090395999                 0.0  
  0.0286230752233                 0.0  
  0.0287375689239                 0.0  
  0.0288525178234                 0.0  
  0.0289679276849                 0.0  
  0.0290838014637                 0.0  
  0.0292001362195                 0.0  
  0.0293169348659                 0.0  
  0.0294342033877                 0.0  
  0.0295519418269                 0.0  
  0.0296701471117                 0.0  
  0.0297888284028                 0.0  
  0.0299079857543                 0.0  
  0.0300276160314                 0.0  
  0.0301477254602                 0.0  
  0.0302683172275                 0.0  
  0.0303893913559                 0.0  
  0.0305109478221                 0.0  
  0.0306329930995                 0.0  
  0.0307555239287                 0.0  
  0.0308785468721                 0.0  
  0.0310020619542                 0.0  
  0.0311260691522                 0.0  
  0.0312505718008                 0.0  
  0.0313755767274                 0.0  
  0.0315010770906                 0.0  
  0.0316270832193                 0.0  
  0.0317535916642                 0.0  
  0.0318806059038                 0.0  
  0.0320081259079                 0.0  
  0.0321361587989                 0.0  
  0.0322647046199                 0.0  
  0.0323937633655                 0.0  
  0.0325233386688                 0.0  
  0.0326534305126                 0.0  
   0.032784046325                 0.0  
  0.0329151823899                 0.0  
  0.0330468424368                 0.0  
  0.0331790302653                 0.0  
  0.0333117458776                 0.0  
  0.0334449931253                 0.0  
  0.0335787720014                 0.0  
  0.0337130864104                 0.0  
  0.0338479403317                 0.0  
  0.0339833297668                 0.0  
   0.034119266773                 0.0  
    0.03425574124                 0.0  
  0.0343927653635                 0.0  
  0.0345303371289                 0.0  
  0.0346684564989                 0.0  
  0.0348071318312                 0.0  
  0.0349463589249                 0.0  
  0.0350861462674                 0.0  
  0.0352264895855                 0.0  
  0.0353673953179                 0.0  
  0.0355088656611                 0.0  
  0.0356509006117                 0.0  
   0.035793504579                 0.0  
  0.0359366775568                 0.0  
  0.0360804262925                 0.0  
  0.0362247462568                 0.0  
  0.0363696465556                 0.0  
  0.0365151249103                 0.0  
  0.0366611859421                 0.0  
  0.0368078296413                 0.0  
  0.0369550607037                 0.0  
  0.0371028815203                 0.0  
  0.0372512920825                 0.0  
  0.0374002972022                 0.0  
  0.0375498993313                 0.0  
  0.0377000984646                 0.0  
  0.0378508995351                 0.0  
  0.0380023025414                 0.0  
  0.0381543124999                 0.0  
  0.0383069294135                 0.0  
  0.0384601558058                 0.0  
  0.0386139968225                 0.0  
  0.0387684524758                 0.0  
   0.038923528001                 0.0  
  0.0390792207552                 0.0  
  0.0392355386861                 0.0  
  0.0393924818217                 0.0  
  0.0395500501301                 0.0  
  0.0397082517653                 0.0  
  0.0398670839996                 0.0  
  0.0400265523356                 0.0  
   0.040186659577                 0.0  
  0.0403474057178                 0.0  
  0.0405087935511                 0.0  
  0.0406708287828                 0.0  
  0.0408335143331                 0.0  
  0.0409968472931                 0.0  
  0.0411608334584                 0.0  
  0.0413254787495                 0.0  
  0.0414907802101                 0.0  
   0.041656743801                 0.0  
  0.0418233695127                 0.0  
  0.0419906634194                 0.0  
  0.0421586255298                 0.0  
   0.042327258912                 0.0  
  0.0424965698167                 0.0  
  0.0426665551097                 0.0  
  0.0428372210879                 0.0  
  0.0430085709616                 0.0  
  0.0431806047274                 0.0  
  0.0433533288696                 0.0  
  0.0435267401058                 0.0  
  0.0437008482999                 0.0  
   0.043875650142                 0.0  
  0.0440511522978                 0.0  
  0.0442273581705                 0.0  
  0.0444042677676                 0.0  
  0.0445818844935                 0.0  
  0.0447602117949                 0.0  
  0.0449392531611                 0.0  
  0.0451190085759                 0.0  
  0.0452994851091                 0.0  
  0.0454806827765                 0.0  
  0.0456626087953                 0.0  
  0.0458452558873                 0.0  
  0.0460286386326                 0.0  
  0.0462127533948                 0.0  
  0.0463976038551                 0.0  
   0.046583193743                 0.0  
   0.046769526837                 0.0  
   0.046956606966                 0.0  
  0.0471444302599                 0.0  
  0.0473330082767                 0.0  
  0.0475223410627                 0.0  
  0.0477124325616                 0.0  
  0.0479032787694                 0.0  
  0.0480948956441                 0.0  
  0.0482872751942                 0.0  
  0.0484804213891                 0.0  
  0.0486743423835                 0.0  
  0.0488690423574                 0.0  
  0.0490645171557                 0.0  
  0.0492607751063                 0.0  
  0.0494578204664                 0.0  
  0.0496556489567                 0.0  
   0.049854273417                 0.0  
  0.0500536895535                 0.0  
  0.0502539060659                 0.0  
  0.0504549185427                 0.0  
  0.0506567402489                 0.0  
  0.0508593667607                 0.0  
  0.0510628025253                 0.0  
  0.0512670566381                 0.0  
  0.0514721245518                 0.0  
  0.0516780108055                 0.0  
  0.0518847246999                 0.0  
   0.052092261563                 0.0  
  0.0523006307993                 0.0  
  0.0525098324223                 0.0  
  0.0527198760571                 0.0  
  0.0529307520196                 0.0  
  0.0531424748511                 0.0  
  0.0533550445924                 0.0  
  0.0535684662058                 0.0  
  0.0537827396889                 0.0  
  0.0539978700401                 0.0  
  0.0542138623369                 0.0  
  0.0544307165721                 0.0  
  0.0546484430685                 0.0  
  0.0548670366526                 0.0  
  0.0550865024807                 0.0  
  0.0553068511252                 0.0  
  0.0555280772875                 0.0  
  0.0557501916691                 0.0  
  0.0559731888451                 0.0  
  0.0561970851542                 0.0  
  0.0564218696252                 0.0  
    0.05664755882                 0.0  
  0.0568741471904                 0.0  
   0.057101645976                 0.0  
  0.0573300495008                 0.0  
  0.0575593691465                 0.0  
  0.0577896107521                 0.0  
   0.058020768517                 0.0  
   0.058252848197                 0.0  
  0.0584858616093                 0.0  
  0.0587198028284                 0.0  
  0.0589546838262                 0.0  
  0.0591905046543                 0.0  
  0.0594272652747                 0.0  
  0.0596649717642                 0.0  
  0.0599036365615                 0.0  
  0.0601432471883                 0.0  
  0.0603838224564                 0.0  
  0.0606253560613                 0.0  
  0.0608678607795                 0.0  
  0.0611113301733                 0.0  
  0.0613557771937                 0.0  
  0.0616012018839                 0.0  
  0.0618476041939                 0.0  
  0.0620949907005                 0.0  
  0.0623433748748                 0.0  
  0.0625927500343                 0.0  
  0.0628431160694                 0.0  
  0.0630944935939                 0.0  
  0.0633468688088                 0.0  
  0.0636002555816                 0.0  
  0.0638546539134                 0.0  
   0.064110078039                 0.0  
  0.0643665136604                 0.0  
  0.0646239823258                 0.0  
  0.0648824768223                 0.0  
  0.0651420117993                 0.0  
  0.0654025799059                 0.0  
  0.0656641884884                 0.0  
  0.0659268450311                 0.0  
  0.0661905495202                 0.0  
  0.0664553095403                 0.0  
  0.0667211328193                 0.0  
  0.0669880194077                 0.0  
  0.0672559692546                 0.0  
   0.067524998104                 0.0  
  0.0677950980645                 0.0  
  0.0680662770408                 0.0  
  0.0683385430896                 0.0  
  0.0686118962156                 0.0  
   0.068886340455                 0.0  
   0.069161888209                 0.0  
  0.0694385353599                 0.0  
   0.069716290261                 0.0  
  0.0699951528868                 0.0  
  0.0702751360196                 0.0  
   0.070556235388                 0.0  
  0.0708384595976                 0.0  
  0.0711218130144                 0.0  
  0.0714063000362                 0.0  
  0.0716919250936                 0.0  
    0.07197869265                 0.0  
  0.0722666072029                 0.0  
  0.0725556732844                 0.0  
  0.0728459000873                 0.0  
  0.0731372830003                 0.0  
  0.0734298312522                 0.0  
  0.0737235495201                 0.0  
  0.0740184425194                 0.0  
  0.0743145198186                 0.0  
  0.0746117766219                 0.0  
  0.0749102225396                 0.0  
  0.0752098624475                 0.0  
  0.0755107012636                 0.0  
  0.0758127489591                 0.0  
  0.0761159955082                 0.0  
  0.0764204609911                 0.0  
  0.0767261454929                 0.0  
  0.0770330489826                 0.0  
  0.0773411817395                 0.0  
  0.0776505437441                 0.0  
  0.0779611454547                 0.0  
  0.0782729922069                 0.0  
  0.0785860840041                 0.0  
  0.0789004261565                 0.0  
  0.0792160294956                 0.0  
   0.079532894053                 0.0  
   0.079851025297                 0.0  
  0.0801704287509                 0.0  
  0.0804911099934                 0.0  
  0.0808130746602                 0.0  
  0.0811363284449                 0.0  
  0.0814608713158                 0.0  
  0.0817867147778                 0.0  
  0.0821138647046                 0.0  
  0.0824423211076                 0.0  
  0.0827720898447                 0.0  
   0.083103176837                 0.0  
  0.0834355880695                 0.0  
  0.0837693295932                 0.0  
  0.0841044075257                 0.0  
  0.0844408280531                 0.0  
  0.0847785911656                 0.0  
  0.0851177030393                 0.0  
  0.0854581762863                 0.0  
  0.0858000109601                 0.0  
  0.0861432069836                 0.0  
  0.0864877837083                 0.0  
   0.086833734686                 0.0  
   0.087181066378                 0.0  
  0.0875297920005                 0.0  
  0.0878799115976                 0.0  
  0.0882314318658                 0.0  
  0.0885843527423                 0.0  
  0.0889386947135                 0.0  
  0.0892944509877                 0.0  
  0.0896516284288                 0.0  
  0.0900102339858                 0.0  
  0.0903702746949                 0.0  
  0.0907317505044                 0.0  
  0.0910946829245                 0.0  
  0.0914590575601                 0.0  
  0.0918248961623                 0.0  
  0.0921921988168                 0.0  
  0.0925609654697                 0.0  
  0.0929312109813                 0.0  
  0.0933029353717                 0.0  
  0.0936761461684                 0.0  
  0.0940508509988                 0.0  
  0.0944270498198                 0.0  
  0.0948047581127                 0.0  
  0.0951839838158                 0.0  
  0.0955647190532                 0.0  
  0.0959469715991                 0.0  
  0.0963307655121                 0.0  
  0.0967160847083                 0.0  
  0.0971029535334                 0.0  
  0.0974913638291                 0.0  
  0.0978813237277                 0.0  
  0.0982728498947                 0.0  
    0.09866594241                 0.0  
   0.099060609758                 0.0  
  0.0994568519222                 0.0  
  0.0998546774253                 0.0  
   0.100254094913                 0.0  
   0.100655113158                 0.0  
   0.101057732156                 0.0  
   0.101461960725                 0.0  
   0.101867807811                 0.0  
   0.102275282494                 0.0  
   0.102684384796                 0.0  
   0.103095123848                 0.0  
   0.103507499581                 0.0  
   0.103921530592                 0.0  
   0.104337216941                 0.0  
   0.104754568095                 0.0  
   0.105173584024                 0.0  
   0.105594283976                 0.0  
   0.106016658262                 0.0  
   0.106440726351                 0.0  
   0.106866488265                 0.0  
   0.107293953898                 0.0  
     0.1077231333                 0.0  
   0.108154016287                 0.0  
   0.108586633294                 0.0  
   0.109020984491                 0.0  
   0.109457069886                 0.0  
   0.109894899843                 0.0  
   0.110334474284                 0.0  
   0.110775814355                 0.0  
   0.111218920147                 0.0  
   0.111663791584                 0.0  
   0.112110450329                 0.0  
   0.112558885443                 0.0  
   0.113009129988                 0.0  
   0.113461161814                 0.0  
   0.113915003126                 0.0  
   0.114370665274                 0.0  
   0.114828148301                 0.0  
   0.115287463664                 0.0  
   0.115748611332                 0.0  
   0.116211602869                 0.0  
   0.116676450037                 0.0  
   0.117143152835                 0.0  
   0.117611735198                 0.0  
   0.118082173035                 0.0  
   0.118554502557                 0.0  
   0.119028723913                 0.0  
   0.119504837073                 0.0  
   0.119982854371                 0.0  
   0.120462788359                 0.0  
   0.120944639055                 0.0  
   0.121428419148                 0.0  
   0.121914128591                 0.0  
   0.122401793275                 0.0  
   0.122891400238                 0.0  
   0.123382962455                 0.0  
   0.123876493133                 0.0  
   0.124372005713                 0.0  
   0.124869486696                 0.0  
    0.12536896306                 0.0  
   0.125870448651                 0.0  
   0.126373929725                 0.0  
   0.126879419965                 0.0  
   0.127386933305                 0.0  
   0.127896483936                 0.0  
   0.128408071933                 0.0  
   0.128921697178                 0.0  
   0.129437388564                 0.0  
   0.129955146271                 0.0  
   0.130474955445                 0.0  
   0.130996860392                 0.0  
   0.131520846332                 0.0  
   0.132046928203                 0.0  
   0.132575121227                 0.0  
   0.133105425465                 0.0  
   0.133637840778                 0.0  
   0.134172398206                 0.0  
   0.134709082127                 0.0  
   0.135247924046                 0.0  
   0.135788908058                 0.0  
   0.136332066143                 0.0  
   0.136877390275                 0.0  
   0.137424904887                 0.0  
   0.137974601796                 0.0  
   0.138526497437                 0.0  
   0.139080608566                 0.0  
   0.139636926768                 0.0  
    0.14019547741                 0.0  
   0.140756260558                 0.0  
   0.141319284768                 0.0  
   0.141884558656                 0.0  
   0.142452099745                 0.0  
   0.143021908073                 0.0  
   0.143593992447                 0.0  
   0.144168370799                 0.0  
   0.144745043155                 0.0  
   0.145324027728                 0.0  
   0.145905324541                 0.0  
   0.146488942746                 0.0  
   0.147074900997                 0.0  
   0.147663199313                 0.0  
   0.148253847072                 0.0  
   0.148846863384                 0.0  
   0.149442258012                 0.0  
    0.15004002118                 0.0  
   0.150640182132                 0.0  
   0.151242740914                 0.0  
   0.151847717443                 0.0  
   0.152455101654                 0.0  
   0.153064923769                 0.0  
   0.153677183874                 0.0  
   0.154291892196                 0.0  
   0.154909059057                 0.0  
   0.155528694873                 0.0  
    0.15615081016                 0.0  
   0.156775415535                 0.0  
   0.157402521715                 0.0  
   0.158032128636                 0.0  
   0.158664257937                 0.0  
   0.159298909593                 0.0  
   0.159936105631                 0.0  
   0.160575857307                 0.0  
   0.161218153334                 0.0  
   0.161863027494                 0.0  
    0.16251047988                 0.0  
   0.163160521938                 0.0  
   0.163813165237                 0.0  
   0.164468421468                 0.0  
   0.165126290561                 0.0  
   0.165786796153                 0.0  
   0.166449938238                 0.0  
     0.1671157409                 0.0  
   0.167784204206                 0.0  
   0.168455340333                 0.0  
   0.169129161595                 0.0  
   0.169805680445                 0.0  
   0.170484909475                 0.0  
   0.171166848655                 0.0  
   0.171851510563                 0.0  
   0.172538920896                 0.0  
   0.173229066678                 0.0  
    0.17392198699                 0.0  
   0.174617682033                 0.0  
   0.175316151747                 0.0  
   0.176017409306                 0.0  
   0.176721481655                 0.0  
   0.177428368893                 0.0  
   0.178138084683                 0.0  
   0.178850628912                 0.0  
   0.179566043354                 0.0  
   0.180284300021                 0.0  
   0.181005441147                 0.0  
   0.181729466868                 0.0  
   0.182456377047                 0.0  
   0.183186200516                 0.0  
   0.183918952014                 0.0  
    0.18465461675                 0.0  
   0.185393239096                 0.0  
   0.186134819272                 0.0  
   0.186879357215                 0.0  
    0.18762686792                 0.0  
   0.188377382046                 0.0  
   0.189130884183                 0.0  
   0.189887405278                 0.0  
   0.190646961147                 0.0  
   0.191409551855                 0.0  
   0.192175193269                 0.0  
    0.19294388525                 0.0  
   0.193715660074                 0.0  
   0.194490534275                 0.0  
    0.19526849138                 0.0  
   0.196049564345                 0.0  
   0.196833753116                 0.0  
   0.197621091384                 0.0  
   0.198411579304                 0.0  
   0.199205234028                 0.0  
    0.20000205552                 0.0  
   0.200802061011                 0.0  
   0.201605267985                 0.0  
   0.202411694179                 0.0  
   0.203221339593                 0.0  
    0.20403422206                 0.0  
   0.204850359677                 0.0  
   0.205669752375                 0.0  
   0.206492436937                 0.0  
   0.207318413552                 0.0  
    0.20814768209                 0.0  
   0.208980261139                 0.0  
   0.209816188758                 0.0  
   0.210655445884                 0.0  
   0.211498071008                 0.0  
   0.212344064232                 0.0  
   0.213193445145                 0.0  
   0.214046213675                 0.0  
   0.214902409677                 0.0  
   0.215762013091                 0.0  
    0.21662506424                 0.0  
   0.217491563183                 0.0  
   0.218361530429                 0.0  
   0.219234965867                 0.0  
   0.220111911284                 0.0  
     0.2209923669                 0.0  
   0.221876332607                 0.0  
   0.222763829578                 0.0  
    0.22365490114                 0.0  
   0.224549503758                 0.0  
   0.225447702921                 0.0  
   0.226349498892                 0.0  
   0.227254891597                 0.0  
   0.228163925989                 0.0  
   0.229076579506                 0.0  
   0.229992874618                 0.0  
   0.230912857412                 0.0  
   0.231836504828                 0.0  
   0.232763839934                 0.0  
   0.233694909994                 0.0  
    0.23462969145                 0.0  
   0.235568207999                 0.0  
   0.236510483745                 0.0  
   0.237456518631                 0.0  
   0.238406337007                 0.0  
   0.239359963648                 0.0  
   0.240317398589                 0.0  
   0.241278666869                 0.0  
   0.242243793968                 0.0  
   0.243212780032                 0.0  
   0.244185624836                 0.0  
   0.245162353976                 0.0  
    0.24614301991                 0.0  
   0.247127569931                 0.0  
   0.248116083417                 0.0  
    0.24910856079                 0.0  
   0.250105002093                 0.0  
   0.251105406992                 0.0  
   0.252109830165                 0.0  
   0.253118271822                 0.0  
   0.254130759937                 0.0  
   0.255147266246                 0.0  
   0.256167846992                 0.0  
   0.257192531015                 0.0  
   0.258221289561                 0.0  
   0.259254180438                 0.0  
   0.260291203866                 0.0  
   0.261332359668                 0.0  
   0.262377707278                 0.0  
   0.263427216902                 0.0  
    0.26448091836                 0.0  
   0.265538842033                 0.0  
   0.266600987898                 0.0  
   0.267667386749                 0.0  
   0.268738069965                 0.0  
   0.269813006064                 0.0  
   0.270892258088                 0.0  
   0.271975826221                 0.0  
   0.273063742733                 0.0  
   0.274156007754                 0.0  
   0.275252620997                 0.0  
    0.27635363168                 0.0  
   0.277459056633                 0.0  
    0.27856887898                 0.0  
    0.27968316611                 0.0  
   0.280801901239                 0.0  
   0.281925101253                 0.0  
   0.283052800615                 0.0  
   0.284185016866                 0.0  
   0.285321749936                 0.0  
   0.286463035083                 0.0  
    0.28760889024                 0.0  
   0.288759333475                 0.0  
   0.289914364678                 0.0  
   0.291074020225                 0.0  
   0.292238318604                 0.0  
   0.293407278456                 0.0  
   0.294580899659                 0.0  
   0.295759219764                 0.0  
   0.296942257868                 0.0  
   0.298130033227                 0.0  
   0.299322545737                 0.0  
   0.300519834195                 0.0  
   0.301721918353                 0.0  
   0.302928798139                 0.0  
   0.304140513331                 0.0  
   0.305357084209                 0.0  
    0.30657851075                 0.0  
    0.30780483376                 0.0  
   0.309036053261                 0.0  
   0.310272189784                 0.0  
   0.311513285199                 0.0  
   0.312759339614                 0.0  
   0.314010374147                 0.0  
   0.315266410121                 0.0  
   0.316527469063                 0.0  
   0.317793594723                 0.0  
   0.319064765213                 0.0  
   0.320341024541                 0.0  
   0.321622395105                 0.0  
    0.32290887681                 0.0  
   0.324200514872                 0.0  
   0.325497309296                 0.0  
   0.326799306137                 0.0  
   0.328106505512                 0.0  
   0.329418930686                 0.0  
   0.330736605174                 0.0  
   0.332059552743                 0.0  
   0.333387773198                 0.0  
   0.334721339076                 0.0  
   0.336060226296                 0.0  
   0.337404459096                 0.0  
   0.338754086995                 0.0  
   0.340109084964                 0.0  
   0.341469528289                 0.0  
   0.342835417322                 0.0  
   0.344206751893                 0.0  
    0.34558358336                 0.0  
   0.346965911735                 0.0  
   0.348353789395                 0.0  
   0.349747189896                 0.0  
   0.351146192895                 0.0  
   0.352550771731                 0.0  
   0.353960980257                 0.0  
   0.355376818476                 0.0  
   0.356798313591                 0.0  
   0.358225521107                 0.0  
   0.359658413196                 0.0  
    0.36109704583                 0.0  
   0.362541447593                 0.0  
   0.363991589687                 0.0  
   0.365447558249                 0.0  
   0.366909353625                 0.0  
   0.368377005178                 0.0  
   0.369850512842                 0.0  
   0.371329906034                 0.0  
   0.372815214556                 0.0  
   0.374306499135                 0.0  
   0.375803698768                 0.0  
   0.377306936059                 0.0  
    0.37881614935                 0.0  
   0.380331432033                 0.0  
   0.381852752824                 0.0  
   0.383380142906                 0.0  
    0.38491366618                 0.0  
   0.386453322919                 0.0  
   0.387999145622                 0.0  
   0.389551134167                 0.0  
   0.391109354508   4.65059422962e-07  
   0.392673773317                 0.0  
   0.394244491082                 0.0  
   0.395821440208                 0.0  
   0.397404756821                 0.0  
   0.398994372669                 0.0  
   0.400590356569                 0.0  
   0.402192708445                 0.0  
    0.40380146314                 0.0  
   0.405416691825                 0.0  
   0.407038359024                 0.0  
    0.40866650028                 0.0  
   0.410301151665                 0.0  
   0.411942349788                 0.0  
   0.413590131812                 0.0  
   0.415244497878                 0.0  
   0.416905485377                 0.0  
   0.418573094084                 0.0  
   0.420247400108                 0.0  
   0.421928364977                 0.0  
   0.423616104768                 0.0  
   0.425310541546   5.14218322724e-07  
   0.427011792894   4.64134149617e-07  
   0.428719859375                 0.0  
   0.430434740904                 0.0  
   0.432156477435                 0.0  
   0.433885109556   1.82632521134e-06  
   0.435620637143                 0.0  
    0.43736310109                 0.0  
   0.439112584969   1.12465469538e-06  
   0.440869004932                 0.0  
   0.442632487246   9.66507324297e-07  
   0.444403032456                 0.0  
   0.446180640438                 0.0  
   0.447965354113   5.76895934446e-07  
   0.449757217111                 0.0  
   0.451556229337   5.11681362358e-07  
   0.453362479596   7.38893552272e-07  
   0.455175923398                 0.0  
   0.456996605151                 0.0  
   0.458824615881   1.21801607333e-06  
   0.460659910107   1.67892376436e-06  
   0.462502533404   5.07969022132e-07  
   0.464352579108   5.13566537476e-07  
    0.46620995338                 0.0  
   0.468074797379   1.84460384969e-06  
   0.469947111716                 0.0  
   0.471826896298                 0.0  
   0.473714199207   7.38940797304e-07  
   0.475609069359   1.51223805549e-06  
   0.477511506824                 0.0  
   0.479421561033   8.75296763195e-07  
   0.481339231788    2.8478133731e-06  
   0.483264569046   2.76331627788e-06  
   0.485197623643     4.101027969e-06  
    0.48713844731   1.43799179884e-06  
    0.48908698843   2.15650640536e-06  
    0.49104335062   2.27281853483e-06  
   0.493007534152   2.97177795126e-06  
   0.494979538549   4.20366103791e-06  
   0.496959470212   3.15902312085e-06  
   0.498947275454   1.38182326778e-06  
    0.50094306216   3.96295806099e-06  
   0.502946885801   5.55166937775e-06  
   0.504958636151   2.39765436857e-06  
   0.506978478729   9.26093615686e-07  
    0.50900641424   5.36176063834e-06  
   0.511042442618   3.28716171593e-06  
   0.513086620388   1.65097388673e-06  
   0.515138947285    2.4755855475e-06  
   0.517199480546   4.25967412194e-06  
   0.519268278468   2.38913761573e-06  
   0.521345341199   3.47044547734e-06  
   0.523430727797   3.31188628072e-06  
   0.525524498426                 0.0  
   0.527626593036   6.67023520181e-06  
   0.529737071145   2.80430489529e-06  
   0.531855993396   3.37790172035e-06  
   0.533983421578    5.7887757512e-06  
   0.536119356013   2.78665908134e-06  
   0.538263859347   3.73557296358e-06  
   0.540416931774   4.46638666697e-06  
   0.542578572662   2.68996486331e-06  
   0.544748909884    4.7916332413e-06  
   0.546927879032   4.90463606534e-06  
   0.549115609922   2.61266450026e-06  
   0.551312070118   5.90585462481e-06  
   0.553517325448   5.57567277282e-06  
   0.555731375711   5.10058533216e-06  
   0.557954321622   3.82346266023e-06  
   0.560186129508   5.85229232008e-06  
    0.56242686716   4.06114108338e-06  
   0.564676568953   7.50263846503e-06  
   0.566935269508   5.91682846846e-06  
   0.569203038998   5.19824031888e-06  
   0.571479842222   1.12974673984e-05  
   0.573765749586   3.95928212168e-06  
   0.576060832897   7.37771690896e-06  
   0.578365056043   4.54273277134e-06  
   0.580678527832   3.32674781972e-06  
   0.583001248583   8.45962352576e-06  
   0.585333255065   5.84850823342e-06  
   0.587674584337    6.1059704404e-06  
   0.590025273757   1.10913501007e-05  
   0.592385360989   8.74677889533e-06  
    0.59475492255   9.25740561519e-06  
    0.59713391995   1.04354877478e-05  
   0.599522469205    8.0971351132e-06  
   0.601920570721   1.32720453052e-05  
   0.604328223989   5.39355549751e-06  
   0.606745547913   8.34935816091e-06  
   0.609172542992    7.9376308384e-06  
   0.611609208806   4.59359762836e-06  
   0.614055667248   8.46146426639e-06  
   0.616511877542   7.88686857532e-06  
   0.618977921892   1.09625205438e-05  
    0.62145384213   1.29014819399e-05  
   0.623939680483   8.76338503259e-06  
    0.62643543682   1.08348616751e-05  
   0.628941153152   1.09383541184e-05  
   0.631456915341   1.51839164909e-05  
   0.633982767257   1.14037329038e-05  
   0.636518664907   1.04153670771e-05  
   0.639064739921   7.23658161989e-06  
   0.641621037484   1.68575571199e-05  
   0.644187512807   9.56008366545e-06  
   0.646764255413   1.13434892173e-05  
   0.649351310787   1.21487478387e-05  
   0.651948724887   1.41088209731e-05  
   0.654556497467   1.25015632752e-05  
   0.657174721394    1.8605388383e-05  
   0.659803444093   2.01333889414e-05  
    0.66244266568   1.85273993375e-05  
   0.665092433462   2.45847627908e-05  
   0.667752795259   1.17062813627e-05  
   0.670423799416    1.2906758631e-05  
    0.67310549481   9.60364792231e-06  
   0.675797930866   3.69773957243e-06  
   0.678501107401   8.77378490021e-06  
   0.681215124321   2.01443648198e-05  
   0.683939981772   1.81735133967e-05  
   0.686675730236   1.65339160105e-05  
   0.689422420776   2.68767658917e-05  
   0.692180105052   3.11409238639e-05  
   0.694948835326   2.76023634946e-05  
   0.697728664482   2.75759700861e-05  
   0.700519539089   1.81559563446e-05  
   0.703321618534   2.52894018329e-05  
   0.706134903276   2.93166034946e-05  
   0.708959447472   1.58635596001e-05  
   0.711795305937   2.75378064108e-05  
   0.714642478514   1.22956883293e-05  
   0.717501076141   2.83086415332e-05  
   0.720371042598   2.61750197733e-05  
   0.723252546752   2.63801503593e-05  
   0.726145531988   3.47949480657e-05  
   0.729050112501   2.75313255715e-05  
   0.731966346677   3.66068208723e-05  
   0.734894175957   2.95173302831e-05  
   0.737833776058   4.04041248363e-05  
   0.740785088054   4.30685377902e-05  
   0.743748230808   3.98165019642e-05  
   0.746723265124   4.76114966919e-05  
   0.749710130124   3.90574004927e-05  
   0.752708947032   4.16287232643e-05  
   0.755719839845   3.75194927746e-05  
   0.758742684465    4.1938137252e-05  
   0.761777667799   5.61699750505e-05  
   0.764824790406   4.19221414212e-05  
   0.767884051683   5.02909865053e-05  
   0.770955579374   5.46058864674e-05  
   0.774039438886   4.68292871816e-05  
   0.777135564917   6.18299495011e-05  
    0.78024415422   6.05703545342e-05  
   0.783365074359   5.24168559874e-05  
   0.786498591855   5.49806308442e-05  
   0.789644572959   5.51944101917e-05  
   0.792803152342   5.95993655422e-05  
   0.795974329745   7.20102502496e-05  
   0.799158242868   6.43045703555e-05  
   0.802354892328   5.18513459704e-05  
   0.805564277528    5.4928128746e-05  
   0.808786539182   6.59448282984e-05  
    0.81202167761    4.1891183109e-05  
    0.81526976432   5.44979716465e-05  
   0.818530871882   5.10120897006e-05  
   0.821805000353   6.77705081746e-05  
   0.825092222719   7.17005856268e-05  
   0.828392613059   5.30065741944e-05  
   0.831706171199   5.07748575334e-05  
   0.835032971668   5.86092867265e-05  
   0.838373090129   7.46225007517e-05  
   0.841726603405   7.38668248577e-05  
   0.845093511678   8.99158874256e-05  
   0.848473892288    6.8034760782e-05  
   0.851867744698   7.15679552651e-05  
   0.855275226474   5.55866443798e-05  
   0.858696338263    7.9155942981e-05  
     0.8621311604   6.81237227844e-05  
   0.865579692848   9.03371917201e-05  
   0.869042016538   8.50440451315e-05  
   0.872518130734   7.04136623193e-05  
   0.876008200591    7.8663710566e-05  
   0.879512226677   5.93744023082e-05  
   0.883030293186   7.48861969239e-05  
   0.886562400028   0.000100525023413  
   0.890108632087   9.70553576427e-05  
   0.893669075629   7.20788171483e-05  
   0.897243818335   9.71548900329e-05  
   0.900832772471   7.32230571972e-05  
   0.904436113504   9.06630417273e-05  
   0.908053841492    9.6244139497e-05  
   0.911686045672   9.56666414119e-05  
    0.91533281677   8.67977695502e-05  
   0.918994155003   9.43616620803e-05  
   0.922670059186   7.68745504652e-05  
   0.926360807225   0.000112306915029  
   0.930066213277   7.76000796844e-05  
   0.933786464124    8.0814762555e-05  
   0.937521655387   6.83510598899e-05  
   0.941271691238   9.75927114567e-05  
    0.94503676327   9.53688809909e-05  
   0.948816969728   6.90138926061e-05  
   0.952612212787   7.58454973256e-05  
   0.956422689039   8.04353509187e-05  
    0.96024839901   7.86621782138e-05  
   0.964089341764   8.19779324034e-05  
   0.967945719061    5.7951592546e-05  
   0.971817531867   6.61259673263e-05  
   0.975704779678   8.65887289844e-05  
   0.979607565052   0.000107506882774  
   0.983525992373   7.21701526194e-05  
    0.98746016788   9.00460747798e-05  
    0.99140998551   7.29247406486e-05  
   0.995375550182    8.3307845918e-05  
   0.999357077529   9.51268535589e-05  
    1.00335456921   8.87074385414e-05  
     1.0073679148   5.58588793571e-05  
    1.01139744463   6.85226625957e-05  
    1.01544304873   6.61081269146e-05  
    1.01950483853   5.90949463228e-05  
    1.02358281331   6.95887006875e-05  
    1.02767708587   7.65766265294e-05  
    1.03178788711   7.88656940863e-05  
    1.03591498602   6.57647587799e-05  
    1.04005861403   6.00188007528e-05  
    1.04421888967   5.02118687717e-05  
     1.0483958139   6.62192711198e-05  
    1.05258938609   0.000100422945287  
    1.05679972569   4.78370558889e-05  
    1.06102695441   9.52111725253e-05  
    1.06527107257   5.27454435769e-05  
     1.0695320789   6.95634927534e-05  
    1.07381022173   7.84452682524e-05  
    1.07810550248    6.4813131578e-05  
    1.08241792093   7.51799428151e-05  
    1.08674760389   6.40599866414e-05  
    1.09109455089   5.95364538353e-05  
    1.09545895593   8.59624417258e-05  
    1.09984075394   6.09883291635e-05  
    1.10424014184   6.14894267991e-05  
    1.10865712028    6.4631249439e-05  
    1.11309168825   5.84353866389e-05  
    1.11754411518   5.74090072578e-05  
    1.12201426596   6.16056217591e-05  
    1.12650234506   5.76342549761e-05  
    1.13100835277   5.15687942096e-05  
    1.13553235792   4.81907384453e-05  
    1.14007450061   5.12158746387e-05  
    1.14463478098   6.05341043454e-05  
    1.14921334131   7.88124344909e-05  
    1.15381018168   4.73198392308e-05  
    1.15842544658   4.56889180171e-05  
    1.16305913603   4.82164976892e-05  
    1.16771132256   4.86904449318e-05  
    1.17238222901   5.01268205897e-05  
     1.1770717062   7.20576511979e-05  
    1.18178005487   3.66616614812e-05  
    1.18650712344   2.21417682137e-05  
    1.19125314023   4.07814479075e-05  
    1.19601818322   4.58210225353e-05  
    1.20080225251   6.38747027077e-05  
    1.20560542555   3.54742487632e-05  
     1.2104278603   6.77947323872e-05  
    1.21526955699   5.75200844778e-05  
    1.22013067626   7.26286035042e-05  
    1.22501121851   5.20761358893e-05  
    1.22991126469   5.64787356202e-05  
    1.23483089651   4.64873756884e-05  
    1.23977019641   7.20017292471e-05  
    1.24472933202   5.92688458594e-05  
    1.24970821917    6.5038284421e-05  
    1.25470702642   7.86588066287e-05  
    1.25972583937   6.71585763798e-05  
    1.26476474446   4.11361151409e-05  
    1.26982382899   3.79336241893e-05  
    1.27490309256   6.19742233379e-05  
    1.28000271133   7.27207812167e-05  
    1.28512277523   5.82149485658e-05  
     1.2902632844   5.86197617398e-05  
    1.29542432843   6.80839432478e-05  
    1.30060599784   5.74617359681e-05  
    1.30580838408   5.23673543241e-05  
     1.3110316732     7.286274563e-05  
    1.31627577206   5.59814173895e-05  
    1.32154086795   5.26037224594e-05  
    1.32682705626   4.53335145179e-05  
    1.33213433675   6.07587306193e-05  
    1.33746290205   7.98507785097e-05  
    1.34281275249   8.67731758048e-05  
    1.34818398535   4.53019088532e-05  
    1.35357669902   6.18854836191e-05  
    1.35899099299   4.52689303748e-05  
    1.36442696787   7.30346153353e-05  
    1.36988472544   8.79115131514e-05  
    1.37536426557    6.3862344483e-05  
    1.38086568994    5.0116318951e-05  
     1.3863892061   5.39589274173e-05  
    1.39193470951   8.21449861738e-05  
    1.39750240935   6.09500529251e-05  
    1.40309251941   6.58052250555e-05  
    1.40870482573   7.93993012883e-05  
    1.41433965025   8.04745112053e-05  
    1.41999699353   5.34477751766e-05  
    1.42567696474   5.09676420601e-05  
    1.43137967438   5.74680726589e-05  
    1.43710523432   4.95011720838e-05  
    1.44285364441   4.22756381136e-05  
    1.44862501663   3.75548455888e-05  
     1.4544195796   5.07293715919e-05  
    1.46023721857   8.83352828414e-05  
    1.46607816418   9.27909952748e-05  
    1.47194253421   3.39885296713e-05  
      1.477830329   5.12629320745e-05  
    1.48374154662   6.68244998603e-05  
    1.48967654556   4.40315491529e-05  
    1.49563532798   6.58447932961e-05  
    1.50161777091   6.06598651634e-05  
    1.50762424051   7.25106815744e-05  
    1.51365473797   5.52333758786e-05  
    1.51970938801   5.40873953396e-05  
    1.52578819019   6.33996047199e-05  
    1.53189139745    7.0593211647e-05  
    1.53801901079   8.25369056691e-05  
    1.54417102887   0.000101629327699  
    1.55034770985   8.01091692698e-05  
    1.55654905389   8.40482115598e-05  
    1.56277532485   5.18493547618e-05  
    1.56902639034   4.10145673356e-05  
    1.57530251691   6.42416812298e-05  
    1.58160370472   7.27494782201e-05  
    1.58793008889   6.93553051353e-05  
    1.59428180649   5.72285734971e-05  
    1.60065899655   6.99184561998e-05  
    1.60706165945   5.14844760837e-05  
    1.61348993491   8.93032826419e-05  
    1.61994382173   8.54459764243e-05  
    1.62642360449    9.6290339577e-05  
    1.63292928386   7.48222038332e-05  
    1.63946100449   8.91873241608e-05  
     1.6460189132   9.69056091388e-05  
     1.6526028614   0.000101551416129  
    1.65921329316     6.834661101e-05  
    1.66585021079   0.000105768480094  
    1.67251361406   8.29192457173e-05  
    1.67920365382   0.000102020087267  
    1.68592048325   5.79164164064e-05  
    1.69266410175   0.000105450601387  
    1.69943482084   8.68201992221e-05  
    1.70623248366   0.000107881018761  
    1.71305740532   0.000100221685556  
     1.7199097473   0.000122080259392  
    1.72678934875   8.74068071116e-05  
    1.73369653225   8.16073349989e-05  
    1.74063129799   0.000113804301796  
    1.74759380992   9.38389015417e-05  
    1.75458423461   0.000106612967261  
    1.76160257222   0.000117890952789  
    1.76864899066   9.05396322721e-05  
    1.77572348875   7.91582731912e-05  
    1.78282640892   6.62920166085e-05  
     1.7899577528   0.000128471533074  
    1.79711751932   0.000117483576939  
    1.80430605936   0.000113170531176  
    1.81152319598   0.000149219800452  
    1.81876928446   0.000126585006129  
    1.82604450707   0.000191107958892  
    1.83334868291     9.372341183e-05  
     1.8406819916   0.000170575473169  
    1.84804480185   0.000172306518283  
    1.85543692875   0.000119239200798  
     1.8628585567    0.00018182705032  
    1.87031006382   0.000172111048345  
    1.87779126121   0.000190117385072  
    1.88530253195   0.000175593950603  
    1.89284368298    0.00017052232043  
    1.90041510239   0.000192134989035  
    1.90801679125   0.000155397500069  
    1.91564874769   0.000182126194529  
    1.92331136998   0.000160835836994  
    1.93100465998   0.000152600904199  
    1.93872861661   0.000213403316433  
    1.94648364868   0.000273311234509  
    1.95426955095    0.00020078917872  
    1.96208652804   0.000235934741313  
    1.96993499966   0.000281694486578  
    1.97781475664   0.000305402478299  
    1.98572600968   0.000380357816091  
    1.99366875669    0.00030347106926  
    2.00164342911   0.000312453953282  
    2.00965002913   0.000295279035134  
     2.0176887777   0.000335266844727  
    2.02575945264   0.000295362162094  
    2.03386249764   0.000284506342932  
    2.04199791323   0.000375188221448  
    2.05016592587   0.000295882670596  
    2.05836653531   0.000306435775434  
    2.06659997086   0.000398823959669  
    2.07486646606   0.000287282378599  
    2.08316602235   0.000435795798038  
    2.09149863802    0.00053185846127  
    2.09986454834   0.000471042147417  
    2.10826399303   0.000541249879945  
    2.11669697217   0.000556044284272  
    2.12516397475   0.000411092581849  
    2.13366451009   0.000486593335605  
    2.14219906852   0.000504936018465  
    2.15076790095   0.000527456234491  
    2.15937100899   0.000565048231869  
    2.16800864708   0.000508160329796  
    2.17668055826   0.000578457329453  
    2.18538725457   0.000441523732461  
    2.19412886786    0.00055660988143  
     2.2029053986    0.00067341621111  
    2.21171697719   0.000715790382946  
    2.22056386918   0.000712377832397  
    2.22944607449   0.000673105532177  
     2.2383638626   0.000680389401394  
    2.24731737067   0.000720056957858  
    2.25630659816   0.000760631698019  
    2.26533182065   0.000742698200537  
    2.27439317825   0.000839976639541  
    2.28349081208   0.000738494810241  
    2.29262472114   0.000821808165965  
    2.30179518955   0.000631895502102  
    2.31100236161   0.000695542547182  
    2.32024638274   0.000733963847726  
    2.32952739949   0.000661238380447  
    2.33884555955   0.000641124953401  
     2.3482008616   0.000778273469737  
    2.35759375493    0.00090799894946  
     2.3670240892   0.000740750278535  
    2.37649216717   0.000819484050099  
    2.38599814264    0.00083800611158  
    2.39554217071   0.000797323786553  
    2.40512425024   0.000791172689361  
    2.41474485293   0.000922557253779  
     2.4244038215   0.000793698131014  
    2.43410131268   0.000869167416555  
    2.44383780997   0.000812903472845  
    2.45361315272     0.0008705855563  
    2.46342750192   0.000820206759364  
    2.47328135334   0.000874647409052  
    2.48317437503    0.00089559923957  
    2.49310706713   0.000687192434386  
     2.5030796008   0.000747926727277  
    2.51309180473   0.000804317747555  
    2.52314419199   0.000720956003581  
    2.53323676388   0.000719736997245  
    2.54336969409   0.000755564904696  
      2.553543158   0.000633306811072  
    2.56375733277   0.000683722173081  
    2.57401239734    0.00076631032522  
    2.58430853246   0.000799679950528  
    2.59464573736   0.000721031167393  
    2.60502437702   0.000637679348634  
    2.61544445152   0.000700635304596  
    2.62590614476   0.000521055647514  
    2.63640983195   0.000617041886719  
    2.64695551462    0.00075942506291  
    2.65754319028    0.00061912856603  
    2.66817343412   0.000639733487828  
    2.67884605387   0.000526399443494  
    2.68956143808     0.0006649917182  
    2.70031978513    0.00067144709156  
    2.71112109538   0.000596915429733  
     2.7219655669   0.000533773742795  
    2.73285339999   0.000548088824616  
    2.74378479725   0.000633897153142  
    2.75475996361   0.000556168320117  
    2.76577889803   0.000480581917225  
     2.7768420153   0.000485570591838  
    2.78794952761   0.000405301528116  
    2.79910122283   0.000377818683028  
    2.81029773829   0.000391349480543  
    2.82153886012   0.000448724531867  
    2.83282501905   0.000419123489524  
    2.84415621465   0.000500269847872  
    2.85553288641   0.000600520276341  
     2.8669550358   0.000360567942501  
    2.87842288562   0.000340371962916  
    2.88993666146   0.000507967987643  
    2.90149636242   0.000430712567115  
    2.91310221432   0.000477370765594  
    2.92475467888   0.000444080639687  
    2.93645375843   0.000324718770411  
    2.94819945083   0.000381800385467  
    2.95999246544    0.00036068183214  
    2.97183232698   0.000359764233862  
    2.98371975291    0.00032569255155  
    2.99565450142   0.000270348104091  
    3.00763705757   0.000332976722687  
    3.01966766914   0.000244181000461  
    3.03174633682   0.000359522536013  
     3.0438733091   0.000230582945328  
    3.05604883781   0.000215232764093  
    3.06827292179   0.000261635792082  
    3.08054607218   0.000149532310414  
    3.09286829073    0.00022062169753  
    3.10523983715    0.00016231959926  
       3.11766071   0.000115591015464  
    3.13013143684   0.000187649397108  
     3.1426520194   0.000183458097472  
     3.1552224546    0.00017994016241  
    3.16784328125   0.000136498916619  
    3.18051477514    0.00013045015423  
    3.19323693827   0.000165647343889  
    3.20600976777   0.000166876746745  
    3.21883382034   8.02196181834e-05  
    3.23170909668   0.000112310964751  
    3.24463587936   0.000112918062686  
    3.25761445513   0.000140584637446  
    3.27064511496   0.000168753713446  
    3.28372756669   0.000149623069553  
    3.29686239202   0.000135304780903  
    3.31004988796    0.00010874600878  
    3.32329005515   0.000162528047897  
    3.33658319242   0.000218000565656  
    3.34992960313   8.19075793779e-05  
    3.36332928717   0.000198223183918  
    3.37678254987   0.000113743206613  
    3.39028970127   0.000214458541758  
    3.40385105624   6.04082555903e-05  
    3.41746629822   8.64860046605e-05  
    3.43113637807   9.73639750001e-05  
    3.44486065569   0.000145423733938  
    3.45864009442   0.000103466546776  
    3.47247469798   0.000106860126977  
    3.48636479597   7.38065863845e-05  
    3.50031005569   5.83093102257e-05  
    3.51431147419    9.4363629425e-05  
    3.52836871873   0.000100953782966  
    3.54248212415   6.84803144852e-05  
    3.55665203068   4.67081162189e-05  
    3.57087878411   7.06968089491e-05  
    3.58516203559   9.21373552394e-05  
    3.59950283138   3.46781011042e-05  
    3.61390082286   9.00143006788e-05  
    3.62835636186   9.99314815629e-05  
    3.64286980603   2.06800041395e-05  
    3.65744115459   4.36695658599e-05  
     3.6720711358   7.06632731357e-05  
    3.68675938494   5.26599619409e-05  
    3.70150626634   2.06218895012e-05  
    3.71631252674   9.46895645892e-05  
    3.73117779346   4.33461015255e-05  
    3.74610244067   6.67888901594e-05  
     3.7610868489   3.45980540351e-05  
    3.77613101678   4.64498314415e-05  
    3.79123572024   4.34071813445e-05  
    3.80640057035   3.26948980943e-05  
    3.82162635332   7.11072368914e-05  
     3.8369126718   1.88998787566e-05  
    3.85226032249   2.86170624001e-05  
    3.86766930695   3.14193323624e-05  
    3.88314003164   1.99113918829e-05  
    3.89867249609   2.99533860302e-05  
    3.91426752862   4.25017489248e-05  
    3.92992429535   4.87149818316e-05  
    3.94564404997   5.62406200477e-05  
    3.96142679819   4.37564053031e-05  
    3.97727253972   3.04494491297e-05  
    3.99318170256   4.15949187708e-05  
    4.00915428459   5.41350381694e-05  
    4.02519071885   3.75373482809e-05  
    4.04129144627    2.6120756534e-05  
     4.0574569158   1.02003985098e-05  
    4.07368668043   4.86230264365e-05  
    4.08998118387   3.77689167898e-05  
    4.10634133737   4.59443292173e-05  
    4.12276668611   2.82389604431e-05  
    4.13925768777   4.35760164609e-05  
     4.1558148085   3.45957724257e-05  
    4.17243804884   4.09821502634e-05  
    4.18912788102   4.78135716435e-05  
    4.20588430424                 0.0  
    4.22270779694   2.29104050239e-05  
    4.23959884661   9.38455921817e-06  
    4.25655696277   2.07291800836e-05  
    4.27358312521   4.61871150112e-05  
    4.29067733583   4.73080514484e-05  
    4.30784009553   5.40452784665e-05  
    4.32507140516   7.13420125172e-05  
    4.34237177264                 0.0  
    4.35974119784   2.75045171571e-05  
    4.37718045687   1.03628133911e-05  
    4.39468902883   3.49366290092e-05  
    4.41226796031      1.23964293e-05  
    4.42991698849   2.87259777289e-05  
    4.44763664356   1.23282509737e-05  
    4.46542719446   1.25461336589e-05  
    4.48328891197                 0.0  
    4.50122206872   9.90958408752e-06  
    4.51922693926   2.80568456251e-05  
    4.53730380009   2.56782850716e-05  
    4.55545292971   4.47463560425e-05  
    4.57367489354   2.65954361742e-05  
     4.5919694066   1.12777981005e-05  
    4.61033732575   1.25049896971e-05  
    4.62877865296   5.58438346533e-06  
     4.6472939715   2.62127262573e-05  
    4.66588298672   9.59203707685e-06  
    4.68454658297   6.35880297212e-06  
     4.7032847621   6.76241770439e-05  
     4.7220978225   1.40670562585e-05  
    4.74098637113   1.18860600699e-05  
    4.75995010145    2.1547645134e-05  
    4.77898993408   3.85632584233e-05  
    4.79810587133                 0.0  
    4.81729854038     1.509207715e-05  
    4.83656762537   1.40450635526e-05  
     4.8559137564    1.3661228824e-05  
    4.87533757653   3.63910198765e-05  
    4.89483876301   2.51671343546e-05  
    4.91441829106   1.40594841821e-05  
    4.93407583344    1.2725141428e-05  
     4.9538123818                 0.0  
    4.97362760448   2.78310347426e-05  
    4.99352183074   3.81406221121e-05  
    5.01349607765   2.65327474177e-05  
    5.03355000696   2.54824174627e-05  
    5.05368430539    3.0572527558e-05  
    5.07389897276   7.31165370344e-06  
    5.09419470807   2.16128631211e-05  
    5.11457151245   1.79521075703e-05  
     5.1350297384   3.23567523017e-05  
    5.15556974197   4.82940874238e-05  
    5.17619188281   3.81287051247e-05  
    5.19689689217   3.91761131579e-05  
    5.21768440439   6.07439693353e-05  
    5.23855515541     3.135856335e-05  
    5.25950952014   5.68738498168e-05  
    5.28054749769   9.57315232093e-05  
    5.30166946194   4.43368445189e-05  
    5.32287617669   4.83236384431e-05  
     5.3441676442   7.07394205086e-05  
    5.36554464285   3.37812076123e-05  
    5.38700678205   0.000103374718321  
    5.40855484569   6.92793124453e-05  
    5.43018883146     5.544116305e-05  
     5.4519095384   5.63196139261e-05  
    5.47371737491   1.96788562164e-05  
    5.49561234274   4.47677044674e-05  
    5.51759443527    3.7957610704e-05  
    5.53966489128   8.32861424036e-05  
    5.56182371703   5.50746616714e-05  
    5.58407091037   7.15365431181e-05  
    5.60640731682   8.05298248938e-05  
    5.62883293749   0.000122631873518  
    5.65134819992   4.08215542209e-05  
    5.67395353681   3.23921145644e-05  
    5.69664938618   8.56207625222e-05  
    5.71943619141   4.53308184964e-05  
    5.74231350316   4.82151284781e-05  
     5.7652831125   6.04640916581e-05  
    5.78834412131   8.99838990867e-05  
    5.81149743365   9.78860031367e-05  
    5.83474351021    5.3041871854e-05  
    5.85808235018   2.31767268454e-05  
    5.88151488606   7.29658773074e-05  
    5.90504064664   8.10408506162e-05  
    5.92866105146   6.14164574278e-05  
    5.95237562645   0.000122414129654  
    5.97618533246   0.000103016272571  
    6.00008968111   7.29578203205e-05  
    6.02409013633   8.74137812342e-05  
     6.0481867053   0.000118223461309  
    6.07237938609   5.44542344663e-05  
     6.0966686737   6.66247416907e-05  
    6.12105558018   8.03348337801e-05  
    6.14553959755    0.00011031580143  
    6.17012174768   0.000132280867463  
    6.19480255328   3.47373647421e-05  
    6.21958149061   9.78336174322e-05  
    6.24446013397   7.05831416738e-05  
    6.26943795744   6.87339706256e-05  
    6.29451548781    9.2020598694e-05  
    6.31969380334   0.000112443437936  
    6.34497236227   4.12636190785e-05  
    6.37035225392   0.000123876398935  
    6.39583347869   0.000120821892337  
    6.42141715049   8.44407932105e-05  
    6.44710271082   8.89137149453e-05  
    6.47289128537   9.06026765842e-05  
    6.49878287572   7.65484441109e-05  
    6.52477805342   7.28436949037e-05  
      6.550876814    6.3160059809e-05  
    6.57708032125   1.65226729607e-05  
    6.60338857865   9.07638322767e-05  
    6.62980217829   7.02151687809e-05  
     6.6563217212   7.55942624009e-05  
    6.68294660092    0.00010464669104  
    6.70967863407   8.61285588353e-05  
    6.73651721316   7.23709512602e-05  
    6.76346356996   4.95436821166e-05  
    6.79051708144   8.82051202209e-05  
    6.81767899338   6.60425319411e-05  
    6.84494994327   3.30262836064e-05  
    6.87232993526   5.31535697166e-05  
    6.89981896307   6.14579714043e-05  
    6.92741831705   5.83874377785e-05  
    6.95512800081   5.61396838173e-05  
    6.98294867158   3.30256179764e-05  
    7.01088032757   3.72583190478e-05  
     7.0389236311   3.55402882619e-05  
    7.06707925516   1.54088719376e-05  
    7.09534788362   6.18715657781e-05  
    7.12372952024   7.97544413979e-06  
    7.15222415796   1.39275326694e-05  
    7.18083318331   1.99434938825e-05  
    7.20955660066   7.87898669729e-06  
    7.23839440342   4.27148818356e-05  
    7.26734801256   3.64622893728e-05  
     7.2964174335   8.52835281901e-05  
    7.32560339154   1.94382995191e-05  
     7.3549058873   7.68736097934e-05  
    7.38432565288   1.78232396402e-05  
    7.41386268406   2.67123817132e-05  
    7.44351771988   2.24919165544e-05  
    7.47329227265   7.00588466227e-05  
    7.50318559143                 0.0  
    7.53319843542   3.17438960819e-05  
    7.56333079768   3.51045435176e-05  
    7.59358423039   2.01213847616e-05  
    7.62395874079   2.75389468966e-05  
    7.65445432458   4.77528205921e-05  
    7.68507177011   2.47261409352e-05  
    7.71581269039   4.02420777752e-05  
    7.74667546895    2.0312514327e-05  
    7.77766254505   3.01320406609e-05  
    7.80877310258   5.78618707704e-05  
    7.84000796151   4.97831813492e-05  
    7.87136795637   8.57659488486e-05  
    7.90285393657   4.38350344806e-05  
    7.93446505168    7.4992302499e-05  
    7.96620300486    7.2269241548e-05  
    7.99806779953   0.000140727357257  
    8.03006030517   8.39023154251e-05  
     8.0621805217    7.6172020156e-05  
    8.09442932911   7.96156809852e-05  
    8.12680672387   4.26440731651e-05  
    8.15931359673   7.12741080766e-05  
    8.19195085476   6.63929074181e-05  
    8.22471942171   0.000101100162144  
    8.25761745204   0.000107025942901  
    8.29064864545   0.000116918995794  
    8.32381114603   5.38696358593e-05  
    8.35710587897   3.74313810555e-05  
    8.39053474565   6.64893974318e-05  
    8.42409679606   3.76189501765e-05  
    8.45779298527   7.98356254768e-05  
    8.49162428634   4.09328363095e-05  
    8.52559070065   5.39567212198e-05  
    8.55969321454    0.00013145152533  
    8.59393182709   5.76511601409e-05  
    8.62830753824   0.000109490724864  
    8.66282136702   0.000176420438047  
    8.69747229125   3.14557877588e-05  
    8.73226235834   0.000118623090956  
    8.76719105115   0.000139680905881  
    8.80225993308   6.43030626909e-05  
    8.83746900884   1.57423042163e-05  
    8.87281880584    7.5596183021e-05  
    8.90830985498   9.65170957866e-05  
    8.94394323548   9.42247619865e-05  
    8.97971894935   0.000134805986621  
      9.015638092   5.12758967015e-05  
    9.05170066437   8.98303944997e-05  
    9.08790721605   9.99324526569e-05  
    9.12425886751   0.000129521821367  
    9.16075618987    6.8521494147e-05  
     9.1973991825   0.000110330076503  
    9.23418841136   9.44419547999e-05  
    9.27112561745   5.47649273919e-05  
    9.30820963329   2.08418602965e-05  
    9.34544280832   0.000133904076066  
    9.38282455567   0.000113217831595  
    9.42035546382   8.97146110791e-05  
    9.45803734441   0.000171032030555  
    9.49586959654   4.53019345989e-05  
    9.53385282337   0.000157179497479  
    9.57198825704   8.54836515637e-05  
    9.61027589683   5.46338218394e-05  
    9.64871699537   0.000179218060641  
    9.68731219181   4.05651491288e-05  
    9.72606148678   6.16474979398e-05  
     9.7649655154   9.00509129506e-05  
    9.80402557306   5.53052682222e-05  
    9.84324166221   0.000112716159577  
    9.88261443541   0.000112937041827  
    9.92214522171   6.59088230441e-05  
    9.96183335024   6.83857585823e-05  
    10.0016808383   0.000107723438995  
     10.041687693   0.000232991009728  
    10.0818545982   0.000135658026276  
    10.1221815468   0.000124173026388  
    10.1626706261   4.71605999562e-05  
    10.2033211391   0.000112778584787  
    10.2441344948    0.00206821553361  
