      wave_micron            flux_mjy  
  0.0156853443263                 0.0  
  0.0157424663449                 0.0  
  0.0158054356507                 0.0  
  0.0158686569118                 0.0  
  0.0159321318584                 0.0  
  0.0159958604977                 0.0  
  0.0160598445808                 0.0  
  0.0161240841083                 0.0  
  0.0161885808528                 0.0  
  0.0162533348082                 0.0  
  0.0163183477691                 0.0  
  0.0163836215635                 0.0  
  0.0164491561976                 0.0  
  0.0165149516526                 0.0  
  0.0165810116545                 0.0  
  0.0166473362235                 0.0  
  0.0167139253547                 0.0  
  0.0167807809484                 0.0  
  0.0168479049407                 0.0  
  0.0169152953802                 0.0  
  0.0169829561599                 0.0  
  0.0170508892791                 0.0  
  0.0171190927561                 0.0  
  0.0171875685703                 0.0  
  0.0172563187389                 0.0  
  0.0173253453176                 0.0  
  0.0173946452152                 0.0  
  0.0174642246251                 0.0  
  0.0175340814816                 0.0  
  0.0176042178752                 0.0  
  0.0176746348662                 0.0  
  0.0177453324422                 0.0  
  0.0178163138284                 0.0  
  0.0178875790356                 0.0  
  0.0179591302593                 0.0  
   0.018030966394                 0.0  
  0.0181030896418                 0.0  
  0.0181755022485                 0.0  
  0.0182482042211                 0.0  
  0.0183211978404                 0.0  
  0.0183944819524                 0.0  
  0.0184680600153                 0.0  
  0.0185419320346                 0.0  
  0.0186161003639                 0.0  
  0.0186905650087                 0.0  
  0.0187653271533                 0.0  
  0.0188403879917                 0.0  
  0.0189157499541                 0.0  
  0.0189914130476                 0.0  
  0.0190673784962                 0.0  
  0.0191436475346                 0.0  
  0.0192202226747                 0.0  
  0.0192971026499                 0.0  
  0.0193742912707                 0.0  
  0.0194517885495                 0.0  
  0.0195295957766                 0.0  
  0.0196077142543                 0.0  
  0.0196861452965                 0.0  
  0.0197648902299                 0.0  
  0.0198439490432                 0.0  
  0.0199233257773                 0.0  
  0.0200030190859                 0.0  
  0.0200830303139                 0.0  
   0.020163362213                 0.0  
   0.020244016188                 0.0  
  0.0203249922415                 0.0  
  0.0204062917725                 0.0  
  0.0204879176333                 0.0  
  0.0205698683849                 0.0  
  0.0206521483595                 0.0  
  0.0207347575754                 0.0  
  0.0208176960197                 0.0  
  0.0209009666426                 0.0  
  0.0209845709483                 0.0  
   0.021068508935                 0.0  
  0.0211527836369                 0.0  
  0.0212373935147                 0.0  
  0.0213223431819                 0.0  
  0.0214076326548                 0.0  
  0.0214932635009                 0.0  
  0.0215792373054                 0.0  
  0.0216655540623                 0.0  
  0.0217522153544                 0.0  
  0.0218392244177                 0.0  
  0.0219265812629                 0.0  
  0.0220142875284                 0.0  
   0.022102344872                 0.0  
  0.0221907549711                 0.0  
  0.0222795178215                 0.0  
     0.0223686351                 0.0  
  0.0224581102329                 0.0  
  0.0225479432363                 0.0  
  0.0226381340923                 0.0  
    0.02272868629                 0.0  
  0.0228196016112                 0.0  
  0.0229108800607                 0.0  
  0.0230025234219                 0.0  
  0.0230945335011                 0.0  
  0.0231869121271                 0.0  
  0.0232796592944                 0.0  
  0.0233727787076                 0.0  
  0.0234662684912                 0.0  
  0.0235601342854                 0.0  
  0.0236543742035                 0.0  
  0.0237489920624                 0.0  
  0.0238439878675                 0.0  
  0.0239393635529                 0.0  
  0.0240351210781                 0.0  
  0.0241312624294                 0.0  
  0.0242277876074                 0.0  
  0.0243246986042                 0.0  
  0.0244219974394                 0.0  
  0.0245196840988                 0.0  
  0.0246177647639                 0.0  
  0.0247162353057                 0.0  
  0.0248150998684                 0.0  
  0.0249143605646                 0.0  
  0.0250140173915                 0.0  
  0.0251140746327                 0.0  
  0.0252145301323                 0.0  
  0.0253153882178                 0.0  
  0.0254166488883                 0.0  
   0.025518316569                 0.0  
  0.0256203890373                 0.0  
  0.0257228707652                 0.0  
  0.0258257617563                 0.0  
  0.0259290665849                 0.0  
  0.0260327829623                 0.0  
  0.0261369131704                 0.0  
  0.0262414618859                 0.0  
  0.0263464267569                 0.0  
  0.0264518125117                 0.0  
  0.0265576191548                 0.0  
  0.0266638490876                 0.0  
  0.0267705047483                 0.0  
  0.0268775886124                 0.0  
   0.026985098201                 0.0  
  0.0270930384635                 0.0  
  0.0272014093945                 0.0  
   0.027310216061                 0.0  
  0.0274194559189                 0.0  
  0.0275291340945                 0.0  
  0.0276392505996                 0.0  
  0.0277498080437                 0.0  
  0.0278608064171                 0.0  
  0.0279722510321                 0.0  
  0.0280841392175                 0.0  
  0.0281964763499                 0.0  
  0.0283092624414                 0.0  
  0.0284225002304                 0.0  
  0.0285361897086                 0.0  
  0.0286503336378                 0.0  
  0.0287649348254                 0.0  
  0.0288799961254                 0.0  
  0.0289955146745                 0.0  
  0.0291114961891                 0.0  
  0.0292279435974                 0.0  
  0.0293448539722                 0.0  
  0.0294622331746                 0.0  
  0.0295800842108                 0.0  
  0.0296984040898                 0.0  
  0.0298171957753                 0.0  
  0.0299364653541                 0.0  
   0.030056212869                 0.0  
  0.0301764351955                 0.0  
   0.030297141651                 0.0  
  0.0304183322902                 0.0  
   0.030540003925                 0.0  
  0.0306621628877                 0.0  
  0.0307848124195                 0.0  
  0.0309079525434                 0.0  
  0.0310315832356                 0.0  
    0.03115571108                 0.0  
  0.0312803327616                 0.0  
  0.0314054549548                 0.0  
  0.0315310776845                 0.0  
  0.0316572009275                 0.0  
  0.0317838280754                 0.0  
  0.0319109660721                 0.0  
  0.0320386079596                 0.0  
  0.0321667642428                 0.0  
  0.0322954314137                 0.0  
  0.0324246130101                 0.0  
  0.0325543090014                 0.0  
  0.0326845266313                 0.0  
  0.0328152659439                 0.0  
  0.0329465269336                 0.0  
  0.0330783132954                 0.0  
   0.033210625012                 0.0  
   0.033343469638                 0.0  
  0.0334768433941                 0.0  
  0.0336107500733                 0.0  
  0.0337451935402                 0.0  
   0.033880173797                 0.0  
  0.0340156947608                 0.0  
  0.0341517564247                 0.0  
  0.0342883627599                 0.0  
  0.0344255178135                 0.0  
  0.0345632175188                 0.0  
   0.034701474139                 0.0  
  0.0348402773911                 0.0  
  0.0349796396789                 0.0  
  0.0351195589536                 0.0  
   0.035260035177                 0.0  
  0.0354010768498                 0.0  
  0.0355426796991                 0.0  
  0.0356848523573                 0.0  
  0.0358275904781                 0.0  
  0.0359709006102                 0.0  
  0.0361147849876                 0.0  
  0.0362592436068                 0.0  
  0.0364042809523                 0.0  
  0.0365498970178                 0.0  
  0.0366960986659                 0.0  
  0.0368428812899                 0.0  
  0.0369902541514                 0.0  
  0.0371382149325                 0.0  
  0.0372867683334                 0.0  
  0.0374359143444                 0.0  
  0.0375856577413                 0.0  
  0.0377360009557                 0.0  
  0.0378869439793                 0.0  
  0.0380384917058                 0.0  
  0.0381906466288                 0.0  
  0.0383434087434                 0.0  
  0.0384967830666                 0.0  
   0.038650769597                 0.0  
  0.0388053734364                 0.0  
   0.038960594588                 0.0  
  0.0391164356184                 0.0  
  0.0392729017611                 0.0  
  0.0394299930284                 0.0  
  0.0395877147451                 0.0  
  0.0397460642231                 0.0  
  0.0399050495458                 0.0  
  0.0400646707415                 0.0  
   0.040224927778                 0.0  
  0.0403858289483                 0.0  
  0.0405473714781                 0.0  
  0.0407095609641                 0.0  
  0.0408724002575                 0.0  
  0.0410358893525                 0.0  
  0.0412000310899                 0.0  
  0.0413648312727                 0.0  
  0.0415302928712                 0.0  
  0.0416964129266                 0.0  
  0.0418631973335                 0.0  
  0.0420306521135                 0.0  
  0.0421987742598                 0.0  
   0.042367569835                 0.0  
  0.0425370388292                 0.0  
  0.0427071874205                 0.0  
  0.0428780156177                 0.0  
   0.043049526541                 0.0  
  0.0432217265482                 0.0  
  0.0433946124512                 0.0  
  0.0435681906547                 0.0  
  0.0437424644236                 0.0  
  0.0439174337544                 0.0  
   0.044093105242                 0.0  
  0.0442694755483                 0.0  
  0.0444465547052                 0.0  
  0.0446243393465                 0.0  
  0.0448028362515                 0.0  
  0.0449820488816                 0.0  
  0.0451619772443                 0.0  
  0.0453426248022                 0.0  
  0.0455239950608                 0.0  
   0.045706091569                 0.0  
  0.0458889143101                 0.0  
  0.0460724704748                 0.0  
   0.046256760079                 0.0  
   0.046441790463                 0.0  
  0.0466275542247                 0.0  
  0.0468140661927                 0.0  
  0.0470013226687                 0.0  
  0.0471893273967                 0.0  
  0.0473780841697                 0.0  
  0.0475675968309                 0.0  
  0.0477578692744                 0.0  
  0.0479488975641                 0.0  
   0.048140693455                 0.0  
  0.0483332569947                 0.0  
  0.0485265921937                 0.0  
  0.0487206949799                 0.0  
  0.0489155815836                 0.0  
   0.049111243877                 0.0  
   0.049307685897                 0.0  
  0.0495049159376                 0.0  
  0.0497029382501                 0.0  
  0.0499017486086                 0.0  
   0.050101355483                 0.0  
  0.0503017632032                 0.0  
  0.0505029674168                 0.0  
  0.0507049811828                 0.0  
   0.050907800134                 0.0  
  0.0511114331187                 0.0  
    0.05131587565                 0.0  
  0.0515211412192                 0.0  
  0.0517272253272                 0.0  
  0.0519341324971                 0.0  
  0.0521418719793                 0.0  
  0.0523504391491                 0.0  
  0.0525598386228                 0.0  
  0.0527700798601                 0.0  
  0.0529811581091                 0.0  
  0.0531930829348                 0.0  
   0.053405854351                 0.0  
   0.053619482147                 0.0  
  0.0538339564734                 0.0  
  0.0540492921197                 0.0  
  0.0542654891273                 0.0  
  0.0544825525434                 0.0  
  0.0547004823653                 0.0  
  0.0549192836769                 0.0  
  0.0551389616421                 0.0  
  0.0553595162538                 0.0  
  0.0555809580109                 0.0  
  0.0558032816516                 0.0  
  0.0560264924201                 0.0  
  0.0562506010693                 0.0  
  0.0564756022102                 0.0  
  0.0567015067269                 0.0  
  0.0569283091019                 0.0  
  0.0571560259525                 0.0  
  0.0573846461207                 0.0  
  0.0576141864508                 0.0  
  0.0578446412999                 0.0  
  0.0580760220995                 0.0  
  0.0583083230765                 0.0  
  0.0585415558071                 0.0  
  0.0587757262298                 0.0  
  0.0590108284451                 0.0  
  0.0592468683068                 0.0  
   0.059483857834                 0.0  
      0.059721791                 0.0  
   0.059960679981                 0.0  
  0.0602005248295                 0.0  
  0.0604413255067                 0.0  
  0.0606830881933                 0.0  
  0.0609258255401                 0.0  
  0.0611695248559                 0.0  
  0.0614142052735                 0.0  
  0.0616598603809                 0.0  
  0.0619065031726                 0.0  
  0.0621541271011                 0.0  
  0.0624027453381                 0.0  
  0.0626523579279                 0.0  
  0.0629029648195                 0.0  
  0.0631545727019                 0.0  
  0.0634071952761                 0.0  
  0.0636608257455                 0.0  
  0.0639154639987                 0.0  
  0.0641711310012                 0.0  
  0.0644278127187                 0.0  
  0.0646855232552                 0.0  
  0.0649442626117                 0.0  
  0.0652040452661                 0.0  
  0.0654648566764                 0.0  
  0.0657267187584                 0.0  
  0.0659896241762                 0.0  
  0.0662535878291                 0.0  
  0.0665186022408                 0.0  
  0.0667846748831                 0.0  
  0.0670518133677                 0.0  
  0.0673200176808                 0.0  
  0.0675892955364                 0.0  
  0.0678596547942                 0.0  
  0.0681310955057                 0.0  
  0.0684036176189                 0.0  
  0.0686772371465                 0.0  
  0.0689519460626                 0.0  
  0.0692277524068                 0.0  
  0.0695046643732                 0.0  
  0.0697826819665                 0.0  
  0.0700618092917                 0.0  
  0.0703420589619                 0.0  
   0.070623426789                 0.0  
  0.0709059212687                 0.0  
  0.0711895423753                 0.0  
  0.0714743031091                 0.0  
  0.0717601991258                 0.0  
  0.0720472391778                 0.0  
  0.0723354277057                 0.0  
  0.0726247691824                 0.0  
  0.0729152681139                 0.0  
    0.07320692904                 0.0  
  0.0734997565348                 0.0  
  0.0737937552076                 0.0  
  0.0740889344083                 0.0  
  0.0743852894469                 0.0  
  0.0746828297095                 0.0  
  0.0749815599532                 0.0  
  0.0752814849739                 0.0  
  0.0755826145031                 0.0  
  0.0758849436633                 0.0  
  0.0761884822289                 0.0  
  0.0764932351588                 0.0  
  0.0767992074549                 0.0  
  0.0771064092587                 0.0  
  0.0774148303731                 0.0  
  0.0777244912211                 0.0  
  0.0780353918892                 0.0  
  0.0783475323458                 0.0  
  0.0786609230457                 0.0  
  0.0789755639691                 0.0  
  0.0792914657527                 0.0  
   0.079608633823                 0.0  
  0.0799270681838                 0.0  
  0.0802467742357                 0.0  
   0.080567762995                 0.0  
  0.0808900344938                 0.0  
   0.081213594294                 0.0  
  0.0815384480128                 0.0  
  0.0818646013243                 0.0  
  0.0821920599602                 0.0  
  0.0825208297115                 0.0  
  0.0828509105458                 0.0  
  0.0831823141643                 0.0  
   0.083515046541                 0.0  
  0.0838491076875                 0.0  
  0.0841845035616                 0.0  
  0.0845212401854                 0.0  
  0.0848593236462                 0.0  
   0.085198760098                 0.0  
   0.085539555763                 0.0  
  0.0858817169328                 0.0  
  0.0862252435974                 0.0  
  0.0865701420383                 0.0  
  0.0869164250829                 0.0  
  0.0872640927855                 0.0  
  0.0876131450676                 0.0  
  0.0879636016111                 0.0  
  0.0883154558578                 0.0  
   0.088668714379                 0.0  
  0.0890233906167                 0.0  
  0.0893794846157                 0.0  
  0.0897370031866                 0.0  
  0.0900959462655                 0.0  
  0.0904563346886                 0.0  
  0.0908181615483                 0.0  
  0.0911814338254                 0.0  
  0.0915461585877                 0.0  
  0.0919123429913                 0.0  
  0.0922799869838                 0.0  
  0.0926491124422                 0.0  
   0.093019704726                 0.0  
  0.0933917859573                 0.0  
  0.0937653562234                 0.0  
  0.0941404154694                 0.0  
  0.0945169788091                 0.0  
  0.0948950462631                 0.0  
  0.0952746254872                 0.0  
  0.0956557242391                 0.0  
  0.0960383424748                 0.0  
    0.09642249594                 0.0  
  0.0968081927081                 0.0  
  0.0971954247693                 0.0  
    0.09758420003                 0.0  
  0.0979745429595                 0.0  
  0.0983664371996                 0.0  
  0.0987599075112                 0.0  
  0.0991549455969                 0.0  
  0.0995515597278                 0.0  
  0.0999497668536                 0.0  
   0.100349567056                 0.0  
   0.100750968963                 0.0  
    0.10115397256                 0.0  
   0.101558586513                 0.0  
   0.101964819616                 0.0  
   0.102372680792                 0.0  
   0.102782170036                 0.0  
   0.103193296316                 0.0  
   0.103606068731                 0.0  
   0.104020496516                 0.0  
   0.104436579694                 0.0  
   0.104854327552                 0.0  
   0.105273740019                 0.0  
   0.105694836009                 0.0  
   0.106117615583                 0.0  
   0.106542088371                 0.0  
   0.106968254342                 0.0  
    0.10739613307                 0.0  
   0.107825714704                 0.0  
   0.108257019043                 0.0  
   0.108690046111                 0.0  
    0.10912480597                 0.0  
   0.109561308842                 0.0  
   0.109999544368                 0.0  
   0.110439543503                 0.0  
   0.110881306421                 0.0  
   0.111324833128                 0.0  
   0.111770134167                 0.0  
   0.112217209458                 0.0  
   0.112666080506                 0.0  
   0.113116747406                 0.0  
   0.113569210079                 0.0  
    0.11402349056                 0.0  
    0.11447957772                 0.0  
   0.114937505188                 0.0  
   0.115397250435                 0.0  
   0.115858836044                 0.0  
    0.11632227356                 0.0  
   0.116787563027                 0.0  
   0.117254716096                 0.0  
   0.117723732736                 0.0  
   0.118194624709                 0.0  
   0.118667403978                 0.0  
    0.11914207054                 0.0  
   0.119618648741                 0.0  
   0.120097114076                 0.0  
   0.120577503377                 0.0  
   0.121059816793                 0.0  
   0.121544054295                 0.0  
   0.122030228427                 0.0  
   0.122518351955                 0.0  
   0.123008424898                 0.0  
    0.12350046016                 0.0  
   0.123994457695                 0.0  
   0.124490443835                 0.0  
   0.124988405397                 0.0  
   0.125488355577                 0.0  
   0.125990307807                 0.0  
   0.126494275758                 0.0  
   0.127000245701                 0.0  
   0.127508245074                 0.0  
    0.12801828796                 0.0  
   0.128530360378                 0.0  
   0.129044476247                 0.0  
   0.129560649739                 0.0  
   0.130078895284                 0.0  
   0.130599212962                 0.0  
   0.131121602652                 0.0  
   0.131646093737                 0.0  
   0.132172686404                 0.0  
   0.132701365544                 0.0  
   0.133232176219                 0.0  
   0.133765103397                 0.0  
   0.134300162271                 0.0  
   0.134837368321                 0.0  
   0.135376721612                 0.0  
   0.135918222001                 0.0  
   0.136461901057                 0.0  
   0.137007742892                 0.0  
   0.137555779549                 0.0  
   0.138105994852                 0.0  
   0.138658421326                 0.0  
   0.139213050809                 0.0  
   0.139769908149                 0.0  
   0.140328985025                 0.0  
   0.140890298152                 0.0  
   0.141453864571                 0.0  
   0.142019675725                 0.0  
   0.142587757413                 0.0  
   0.143158109703                 0.0  
   0.143730741295                 0.0  
   0.144305660953                 0.0  
     0.1448828865                 0.0  
   0.145462417974                 0.0  
   0.146044264332                 0.0  
   0.146628443812                 0.0  
    0.14721495644                 0.0  
   0.147803820742                 0.0  
   0.148395036739                 0.0  
   0.148988613741                 0.0  
   0.149584570717                 0.0  
    0.15018290769                 0.0  
   0.150783634197                 0.0  
   0.151386769673                 0.0  
   0.151992324049                 0.0  
   0.152600287381                 0.0  
   0.153210689412                 0.0  
    0.15382353019                 0.0  
   0.154438829972                 0.0  
   0.155056578518                 0.0  
    0.15567680657                 0.0  
   0.156299514214                 0.0  
    0.15692471185                 0.0  
   0.157552409977                 0.0  
    0.15818261919                 0.0  
   0.158815350183                 0.0  
   0.159450613755                 0.0  
   0.160088420804                 0.0  
   0.160728771267                 0.0  
   0.161371687153                 0.0  
   0.162017168434                 0.0  
   0.162665237514                 0.0  
   0.163315905841                 0.0  
   0.163969161936                 0.0  
   0.164625040157                 0.0  
   0.165283540598                 0.0  
   0.165944674901                 0.0  
   0.166608454833                 0.0  
   0.167274892283                 0.0  
   0.167943987181                 0.0  
   0.168615763567                 0.0  
   0.169290221434                 0.0  
    0.16996738528                 0.0  
   0.170647255169                 0.0  
   0.171329843488                 0.0  
   0.172015162761                 0.0  
   0.172703225652                 0.0  
   0.173394044972                 0.0  
   0.174087620686                 0.0  
   0.174783965587                 0.0  
   0.175483105814                 0.0  
   0.176185028167                 0.0  
   0.176889772394                 0.0  
   0.177597338699                 0.0  
   0.178307727023                 0.0  
   0.179020950763                 0.0  
   0.179737037323                 0.0  
   0.180455986807                 0.0  
   0.181177813108                 0.0  
   0.181902516113                 0.0  
   0.182630138307                 0.0  
   0.183360651225                 0.0  
   0.184094097823                 0.0  
   0.184830478239                 0.0  
   0.185569792332                 0.0  
   0.186312069427                 0.0  
   0.187057324515                 0.0  
   0.187805542552                 0.0  
   0.188556768668                 0.0  
   0.189311003085                 0.0  
   0.190068245741                 0.0  
   0.190828511884                 0.0  
   0.191591832701                 0.0  
   0.192358192514                 0.0  
     0.1931276228                 0.0  
   0.193900139646                 0.0  
   0.194675743117                 0.0  
    0.19545444935                 0.0  
   0.196236258206                 0.0  
    0.19702120251                 0.0  
   0.197809299078                 0.0  
   0.198600531156                 0.0  
   0.199394932263                 0.0  
   0.200192502344                 0.0  
   0.200993275664                 0.0  
   0.201797252382                 0.0  
   0.202604449942                 0.0  
   0.203414868307                 0.0  
   0.204228525003                 0.0  
    0.20504543781                 0.0  
   0.205865624771                 0.0  
   0.206689085885                 0.0  
   0.207515839287                 0.0  
   0.208345903386                 0.0  
   0.209179278109                 0.0  
   0.210016000869                 0.0  
   0.210856071857                 0.0  
   0.211699490941                 0.0  
   0.212546277026                 0.0  
   0.213396468821                 0.0  
   0.214250046937                 0.0  
   0.215107050522                 0.0  
    0.21596747968                 0.0  
   0.216831354335                 0.0  
   0.217698674411                 0.0  
   0.218569480447                 0.0  
   0.219443752038                 0.0  
   0.220321530195                 0.0  
   0.221202814979                 0.0  
    0.22208762725                 0.0  
   0.222975966893                 0.0  
   0.223867876408                 0.0  
   0.224763356022                 0.0  
    0.22566240562                 0.0  
   0.226565046741                 0.0  
   0.227471323449                 0.0  
   0.228381191466                 0.0  
   0.229294717399                 0.0  
   0.230211901517                 0.0  
   0.231132743741                 0.0  
   0.232057289795                 0.0  
    0.23298551673                 0.0  
   0.233917447399                 0.0  
   0.234853128678                 0.0  
   0.235792537111                 0.0  
   0.236735696159                 0.0  
   0.237682653894                 0.0  
   0.238633386357                 0.0  
   0.239587917649                 0.0  
   0.240546272283                 0.0  
   0.241508450202                 0.0  
   0.242474476173                 0.0  
   0.243444375393                 0.0  
   0.244418147897                 0.0  
   0.245395819152                 0.0  
   0.246377415072                 0.0  
   0.247362935807                 0.0  
   0.248352381126                 0.0  
   0.249345777063                 0.0  
   0.250343176971                 0.0  
   0.251344527244                 0.0  
   0.252349908614                 0.0  
    0.25335932151                 0.0  
   0.254372765977                 0.0  
   0.255390241673                 0.0  
   0.256411804211                 0.0  
   0.257437453804                 0.0  
   0.258467218904                 0.0  
   0.259501070763                 0.0  
   0.260539066586                 0.0  
   0.261581235703                 0.0  
   0.262627548869                 0.0  
   0.263678064881                 0.0  
   0.264732783961                 0.0  
    0.26579170593                 0.0  
   0.266854891235                 0.0  
   0.267922309574                 0.0  
   0.268993991277                 0.0  
   0.270069967242                 0.0  
   0.271150237445                 0.0  
   0.272234833207                 0.0  
   0.273323786442                 0.0  
   0.274417065131                 0.0  
   0.275514733392                 0.0  
   0.276616791411                 0.0  
   0.277723272009                 0.0  
   0.278834175318                 0.0  
   0.279949501047                 0.0  
   0.281069299253                 0.0  
   0.282193587055                 0.0  
   0.283322347287                 0.0  
   0.284455648488                 0.0  
   0.285593473589                 0.0  
   0.286735839763                 0.0  
    0.28788278206                 0.0  
   0.289034318324                 0.0  
    0.29019044848                 0.0  
    0.29135120839                 0.0  
   0.292516616291                 0.0  
   0.293686690561                 0.0  
   0.294861431089                 0.0  
   0.296040874868   1.60359970346e-06  
   0.297225040705   2.32698106232e-07  
   0.298413947558   2.07635662689e-07  
   0.299607595302    5.1152813561e-07  
    0.30080602213                 0.0  
   0.302009247464                 0.0  
    0.30321729089                 0.0  
     0.3044301523                 0.0  
   0.305647871155   6.93525382161e-07  
   0.306870467543                 0.0  
   0.308097941391                 0.0  
   0.309330333157                 0.0  
   0.310567663464                 0.0  
   0.311809932292                 0.0  
   0.313057181141                 0.0  
   0.314309410034                 0.0  
   0.315566639853   2.75307602263e-07  
   0.316828913182   5.62430302338e-07  
   0.318096230131   1.08922435952e-06  
   0.319368612178                 0.0  
   0.320646081009                 0.0  
   0.321928658521   3.12030472905e-07  
   0.323216389208   1.08946620229e-06  
   0.324509250809                 0.0  
   0.325807288084                 0.0  
   0.327110523813   1.48404084119e-06  
   0.328418957898                 0.0  
   0.329732636328                 0.0  
   0.331051559108    4.4934725605e-06  
   0.332375773078    1.8438050783e-06  
   0.333705278357   1.77667288268e-06  
   0.335040098608                 0.0  
   0.336380257747                 0.0  
   0.337725779946   6.32720769388e-07  
   0.339076665006   2.48257114785e-07  
   0.340432986705   2.58875411607e-07  
   0.341794720546                 0.0  
   0.343161891185   2.99531958131e-07  
   0.344534548985                 0.0  
   0.345912668488                 0.0  
   0.347296326266                 0.0  
   0.348685522677                 0.0  
   0.350080257549   2.01229359826e-06  
   0.351480583114   3.93961146456e-07  
   0.352886499387                 0.0  
   0.354298059636                 0.0  
   0.355715236968   3.84253506538e-06  
   0.357138112398                 0.0  
   0.358566658811   3.07813710086e-06  
   0.360000930978   1.88480577609e-06  
   0.361440928903                 0.0  
   0.362886680252   2.07304883806e-07  
   0.364338241478   3.81356729706e-06  
   0.365795584278   1.82982999678e-06  
   0.367258765579   1.66273281223e-06  
   0.368727814453   2.14762048995e-06  
   0.370202701609   1.98608482585e-06  
   0.371683514657                 0.0  
   0.373170253946                 0.0  
   0.374662949342                 0.0  
   0.376161600777                 0.0  
   0.377666238169                 0.0  
    0.37917689183                 0.0  
   0.380693623523                 0.0  
   0.382216371204                 0.0  
   0.383745259568                 0.0  
   0.385280225907   3.49096117007e-07  
   0.386821365205                 0.0  
   0.388368645644   5.55107502518e-06  
   0.389922098941                 0.0  
   0.391481790084   3.31493659643e-06  
   0.393047719354   2.22295974766e-06  
   0.394619919803                 0.0  
   0.396198391308   2.99095890531e-07  
   0.397783200948   2.19975867443e-06  
   0.399374314825                 0.0  
   0.400971835143   5.66503004197e-06  
   0.402575693153                 0.0  
   0.404186027304   6.83011393875e-06  
    0.40580276818   4.52033455797e-06  
   0.407425985771                 0.0  
   0.409055680001   5.80173598323e-06  
   0.410691886307   9.89982589071e-06  
   0.412334677075   5.42564649639e-06  
   0.413984016222   1.99751599955e-06  
   0.415639939898   2.16366093006e-06  
   0.417302484792   4.61104011075e-06  
   0.418971688138   6.47350731699e-06  
    0.42064758773   3.49297985994e-06  
   0.422330183714   4.77520522757e-06  
   0.424019514119   1.67195397369e-06  
   0.425715578715   3.26404289016e-06  
    0.42741845491   5.34263002315e-06  
   0.429128103577   1.15859456824e-05  
   0.430844642772     5.228038322e-06  
   0.432567993229   3.19949124761e-06  
   0.434298274541   1.10816728388e-05  
   0.436035487278   2.37509221121e-06  
   0.437779631355   1.25196702216e-05  
   0.439530747406   1.03394760867e-05  
   0.441288876713    9.8697221166e-06  
   0.443054019149   1.12566395068e-05  
   0.444826216307   7.41039801481e-06  
   0.446605553183   5.98366544871e-06  
   0.448391944501    2.0341943886e-05  
   0.450185518681   1.25219796298e-05  
   0.451986276277   1.35610011917e-05  
   0.453794217163   1.40426089797e-06  
   0.455609384994   2.65272855005e-06  
   0.457431824142   1.54874151893e-05  
   0.459261534513   1.40772711074e-05  
   0.461098606424   1.12717167517e-05  
   0.462942994629   7.04443571636e-06  
   0.464794744293   8.85403706703e-06  
   0.466653947995   5.63209373372e-06  
   0.468520559477   1.32759792754e-05  
   0.470394625092   2.11789864234e-05  
    0.47227623977   1.89402908945e-05  
   0.474165308069   2.51190227377e-05  
   0.476061973558   3.08876022615e-05  
   0.477966236859   1.48762049437e-05  
   0.479878097875   1.08905302016e-05  
    0.48179760551   2.58420226804e-05  
   0.483724809516   2.29468724998e-05  
   0.485659709962   2.74696006136e-05  
   0.487602357123   2.42241626077e-05  
   0.489552750798   2.17679188021e-05  
   0.491510941797   1.99104963071e-05  
   0.493476981822   4.12756181833e-05  
   0.495450923487   3.87227376521e-05  
   0.497432714296    3.8391016623e-05  
   0.499422459632   3.76268106207e-05  
   0.501420159773   3.64848146671e-05  
   0.503425814233   2.82135299747e-05  
    0.50543953123   6.32903189633e-05  
   0.507461256159   3.10458081036e-05  
   0.509491098746    3.9530712251e-05  
   0.511529115411   5.22656142914e-05  
   0.513575194045   8.69181589574e-05  
   0.515629502992   4.16599122453e-05  
   0.517692042968   5.51151751335e-05  
   0.519762813907   5.92984618817e-05  
   0.521841873299   6.13866950963e-05  
   0.523929220874   7.75375124331e-05  
   0.526024914845   6.54759264596e-05  
   0.528129014504   8.82587250509e-05  
   0.530241520001   8.21111141743e-05  
   0.532362491404   7.41299834883e-05  
   0.534491989902    0.00010615740586  
    0.53662995442   8.63764684972e-05  
   0.538776445492   9.41300751596e-05  
   0.540931524796   8.23361606691e-05  
   0.543095255176   8.90410675615e-05  
   0.545267636958   0.000100955472861  
   0.547448733858    9.7295663459e-05  
   0.549638546073    9.8316513637e-05  
    0.55183707296   0.000112258453298  
   0.554044444575   0.000114068796443  
    0.55626059541   9.74671554901e-05  
   0.558485657495   8.94276083386e-05  
   0.560719597844   0.000122101961976  
   0.562962483405    0.00011309627755  
   0.565214313975   0.000125484208298  
   0.567475191987   8.54256224785e-05  
   0.569745083194   0.000124808422966  
   0.572024056544   7.91663210995e-05  
   0.574312146998   0.000102570333623  
   0.576609389767   0.000134219171851  
   0.578915856223   0.000126656591524  
   0.581231510563   0.000168060854453  
   0.583556424395   0.000172552944336  
   0.585890670752   0.000178554285587  
   0.588234212906   0.000164038723854  
   0.590587161519   0.000182757770675  
   0.592949516918   0.000136217127171  
   0.595321316499   0.000153270842339  
   0.597702597952   0.000212658730505  
   0.600093399275    0.00017945596921  
   0.602493758773   0.000208591114216  
   0.604903754268   0.000180644775583  
   0.607323346614   0.000187528264428  
   0.609752653807   0.000205074015261  
    0.61219167626   0.000219637399121  
   0.614640413456   0.000214146037275  
   0.617098986326   0.000226570488258  
   0.619567395379   0.000247488555122  
   0.622045640186   0.000273249045565  
   0.624533844723   0.000278469633771  
   0.627031967515   0.000244551407649  
   0.629540092171   0.000286632291086  
   0.632058261237   0.000244057616019  
   0.634586517658   0.000294361832288  
   0.637124861303   0.000285376567793  
   0.639673334899   0.000270917822221  
   0.642232025774   0.000254660576251  
   0.644800978545   0.000286743432553  
   0.647380148471   0.000290996589316  
   0.649969669425   0.000277915221989  
   0.652569587365   0.000275854020769  
   0.655179856736   0.000311678135268  
   0.657800568591   0.000268854434957  
   0.660431769189     0.0002855801481  
   0.663073505274   0.000289613388245  
   0.665725776595   0.000284247765591  
   0.668388677604   0.000300803244872  
   0.671062256533     0.0003428270384  
   0.673746513503   0.000309888173517  
   0.676441496628   0.000293250548933  
   0.679147254542   0.000395514130537  
   0.681863836416   0.000326786772709  
   0.684591291962   0.000378633868441  
   0.687329671447   0.000356645585385  
   0.690078974684    0.00033671453309  
   0.692839303287   0.000321694813102  
   0.695610657402   0.000401999086311  
   0.698393088372   0.000348147454415  
   0.701186648134   0.000374320962345  
   0.703991389227   0.000436461519183  
   0.706807364806   0.000414914478964  
   0.709634628657   0.000435071227246  
   0.712473126437   0.000451510445895  
   0.715323020253   0.000487796717585  
   0.718184310573   0.000484439094423  
   0.721057052476   0.000514874552154  
   0.723941301714   0.000515918537078  
   0.726837058126   0.000543529323146  
   0.729744434544   0.000548993562502  
    0.73266337379   0.000589220907868  
   0.735594047609   0.000552500893486  
   0.738536398423    0.00070754071692  
   0.741490542374   0.000590633985985  
   0.744456538845   0.000681176572694  
   0.747434328278   0.000657889276633  
   0.750424089387   0.000669287606821  
   0.753425762242    0.00071251372984  
   0.756439467734   0.000793646586296  
   0.759465267704   0.000741758119444  
   0.762503100235   0.000719270919424  
   0.765553088621   0.000791638528927  
   0.768615358973   0.000779695863536  
   0.771689785078   0.000813513281109  
   0.774776557029   0.000885501946214  
   0.777875675396   0.000973561148568  
   0.780987139566   0.000907419847833  
   0.784111079464   0.000920095194189  
   0.787247561611   0.000949566362065  
   0.790396519592    0.00100484347071  
   0.793558153516    0.00102812061033  
   0.796732328688   0.000996413232546  
   0.799919316178    0.00113193110561  
   0.803118979953    0.00113252196995  
   0.806331456982    0.00115951721683  
   0.809556747003    0.00110603464411  
   0.812794990065    0.00121655354526  
   0.816046186795    0.00115197796366  
   0.819310336587    0.00124456847106  
   0.822587582554    0.00122001638279  
   0.825877925024    0.00130906384587  
   0.829181436724    0.00143114001355  
   0.832498191461    0.00146839439238  
   0.835828189296    0.00132625868748  
   0.839171504458    0.00148347301309  
   0.842528212291    0.00141866755503  
   0.845898312618    0.00143077266307  
   0.849281881239    0.00152066607373  
   0.852678995109    0.00161006101793  
   0.856089732362    0.00150667620166  
   0.859514093183    0.00164511197801  
   0.862952156231    0.00145880471119  
    0.86640392096    0.00160681895304  
   0.869869547625    0.00159732821569  
   0.873349036885    0.00147349166347  
   0.876842470444     0.0014986447682  
   0.880349848266    0.00142795071921  
    0.88387125266    0.00152479540757  
   0.887406682882    0.00157630790507  
   0.890956306903     0.0016157455157  
   0.894520125299    0.00160400903573  
   0.898098223703     0.0017136895396  
   0.901690602022    0.00163494793197  
    0.90529734659    0.00173776837439  
   0.908918545144    0.00167676316917  
   0.912554286861    0.00180917801135  
    0.91620448251    0.00179286990587  
   0.919869310553    0.00170202621224  
   0.923548771048    0.00160744515821  
   0.927242954756    0.00181000585504  
   0.930951953949    0.00182882473435  
    0.93467576885    0.00181274874205  
   0.938414398252    0.00180597255004  
   0.942168124804    0.00182484184694  
   0.945936759492    0.00187213463443  
   0.949720492285    0.00196921569079  
   0.953519420436    0.00213975184659  
   0.957333446481    0.00203077973561  
   0.961162765282    0.00221654424305  
   0.965007476762    0.00209786588687  
   0.968867481426    0.00227193261759  
    0.97274297922    0.00230945318029  
   0.976633970679    0.00211451032432  
   0.980540454853    0.00219352088087  
   0.984462636942    0.00235381101142  
   0.988400517931    0.00230421959823  
   0.992354097304    0.00232166810573  
   0.996323479373    0.00232398935304  
     1.0003087703    0.00225581035367  
    1.00431007814    0.00246834572018  
    1.00832729502    0.00252776818398  
    1.01236052764    0.00247871326324  
    1.01640999533    0.00244205733428  
    1.02047569976    0.00245874219181  
    1.02455752863     0.0027240728113  
    1.02865581791    0.00249819798781  
    1.03277045575    0.00239076551161  
    1.03690155548    0.00248747814843  
    1.04104911636    0.00260748358178  
    1.04521325314    0.00266429612167  
    1.04939420063    0.00258208278488  
    1.05359172389    0.00243992256539  
    1.05780605831    0.00253267261624  
    1.06203732443    0.00260090457703  
    1.06628552323    0.00245391521226  
    1.07055065407    0.00242448188451  
    1.07483283844     0.0024846889959  
    1.07913220012    0.00242798769074  
    1.08344873944     0.0023924932921  
     1.0877824551    0.00232123789633  
    1.09213359969    0.00235788047519  
    1.09650217463    0.00242186852203  
     1.1008881797    0.00242650629649  
     1.1052917439    0.00231674792821  
    1.10971286672    0.00224624036046  
    1.11415174547    0.00242988991795  
      1.118608314    0.00229665000904  
    1.12308277256    0.00215469756054  
    1.12757512183    0.00228654884883  
    1.13208536077    0.00233995722531  
    1.13661376343    0.00225772339206  
    1.14116019235    0.00222741585715  
    1.14572485554    0.00215750564728  
    1.15030775326    0.00229354470795  
    1.15490895553    0.00210513322545  
    1.15952860483    0.00219622633703  
    1.16416670132    0.00247024737569  
     1.1688233897    0.00208950790372  
    1.17349867003    0.00211922877947  
     1.1781926893    0.00224720039994  
    1.18290544752     0.0022311824831  
    1.18763701844    0.00230455059834  
    1.19238762871     0.0021707485168  
    1.19715712662    0.00224679928505  
    1.20194581802    0.00204729415478  
    1.20675354877    0.00211833276149  
    1.21158055106    0.00211117722404  
    1.21642690421    0.00208199051698  
    1.22129260833    0.00206724808507  
    1.22617774218    0.00201539732465  
    1.23108246641    0.00204284622323  
    1.23600678128    0.00192582664148  
    1.24095085014    0.00186142319574  
    1.24591467342    0.00200497213095  
    1.25089833345    0.00177351742855  
    1.25590191332    0.00184015399205  
    1.26092549688    0.00186551434819  
    1.26596925462    0.00187779107138  
    1.27103310096    0.00190680389026  
    1.27611720729    0.00171434282441  
    1.28122166071    0.00166749840381  
    1.28634654912    0.00178271353143  
     1.2914919613    0.00183577774254  
    1.29665789685    0.00172160803095  
    1.30184453495    0.00188861673345  
    1.30705196705    0.00178562770346  
    1.31228019329    0.00177126095838  
     1.3175293048     0.0018352902325  
    1.32279939364    0.00184388125682  
    1.32809055282    0.00183466496645  
    1.33340297157    0.00178782203292  
    1.33873655515    0.00188413482918  
    1.34409149405    0.00193736193566  
    1.34946788529    0.00201211866843  
    1.35486572862    0.00197654999675  
    1.36028521997    0.00186405114863  
    1.36572635965    0.00217141481197  
    1.37118924663    0.00208976721747  
    1.37667398097    0.00210487822745  
    1.38218066385    0.00203023924349  
     1.3877093976    0.00182886762562  
    1.39326028573    0.00227410645739  
    1.39883332813    0.00217728767661  
    1.40442862818    0.00215362201967  
    1.41004639701    0.00228093910606  
    1.41568652828     0.0021952038073  
    1.42134923472    0.00215899965049  
     1.4270347338    0.00211249861093  
    1.43274280789    0.00226021497319  
    1.43847378442    0.00214560475924  
    1.44422766398    0.00238832472604  
    1.45000455759    0.00218774781941  
    1.45580457763    0.00214008229843  
    1.46162783788     0.0021682973276  
     1.4674743382    0.00227902440442  
    1.47334419247    0.00226940583929  
    1.47923763322    0.00224963981647  
    1.48515454374    0.00225046935541  
    1.49109515859    0.00198036355504  
    1.49705959758    0.00199893726888  
    1.50304786104    0.00201697537119  
    1.50905994702     0.0020710351327  
    1.51509622013    0.00207210305249  
    1.52115668254      0.002194663135  
    1.52724120921    0.00195437529623  
    1.53335017254    0.00186849027535  
    1.53948357374    0.00208574968893  
    1.54564153965    0.00194992963167  
    1.55182406983    0.00196104616675  
    1.55803142154    0.00199612526845  
    1.56426359579    0.00194050500248  
    1.57052059122    0.00185897067208  
     1.5768026704     0.0020101581168  
    1.58310983348    0.00193499356522  
    1.58944234883    0.00195699026566  
    1.59580008182    0.00194156967803  
    1.60218330351    0.00194228092964  
    1.60859201408    0.00167465841209  
    1.61502635096     0.0019115288407  
    1.62148645356    0.00194320341195  
    1.62797246329      0.001711779729  
    1.63448438051    0.00162022211789  
    1.64102234735    0.00165587771947  
    1.64758636258    0.00167078628686  
    1.65417671562    0.00158874125042  
    1.66079340718    0.00180501016919  
    1.66743658437    0.00176198480761  
     1.6741063965    0.00174588566339  
    1.68080269246    0.00157801706414  
    1.68752592389    0.00168770958531  
    1.69427609314     0.0016536759373  
    1.70105319998     0.0015239146502  
    1.70785739784    0.00136951787824  
    1.71468884249     0.0016544712995  
    1.72154753335     0.0016059695058  
    1.72843378724    0.00148897329046  
    1.73534744462    0.00153297581933  
    1.74228882598    0.00161628369004  
    1.74925809556    0.00138525481886  
    1.75625508976    0.00147545198675  
    1.76328013667    0.00138913559286  
    1.77033323648    0.00134006832346  
    1.77741455594    0.00142081408908  
    1.78452426446    0.00142225888625  
     1.7916623622    0.00149731931051  
    1.79882901993    0.00128008846577  
    1.80602423647    0.00131944512357  
    1.81324836008    0.00147962323086  
    1.82050139242    0.00166261534334  
     1.8277833324    0.00153462096787  
    1.83509453688    0.00141527734135  
    1.84243482592     0.0013965519644  
    1.84980456084     0.0014001987684  
    1.85720392704    0.00138871172006  
    1.86463274053    0.00127177617483  
    1.87209118398    0.00140406522518  
     1.8795796324    0.00113860640073  
    1.88709789773    0.00132124687624  
    1.89464616751    0.00135482990333  
    1.90222482632     0.0013324994798  
    1.90983368203    0.00138973375881  
    1.91747312426    0.00147959741869  
    1.92514295664    0.00149232394357  
    1.93284357391    0.00142596793557  
    1.94057497714     0.0013118513424  
    1.94833716444    0.00137192180583  
    1.95613054087    0.00147113930213  
     1.9639551083    0.00148095884167  
    1.97181086567    0.00156241997647  
    1.97969822875    0.00160627061811  
    1.98761698878    0.00163601279538  
     1.9955673539    0.00152499606203  
    2.00354975096    0.00163260759586  
    2.01156396724    0.00151222400847  
    2.01961021701    0.00139012742303  
    2.02768849818    0.00146676543876  
    2.03579924952     0.0015500471975  
    2.04394247327    0.00179685129479  
    2.05211839415    0.00134125093432  
    2.06032678619    0.00145771119264  
    2.06856810064    0.00148241927145  
    2.07684233806    0.00152316864954  
    2.08514972876    0.00149890834067  
    2.09349027249     0.0013645422833  
    2.10186420246    0.00124137140947  
    2.11027175621    0.00142041064083  
    2.11871293521    0.00166424807059  
     2.1271877377    0.00141326593345  
    2.13569640299    0.00143392381012  
    2.14423917486    0.00129176122094  
    2.15281605342    0.00139296753765  
    2.16142753599    0.00126931868913  
    2.17007312352     0.0012969538491  
     2.1787533147     0.0013309120717  
    2.18746836472    0.00114458872978  
    2.19621827524     0.0010605535009  
    2.20500330503    0.00122006947652  
    2.21382319273     0.0011509597069  
    2.22267845914    0.00118332122509  
    2.23156923834    0.00113708239875  
    2.24049553083    0.00124460044709  
    2.24945746922    0.00117932246413  
    2.25845532359    0.00118159985056  
    2.26748909386    0.00117672414443  
     2.2765590541    0.00126624581355  
    2.28566534384    0.00116111461429  
     2.2948079625    0.00123272641201  
    2.30398719039    0.00117615563273  
    2.31320316998   0.000952968307817  
    2.32245604483   0.000982119612962  
    2.33174581389    0.00109909402103  
    2.34107276615   0.000948720198521  
    2.35043704837   0.000984429082829  
    2.35983880845   0.000945090083547  
    2.36927819543   0.000917292418899  
    2.37875535953    0.00106078323391  
    2.38827029941   0.000944589246922  
    2.39782347203   0.000948049040707  
    2.40741472448   0.000960029382024  
    2.41704436467   0.000930331974686  
    2.42671254905   0.000935831714531  
    2.43641943535   0.000984662039354  
    2.44616502242   0.000825574278156  
       2.45594979   0.000900969025451  
    2.46577357813   0.000879093563223  
    2.47563654622   0.000867677401001  
    2.48553918601   0.000794927328862  
    2.49548133412   0.000700450988918  
    2.50546315429   0.000871484873209  
    2.51548515073   0.000865118665056  
    2.52554698583   0.000828321163252  
    2.53564916829   0.000753150668322  
    2.54579187216   0.000726284890199  
    2.55597492322   0.000607313513009  
     2.5661988433   0.000572733923231  
    2.57646363371   0.000687091680512  
    2.58676947111   0.000809427405225  
    2.59711653388   0.000588392037519  
    2.60750500219   0.000561264887681  
    2.61793505804   0.000606378288665  
    2.62840688526   0.000738474079151  
    2.63892048307   0.000632380435517  
    2.64947622269   0.000708100881236  
    2.66007410417   0.000523097512803  
    2.67071431458   0.000715629831527  
    2.68139723552   0.000628657986727  
    2.69212286854   0.000700889686522  
    2.70289121112    0.00056955315972  
    2.71370284826   0.000570152165548  
     2.7245575844    0.00056320261897  
    2.73545581473   0.000528737455018  
    2.74639774102   0.000506296122718  
    2.75738336362    0.00051030369507  
    2.76841288399   0.000480604244763  
    2.77948650585    0.00053435436484  
    2.79060443525   0.000564608662071  
    2.80176688064   0.000490127980535  
    2.81297384093   0.000473749781263  
    2.82422573799   0.000480331058542  
    2.83552278766   0.000382025595578  
    2.84686477416   0.000448074764484  
    2.85825234572    0.00034192485826  
     2.8696852848   0.000409332280228  
    2.88116402948   0.000349631571134  
    2.89268857934   0.000419414556337  
    2.90425938136   0.000345922220212  
    2.91587643703   0.000299293757241  
    2.92753997296   0.000256580556449  
    2.93925021859   0.000314904536027  
      2.951007173   0.000338530963448  
    2.96281106587   0.000419389460243  
    2.97466236678   0.000416209140221  
    2.98656107812   0.000392284332531  
     2.9985071977   0.000241797468624  
      3.010501447   0.000341428169435  
    3.02254334263   0.000269629062392  
    3.03463361427   0.000266336486914  
    3.04677201599   0.000340926614902  
    3.05895904115      0.000284638271  
    3.07119494173   0.000252639782763  
    3.08347971845   0.000284412348332  
    3.09581362403   0.000242714901465  
    3.10819691461   0.000262266506133  
    3.12062958899   0.000243807971972  
    3.13311216706   0.000265931687431  
    3.14564465057   0.000316113274146  
    3.15822730368   0.000238832168554  
    3.17086012492    0.00025688843338  
    3.18354365085   0.000236023350167  
    3.19627788324   0.000198207408718  
    3.20906281894   0.000314854060535  
    3.22189900597   0.000215194939523  
    3.23478672482   0.000265228885581  
    3.24772597752   0.000248591630497  
    3.26071676117   0.000185828212951  
    3.27375964194   0.000167515445566  
    3.28685462056   0.000195784228518  
    3.30000198442   0.000184562509783  
    3.31320202516   0.000208450628523  
    3.32645503871   0.000219538431632  
    3.33976072794   0.000110759697372  
    3.35311968447   0.000217119056024  
    3.36653221038   0.000126524707781  
     3.3799983063   0.000167906458302  
    3.39351827618   0.000167869750471  
    3.40709242856    0.00021270597188  
    3.42072076331   0.000181492441133  
    3.43440359099   0.000181373321478  
    3.44814122692   9.77972673534e-05  
    3.46193399134   8.87636055505e-05  
    3.47578156229    9.7870560777e-05  
    3.48968490685    0.00012437849708  
    3.50364337402    0.00010796191131  
    3.51765794355    0.00011945404815  
    3.53172861925   0.000200203644054  
    3.54585573632   0.000151157580627  
     3.5600389564   0.000159313641125  
    3.57427929354   9.20772234972e-05  
    3.58857640934   0.000119773216257  
    3.60293064433   0.000153099444822  
    3.61734234457   0.000133363136504  
    3.63181186174   0.000144952809041  
    3.64633884103   9.17717185382e-05  
    3.66092434656   0.000103162677963  
    3.67556802377   2.38801384551e-05  
    3.69027023047   0.000138898852205  
    3.70503133043   0.000143571769614  
    3.71985132286    0.00012895013456  
    3.73473094844   0.000146040440967  
    3.74966983622   5.49157674341e-05  
    3.76466835677    0.00010466331612  
    3.77972726954    6.8082693401e-05  
    3.79484619552   6.73720864305e-05  
    3.81002551525   4.67518445538e-05  
    3.82526561575   0.000119748272439  
    3.84056649563   9.78897925453e-05  
    3.85592894407   0.000145122867335  
    3.87135256549   8.12176274621e-05  
    3.88683815953   9.49086567947e-05  
    3.90238532204   6.89130882393e-05  
    3.91799486333   8.64943703276e-05  
    3.93366678499   2.61227316386e-05  
     3.9494015004    3.3064203758e-05  
    3.96519900909   0.000115734902535  
    3.98106015352   7.78505033676e-05  
    3.99698408556   4.03494682411e-05  
    4.01297208033   2.99074767867e-05  
    4.02902414361   2.26264187826e-05  
    4.04514027511   5.90879132354e-05  
    4.06132091013   5.74112017119e-05  
    4.07756604651   7.22467127162e-05  
     4.0938761247   9.84613667302e-05  
    4.11025159314   2.45662146341e-05  
    4.12669290844    4.2885675461e-05  
    4.14319961597    8.0974417873e-05  
      4.159772167   6.41559876935e-05  
    4.17641148833   1.47137467604e-05  
     4.1931171174    5.1462294905e-05  
    4.20988951967   2.81636984507e-05  
    4.22672916926   6.91641290573e-05  
    4.24363606672   7.69423892901e-05  
    4.26061069234   2.42076336957e-05  
    4.27765304529   7.04420265419e-05  
     4.2947636122    6.6966593326e-06  
    4.31194288887   4.10726323678e-05  
    4.32919037643   2.73127425089e-05  
    4.34650707141   1.93709662166e-05  
    4.36389297573   3.82637356708e-05  
    4.38134859885   3.97737079941e-05  
    4.39887394162   5.15371039662e-05  
    4.41646952064   9.23538472043e-05  
    4.43413533578   1.12884803116e-05  
    4.45187217638   1.38256208145e-05  
    4.46967951266   3.20888517053e-05  
    4.48755840908   4.88339389398e-06  
    4.50550859831    3.5018297869e-05  
     4.5235306196   4.24717386456e-05  
    4.54162474648   1.73046193341e-05  
    4.55979125434   1.58479451567e-05  
    4.57803042047   9.60341783628e-06  
    4.59634252412   5.50880460934e-06  
     4.6147278465   2.36812169588e-05  
    4.63318667084   5.41760724633e-05  
    4.65171957222   2.64702211805e-05  
    4.67032626082   4.50755639034e-05  
    4.68900760809   1.82006341305e-05  
    4.70776361606   2.39211221317e-05  
    4.72659487793   3.48258084444e-05  
    4.74550109403   3.15765097978e-05  
    4.76448316381   2.91719300789e-05  
    4.78354108914   2.78671107712e-05  
     4.8026751735   6.24183917285e-05  
    4.82188603423   1.70473183067e-05  
    4.84117335953   9.70624969075e-06  
    4.86053808574   1.87214432365e-05  
    4.87998021521   1.04125215066e-05  
    4.89950038583   3.30330532952e-05  
    4.91909827634    4.0713634373e-05  
    4.93877452759   1.40883459856e-05  
    4.95852979362                 0.0  
    4.97836374618   5.70063610576e-05  
    4.99827737711   2.82661656242e-05  
     5.0182703536   5.57230622561e-05  
    5.03834368422   2.37230959883e-05  
    5.05849703165   3.31149591018e-05  
    5.07873073078   1.08811211829e-05  
    5.09904581601                 0.0  
    5.11944194334   4.58894139214e-05  
    5.13991981119   1.79372397095e-05  
    5.16047941939                 0.0  
    5.18112147886   1.85758449652e-05  
    5.20184599077   4.12557019017e-05  
    5.22265331361   4.82807922417e-05  
     5.2435438095   2.86011657939e-05  
    5.26451784426   3.75726568526e-05  
    5.28557616158    2.4410646545e-05  
     5.3067183896                 0.0  
    5.32794527679                 0.0  
    5.34925720446   1.03193423094e-05  
    5.37065417172   1.71231090441e-05  
    5.39213655882   6.50505736608e-05  
    5.41370514258   1.87638247259e-05  
    5.43535992532   1.96702286134e-05  
    5.45710169869                 0.0  
    5.47893006545   4.50670845479e-06  
    5.50084582284   4.18236404027e-05  
    5.52284896853    1.0550226455e-05  
    5.54494031519   1.41486825373e-05  
    5.56712027819   6.28951232482e-06  
    5.58938885932                 0.0  
    5.61174605182   5.90420956608e-05  
    5.63419311564   3.11841799865e-05  
    5.65673005712   4.93473175072e-05  
    5.67935687409    3.7535625258e-05  
    5.70207442649   2.14612174347e-05  
    5.72488271545   1.40800313626e-05  
     5.7477821758   6.56578718255e-05  
    5.77077324765   2.42971771164e-05  
    5.79385637646   6.77032536658e-05  
     5.8170320132   5.09682123884e-05  
    5.84029970084   2.07531235767e-05  
    5.86366126104                 0.0  
    5.88711578034   4.22483447213e-05  
    5.91066417822   6.68826355694e-05  
    5.93430692324   5.93908977329e-05  
    5.95804401457   4.83799279204e-05  
    5.98187640063   6.58885887052e-06  
    6.00580360217   3.09549432348e-05  
    6.02982706295                 0.0  
     6.0539463008   2.69231738803e-05  
    6.07816229297   3.34651211539e-05  
    6.10247454277   9.17657581797e-05  
    6.12688453908   3.20772364304e-05  
    6.15139228923   2.51468306385e-05  
    6.17599779122    8.0344090711e-05  
    6.20070154853     2.721632777e-05  
    6.22550459046                 0.0  
    6.25040640037   8.31166034231e-05  
    6.27540801757   5.20278944276e-05  
    6.30050997369   3.40543405246e-05  
    6.32571173604   8.22041378759e-05  
     6.3510149058   3.73000690063e-05  
    6.37641894807   4.36141822716e-06  
    6.40192439863   0.000100279211786  
    6.42753235412    2.7210417881e-05  
    6.45324226357   2.39163314602e-05  
    6.47905523486   5.95330067745e-05  
    6.50497126841   1.89569580179e-05  
    6.53099149713   2.03275029562e-05  
      6.557115353   1.92690938798e-05  
    6.58334398091    5.1718373532e-06  
    6.60967738247   4.12485789726e-05  
      6.636116139   2.61677431956e-05  
    6.66266024591   1.63004196097e-05  
     6.6893108869   1.16710267116e-05  
    6.71606806547   3.24839573891e-05  
    6.74293238382   1.79594505619e-05  
    6.76990445326   0.000103144429779  
    6.79698365696   4.62526422361e-05  
    6.82417184254   4.70200402473e-05  
    6.85146839216   3.36378214349e-05  
    6.87887455859   1.45344506513e-05  
    6.90638970817   3.79976647363e-05  
    6.93401510795   3.83403591457e-05  
    6.96175140629                 0.0  
    6.98959860741   2.82572264124e-05  
    7.01755670493   0.000123883875466  
    7.04562701121    4.1335618856e-05  
    7.07380952993   5.31726961336e-06  
    7.10210492952   4.27016160319e-05  
    7.13051320818   6.50024190965e-05  
    7.15903503951   3.27335188562e-05  
      7.187671108                 0.0  
    7.21642210919                 0.0  
     7.2452880469     2.710003784e-05  
    7.27426891394   5.58281824044e-05  
     7.3033661205   4.22565308472e-05  
    7.33257967105    8.5728910089e-06  
    7.36190955887    1.7610488622e-05  
    7.39135722917   1.81336307248e-05  
    7.42092268746   3.88949726876e-05  
    7.45060667143   5.37094835519e-05  
    7.48040918171   8.95192039289e-05  
     7.5103309629   2.36188106551e-05  
    7.54037201069   3.97381816124e-05  
    7.57053307674   1.43536752294e-05  
    7.60081569915   2.11392510985e-05  
     7.6312191142   2.03108951095e-05  
    7.66174409401   2.70763204172e-05  
    7.69239063155   5.02215732304e-05  
    7.72316030546   4.06267689594e-05  
    7.75405312312   1.58249253161e-05  
    7.78506908015   1.67607929419e-05  
    7.81620897836   2.92656064714e-05  
    7.84747445827                 0.0  
    7.87886387586                 0.0  
    7.91037971196   2.11033388774e-05  
    7.94202113658   2.16068244271e-05  
    7.97378898366   2.84968207587e-05  
    8.00568410198   9.56255128876e-06  
    8.03770735543   2.93087064208e-05  
    8.06985787909   5.60673518425e-06  
    8.10213740517                 0.0  
    8.13454593714     2.212228694e-05  
    8.16708435933                 0.0  
    8.19975267166    6.5760949122e-06  
    8.23255176913                 0.0  
    8.26548164815                 0.0  
    8.29854321466    3.9952759844e-05  
    8.33173739122   7.96954888573e-06  
    8.36506511734   2.47864440222e-05  
      8.398524516   1.06267913487e-05  
    8.43211935001   3.14331882055e-05  
    8.46584773181                 0.0  
    8.49971060237                 0.0  
     8.5337098955    2.3794948388e-05  
    8.56784464499                 0.0  
    8.60211582222                 0.0  
    8.63652441684                 0.0  
    8.67107043027                 0.0  
    8.70575486565   3.76404875516e-05  
    8.74057772207   6.21380212133e-06  
    8.77554001652                 0.0  
    8.81064278543                 0.0  
    8.84588498917                 0.0  
    8.88126871009                 0.0  
    8.91679342222                 0.0  
    8.95246071565                 0.0  
    8.98827059515    1.1890739493e-05  
    9.02422359715                 0.0  
    9.06032026159                 0.0  
    9.09656168612                 0.0  
    9.13294787279                 0.0  
    9.16947993568                 0.0  
    9.20615787578                 0.0  
    9.24298225202   3.95348521839e-05  
      9.279954204                 0.0  
    9.31707431261                 0.0  
    9.35434257718                 0.0  
    9.39175957335                 0.0  
     9.4293270718                 0.0  
    9.46704388515                 0.0  
    9.50491240293                 0.0  
    9.54293202825                 0.0  
    9.58110335964    1.7973821261e-05  
    9.61942823963                 0.0  
     9.6579060571                 0.0  
    9.69653742549                 0.0  
    9.73532359794                 0.0  
    9.77426457375                 0.0  
    9.81336162691                 0.0  
    9.85261540749                 0.0  
     9.8920259161   3.58778067753e-05  
    9.93159379873                 0.0  
    9.97132037286                 0.0  
     10.011205641                 0.0  
    10.0512502668                 0.0  
     10.091455602                 0.0  
    10.1318209644                 0.0  
    10.1723484056                 0.0  
    10.2130379328                 0.0  
    10.2538902416                 0.0  
    10.2949053247                 0.0  
    10.3360853051                 0.0  
     10.377429474                 0.0  
    10.4189392642                 0.0  
