      wave_micron            flux_mjy  
  0.0151862453319                 0.0  
  0.0152415497594                 0.0  
  0.0153025154167                 0.0  
  0.0153637250122                 0.0  
   0.015425180221                 0.0  
  0.0154868810502                 0.0  
  0.0155488291952                 0.0  
  0.0156110246563                 0.0  
    0.01567346915                 0.0  
  0.0157361626703                 0.0  
  0.0157991069548                 0.0  
   0.015862303773                 0.0  
  0.0159257531313                 0.0  
  0.0159894550112                 0.0  
  0.0160534130204                 0.0  
  0.0161176271782                 0.0  
    0.01618209748                 0.0  
  0.0162468257657                 0.0  
  0.0163118139096                 0.0  
  0.0163770600225                 0.0  
  0.0164425678735                 0.0  
  0.0165083393984                 0.0  
  0.0165743726785                 0.0  
  0.0166406696301                 0.0  
  0.0167072322062                 0.0  
  0.0167740623974                 0.0  
  0.0168411572105                 0.0  
   0.016908522642                 0.0  
  0.0169761566919                 0.0  
  0.0170440613842                 0.0  
  0.0171122377454                 0.0  
  0.0171806857636                 0.0  
  0.0172494085612                 0.0  
  0.0173184061489                 0.0  
  0.0173876806522                 0.0  
  0.0174572310007                 0.0  
  0.0175270593267                 0.0  
  0.0175971678042                 0.0  
  0.0176675564402                 0.0  
  0.0177382274428                 0.0  
  0.0178091796948                 0.0  
  0.0178804165444                 0.0  
  0.0179519379969                 0.0  
  0.0180237463309                 0.0  
  0.0180958415518                 0.0  
  0.0181682248063                 0.0  
  0.0182408972502                 0.0  
  0.0183138612366                 0.0  
  0.0183871167722                 0.0  
  0.0184606650422                 0.0  
  0.0185345072419                 0.0  
  0.0186086458034                 0.0  
  0.0186830795002                 0.0  
  0.0187578120217                 0.0  
  0.0188328433799                 0.0  
   0.018908174824                 0.0  
  0.0189838076149                 0.0  
  0.0190597430247                 0.0  
  0.0191359823377                 0.0  
  0.0192125255433                 0.0  
  0.0192893765535                 0.0  
  0.0193665340651                 0.0  
  0.0194439993799                 0.0  
  0.0195217751624                 0.0  
  0.0195998627725                 0.0  
  0.0196782622126                 0.0  
  0.0197569748375                 0.0  
  0.0198360034085                 0.0  
  0.0199153465324                 0.0  
  0.0199950084036                 0.0  
  0.0200749890399                 0.0  
  0.0201552884287                 0.0  
  0.0202359094264                 0.0  
  0.0203168534892                 0.0  
  0.0203981206156                 0.0  
   0.020479713743                 0.0  
  0.0205616313812                 0.0  
  0.0206438779969                 0.0  
  0.0207264536059                 0.0  
  0.0208093597257                 0.0  
  0.0208925978913                 0.0  
  0.0209761680966                 0.0  
  0.0210600718742                 0.0  
  0.0211443123573                 0.0  
  0.0212288895558                 0.0  
  0.0213138050564                 0.0  
   0.021399060464                 0.0  
  0.0214846574026                 0.0  
  0.0215705958681                 0.0  
   0.021656877484                 0.0  
  0.0217435055676                 0.0  
  0.0218304801344                 0.0  
  0.0219178011671                 0.0  
  0.0220054720439                 0.0  
  0.0220934944899                 0.0  
  0.0221818685095                 0.0  
  0.0222705958296                 0.0  
  0.0223596781988                 0.0  
  0.0224491173879                 0.0  
  0.0225389133917                 0.0  
  0.0226290697965                 0.0  
  0.0227195847868                 0.0  
  0.0228104638233                 0.0  
  0.0229017050792                 0.0  
  0.0229933122501                 0.0  
  0.0230852853412                 0.0  
  0.0231776262249                 0.0  
  0.0232703367986                 0.0  
  0.0233634189851                 0.0  
  0.0234568727853                 0.0  
  0.0235507001277                 0.0  
  0.0236449029677                 0.0  
  0.0237394812916                 0.0  
  0.0238344410841                 0.0  
  0.0239297783475                 0.0  
  0.0240254970945                 0.0  
  0.0241215993701                 0.0  
  0.0242180851719                 0.0  
  0.0243149586469                 0.0  
   0.024412217708                 0.0  
  0.0245098665449                 0.0  
  0.0246079051568                 0.0  
   0.024706337828                 0.0  
  0.0248051624068                 0.0  
  0.0249043832227                 0.0  
  0.0250040002793                 0.0  
  0.0251040180052                 0.0  
  0.0252044341848                 0.0  
  0.0253052510271                 0.0  
  0.0254064730603                 0.0  
   0.025508098007                 0.0  
  0.0256101304453                 0.0  
  0.0257125703795                 0.0  
  0.0258154201345                 0.0  
  0.0259186820709                 0.0  
  0.0260223585857                 0.0  
  0.0261264472785                 0.0  
  0.0262309529415                 0.0  
  0.0263358755693                 0.0  
  0.0264412200677                 0.0  
  0.0265469839736                 0.0  
  0.0266531722503                 0.0  
   0.026759784909                 0.0  
  0.0268668244763                 0.0  
  0.0269742909428                 0.0  
  0.0270821894517                 0.0  
  0.0271905174168                 0.0  
  0.0272992800437                 0.0  
   0.027408477344                 0.0  
  0.0275181119692                 0.0  
  0.0276281839109                 0.0  
  0.0277386958433                 0.0  
  0.0278496504844                 0.0  
  0.0279610505974                 0.0  
    0.02807289341                 0.0  
  0.0281851844569                 0.0  
   0.028297926573                 0.0  
  0.0284111169242                 0.0  
  0.0285247611853                 0.0  
  0.0286388622665                 0.0  
  0.0287534172723                 0.0  
   0.028868429072                 0.0  
  0.0289839035587                 0.0  
  0.0290998407737                 0.0  
  0.0292162376922                 0.0  
  0.0293331033349                 0.0  
   0.029450437755                 0.0  
  0.0295682378656                 0.0  
  0.0296865097975                 0.0  
  0.0298052566889                 0.0  
  0.0299244785621                 0.0  
  0.0300441753939                 0.0  
  0.0301643535589                 0.0  
  0.0302850098474                 0.0  
  0.0304061507215                 0.0  
  0.0305277762053                 0.0  
  0.0306498862764                 0.0  
  0.0307724842184                 0.0  
  0.0308955767542                 0.0  
  0.0310191571473                 0.0  
  0.0311432355684                 0.0  
   0.031267808621                 0.0  
  0.0313928797303                 0.0  
  0.0315184488667                 0.0  
  0.0316445230436                 0.0  
  0.0317711023035                 0.0  
   0.031898186641                 0.0  
  0.0320257796335                 0.0  
  0.0321538812643                 0.0  
  0.0322824988477                 0.0  
  0.0324116287246                 0.0  
  0.0325412745672                 0.0  
  0.0326714401172                 0.0  
  0.0328021253768                 0.0  
  0.0329333341384                 0.0  
  0.0330650663953                 0.0  
  0.0331973259923                 0.0  
  0.0333301168478                 0.0  
  0.0334634350245                 0.0  
  0.0335972923954                 0.0  
  0.0337316790047                 0.0  
  0.0338666068614                 0.0  
  0.0340020739821                 0.0  
  0.0341380803297                 0.0  
  0.0342746341343                 0.0  
  0.0344117312592                 0.0  
  0.0345493800619                 0.0  
  0.0346875763345                 0.0  
  0.0348263264174                 0.0  
  0.0349656324733                 0.0  
   0.035105494499                 0.0  
  0.0352459168363                 0.0  
   0.035386899479                 0.0  
  0.0355284490714                 0.0  
  0.0356705611534                 0.0  
  0.0358132446918                 0.0  
  0.0359564974426                 0.0  
  0.0361003239563                 0.0  
  0.0362447242236                 0.0  
  0.0363897028683                 0.0  
  0.0365352622447                 0.0  
  0.0366814023445                 0.0  
  0.0368281279061                 0.0  
  0.0369754413435                 0.0  
   0.037123342652                 0.0  
  0.0372718366889                 0.0  
  0.0374209234529                 0.0  
  0.0375706078835                 0.0  
  0.0377208899839                 0.0  
  0.0378717722387                 0.0  
  0.0380232597152                 0.0  
  0.0381753524251                 0.0  
  0.0383280555238                 0.0  
  0.0384813664089                 0.0  
  0.0386352929064                 0.0  
  0.0387898350439                 0.0  
  0.0389449927899                 0.0  
  0.0391007741739                 0.0  
  0.0392571765096                 0.0  
  0.0394142052156                 0.0  
  0.0395718630527                 0.0  
   0.039730150015                 0.0  
   0.039889068853                 0.0  
  0.0400486251849                 0.0  
  0.0402088218867                 0.0  
  0.0403696560937                 0.0  
  0.0405311335129                 0.0  
  0.0406932599743                 0.0  
  0.0408560325667                 0.0  
  0.0410194571599                 0.0  
  0.0411835337443                 0.0  
  0.0413482683014                 0.0  
  0.0415136608397                 0.0  
  0.0416797143802                 0.0  
  0.0418464350782                 0.0  
  0.0420138198473                 0.0  
  0.0421818748882                 0.0  
  0.0423506033619                 0.0  
  0.0425200052653                 0.0  
  0.0426900869832                 0.0  
  0.0428608452837                 0.0  
  0.0430322898797                 0.0  
  0.0432044175118                 0.0  
  0.0433772347439                 0.0  
  0.0435507449271                 0.0  
  0.0437249480686                 0.0  
   0.043899847521                 0.0  
  0.0440754466782                 0.0  
   0.044251748976                 0.0  
  0.0444287543985                 0.0  
  0.0446064699073                 0.0  
  0.0447848955181                 0.0  
  0.0449640383375                 0.0  
  0.0451438911989                 0.0  
  0.0453244684591                 0.0  
  0.0455057665374                 0.0  
  0.0456877890588                 0.0  
  0.0458705396955                 0.0  
  0.0460540221685                 0.0  
  0.0462382402479                 0.0  
  0.0464231901229                 0.0  
  0.0466088831745                 0.0  
  0.0467953194487                 0.0  
  0.0469825028285                 0.0  
  0.0471704293711                 0.0  
  0.0473591147907                 0.0  
   0.047548551218                 0.0  
  0.0477387425614                 0.0  
  0.0479296968511                 0.0  
   0.048121418203                 0.0  
  0.0483139025256                 0.0  
  0.0485071580195                 0.0  
  0.0487011888768                 0.0  
  0.0488959908834                 0.0  
  0.0490915766829                 0.0  
  0.0492879420471                 0.0  
  0.0494850955426                 0.0  
  0.0496830328255                 0.0  
  0.0498817669577                 0.0  
  0.0500812935832                 0.0  
  0.0502816170811                 0.0  
  0.0504827464078                 0.0  
  0.0506846770853                 0.0  
  0.0508874135835                 0.0  
  0.0510909650607                 0.0  
  0.0512953269164                 0.0  
  0.0515005084112                 0.0  
  0.0517065095584                 0.0  
  0.0519133398359                 0.0  
  0.0521209897077                 0.0  
  0.0523294734927                 0.0  
  0.0525387912309                 0.0  
   0.052748947809                 0.0  
  0.0529599432243                 0.0  
  0.0531717823989                 0.0  
  0.0533844703326                 0.0  
  0.0535980070184                 0.0  
  0.0538124026211                 0.0  
  0.0540276520462                 0.0  
  0.0542437603713                 0.0  
  0.0544607380071                 0.0  
  0.0546785797359                 0.0  
  0.0548972960957                 0.0  
  0.0551168817443                 0.0  
  0.0553373527706                 0.0  
  0.0555586983713                 0.0  
  0.0557809348548                 0.0  
  0.0560040567579                 0.0  
  0.0562280751482                 0.0  
  0.0564529844364                 0.0  
  0.0566787958303                 0.0  
  0.0569055150795                 0.0  
  0.0571331364721                 0.0  
  0.0573616656758                 0.0  
  0.0575911143271                 0.0  
  0.0578214765912                 0.0  
  0.0580527642567                 0.0  
  0.0582849773746                 0.0  
  0.0585181159072                 0.0  
  0.0587521858386                 0.0  
  0.0589871994171                 0.0  
  0.0592231443552                 0.0  
  0.0594600391771                 0.0  
  0.0596978776747                 0.0  
  0.0599366724289                 0.0  
  0.0601764171007                 0.0  
  0.0604171244428                 0.0  
  0.0606587944978                 0.0  
  0.0609014272165                 0.0  
   0.061145029075                 0.0  
  0.0613896133384                 0.0  
  0.0616351734263                 0.0  
  0.0618817092309                 0.0  
  0.0621292410506                 0.0  
  0.0623777552976                 0.0  
  0.0626272656272                 0.0  
  0.0628777720403                 0.0  
   0.063129288554                 0.0  
  0.0633818010893                 0.0  
  0.0636353308644                 0.0  
   0.063889870777                 0.0  
  0.0641454352523                 0.0  
  0.0644020170518                 0.0  
  0.0646596234095                 0.0  
   0.064918261695                 0.0  
  0.0651779318951                 0.0  
   0.065438641478                 0.0  
  0.0657003980535                 0.0  
  0.0659632016714                 0.0  
  0.0662270522815                 0.0  
  0.0664919653869                 0.0  
   0.066757933217                 0.0  
  0.0670249635555                 0.0  
  0.0672930643361                 0.0  
  0.0675622355631                 0.0  
   0.067832481211                 0.0  
  0.0681038134915                 0.0  
  0.0683762283497                 0.0  
   0.068649734011                 0.0  
  0.0689243304506                 0.0  
  0.0692000302551                 0.0  
  0.0694768292185                 0.0  
  0.0697547358146                 0.0  
  0.0700337543427                 0.0  
  0.0703138891334                 0.0  
  0.0705951445493                 0.0  
  0.0708775249857                 0.0  
  0.0711610348713                 0.0  
  0.0714456786688                 0.0  
  0.0717314654303                 0.0  
  0.0720183906152                 0.0  
   0.072306463311                 0.0  
  0.0725956881234                 0.0  
  0.0728860696955                 0.0  
  0.0731776174494                 0.0  
  0.0734703266627                 0.0  
  0.0737642067987                 0.0  
  0.0740592626587                 0.0  
  0.0743554990853                 0.0  
  0.0746529258973                 0.0  
  0.0749515332222                 0.0  
   0.075251340833                 0.0  
  0.0755523488135                 0.0  
  0.0758545571332                 0.0  
  0.0761579759141                 0.0  
  0.0764626051371                 0.0  
  0.0767684551004                 0.0  
  0.0770755310579                 0.0  
  0.0773838330132                 0.0  
   0.077693366195                 0.0  
  0.0780041412693                 0.0  
   0.078316158267                 0.0  
   0.078629422573                 0.0  
  0.0789439396258                 0.0  
   0.079259714919                 0.0  
  0.0795767540021                 0.0  
  0.0798950624814                 0.0  
  0.0802146403258                 0.0  
  0.0805354988643                 0.0  
  0.0808576438804                 0.0  
  0.0811810753857                 0.0  
  0.0815057991484                 0.0  
  0.0818318209987                 0.0  
  0.0821591468305                 0.0  
  0.0824877826019                 0.0  
   0.082817734337                 0.0  
  0.0831490081274                 0.0  
  0.0834816039632                 0.0  
  0.0838155279262                 0.0  
  0.0841507924355                 0.0  
  0.0844873975438                 0.0  
  0.0848253431751                 0.0  
  0.0851646483849                 0.0  
  0.0855053068237                 0.0  
  0.0858473248539                 0.0  
  0.0861907154896                 0.0  
  0.0865354787741                 0.0  
  0.0868816213016                 0.0  
  0.0872291430099                 0.0  
  0.0875780640725                 0.0  
  0.0879283778012                 0.0  
  0.0882800909551                 0.0  
  0.0886332103769                 0.0  
   0.088987742995                 0.0  
  0.0893436887586                 0.0  
  0.0897010688489                 0.0  
  0.0900598690908                 0.0  
  0.0904201109028                 0.0  
  0.0907817943694                 0.0  
  0.0911449194373                 0.0  
  0.0915095007394                 0.0  
  0.0918755382958                 0.0  
  0.0922430395187                 0.0  
  0.0926120119188                 0.0  
  0.0929824554535                 0.0  
  0.0933543853675                 0.0  
  0.0937278094776                 0.0  
  0.0941027200284                 0.0  
  0.0944791246749                 0.0  
  0.0948570471081                 0.0  
  0.0952364714898                 0.0  
  0.0956174217934                 0.0  
  0.0959998899854                 0.0  
  0.0963838840736                 0.0  
  0.0967694204686                 0.0  
  0.0971564992491                 0.0  
  0.0975451287698                 0.0  
  0.0979353090143                 0.0  
  0.0983270483749                 0.0  
  0.0987203553653                 0.0  
  0.0991152386231                 0.0  
  0.0995116981457                 0.0  
  0.0999097426147                 0.0  
    0.10030938084                 0.0  
   0.100710621762                 0.0  
   0.101113465403                 0.0  
   0.101517920754                 0.0  
   0.101923987748                 0.0  
   0.102331684696                 0.0  
   0.102741011658                 0.0  
   0.103151977956                 0.0  
   0.103564583561                 0.0  
   0.103978847424                 0.0  
   0.104394760008                 0.0  
   0.104812340481                 0.0  
   0.105231588867                 0.0  
   0.105652514907                 0.0  
   0.106075128499                 0.0  
   0.106499419612                 0.0  
   0.106925418218                 0.0  
   0.107353124484                 0.0  
   0.107782538416                 0.0  
   0.108213670222                 0.0  
   0.108646519823                 0.0  
   0.109081108043                 0.0  
   0.109517434971                 0.0  
   0.109955500532                 0.0  
   0.110395326059                 0.0  
   0.110836900777                 0.0  
   0.111280257246                 0.0  
   0.111725373653                 0.0  
   0.112172271863                 0.0  
   0.112620963053                 0.0  
   0.113071447266                 0.0  
   0.113523735783                 0.0  
   0.113977828572                 0.0  
   0.114433737023                 0.0  
   0.114891472716                 0.0  
    0.11535103565                 0.0  
   0.115812449396                 0.0  
   0.116275690229                 0.0  
   0.116740793807                 0.0  
   0.117207760277                 0.0  
   0.117676589609                 0.0  
   0.118147293948                 0.0  
   0.118619885655                 0.0  
   0.119094364748                 0.0  
   0.119570743719                 0.0  
   0.120049022526                 0.0  
    0.12052922666                 0.0  
   0.121011343361                 0.0  
   0.121495385402                 0.0  
   0.121981365789                 0.0  
   0.122469297759                 0.0  
   0.122959168018                 0.0  
   0.123451003131                 0.0  
   0.123944816734                 0.0  
   0.124440595291                 0.0  
   0.124938352277                 0.0  
   0.125438101413                 0.0  
   0.125939856671                 0.0  
   0.126443618128                 0.0  
   0.126949385666                 0.0  
   0.127457187735                 0.0  
   0.127967024514                 0.0  
   0.128478881376                 0.0  
   0.128992801948                 0.0  
   0.129508771677                 0.0  
   0.130026805273                 0.0  
   0.130546917724                 0.0  
    0.13106910909                 0.0  
   0.131593379236                 0.0  
   0.132119758725                 0.0  
   0.132648232174                 0.0  
   0.133178830608                 0.0  
   0.133711538364                 0.0  
   0.134246386932                 0.0  
   0.134783368412                 0.0  
   0.135322506858                 0.0  
   0.135863794217                 0.0  
    0.13640724667                 0.0  
   0.136952880717                 0.0  
   0.137500688072                 0.0  
   0.138050693715                 0.0  
   0.138602897709                 0.0  
   0.139157308481                 0.0  
   0.139713934513                 0.0  
   0.140272793062                 0.0  
   0.140833884164                 0.0  
   0.141397216493                 0.0  
   0.141962807704                 0.0  
   0.142530657824                 0.0  
   0.143100784789                 0.0  
    0.14367318862                 0.0  
   0.144247878329                 0.0  
   0.144824872283                 0.0  
   0.145404170505                 0.0  
   0.145985782226                 0.0  
   0.146569726264                 0.0  
   0.147156012234                 0.0  
   0.147744630509                 0.0  
   0.148335609884                 0.0  
   0.148928950407                 0.0  
   0.149524671689                 0.0  
   0.150122763818                 0.0  
   0.150723256556                 0.0  
   0.151326149986                 0.0  
   0.151931454179                 0.0  
   0.152539179298                 0.0  
   0.153149335602                 0.0  
   0.153761933445                 0.0  
    0.15437698328                 0.0  
   0.154994495661                 0.0  
   0.155614470527                 0.0  
   0.156236929183                 0.0  
   0.156861871606                 0.0  
   0.157489319487                 0.0  
   0.158119283907                 0.0  
   0.158751753754                 0.0  
   0.159386762292                 0.0  
   0.160024309612                 0.0  
   0.160664406987                 0.0  
   0.161307065808                 0.0  
   0.161952297587                 0.0  
   0.162600102255                 0.0  
   0.163250503087                 0.0  
   0.163903500077                 0.0  
   0.164559116943                 0.0  
   0.165217353748                 0.0  
   0.165878222483                 0.0  
   0.166541735275                 0.0  
   0.167207904386                 0.0  
   0.167876742216                 0.0  
   0.168548248734                 0.0  
   0.169222436325                 0.0  
   0.169899330296                 0.0  
   0.170578917867                 0.0  
   0.171261237522                 0.0  
   0.171946289458                 0.0  
   0.172634073617                 0.0  
   0.173324602972                 0.0  
   0.174017904054                 0.0  
   0.174713976962                 0.0  
   0.175412835149                 0.0  
   0.176114478504                 0.0  
   0.176818948161                 0.0  
   0.177526216562                 0.0  
   0.178236325294                 0.0  
   0.178949274492                 0.0  
   0.179665064019                 0.0  
   0.180383722267                 0.0  
    0.18110526375                 0.0  
   0.181829673902                 0.0  
   0.182556996418                 0.0  
   0.183287231512                 0.0  
   0.184020379125                 0.0  
    0.18475645402                 0.0  
   0.185495486389                 0.0  
   0.186237461056                 0.0  
   0.186982408495                 0.0  
   0.187730344282                 0.0  
   0.188481268478                 0.0  
    0.18923519671                 0.0  
    0.18999212884                 0.0  
   0.190752096649                 0.0  
   0.191515116419                 0.0  
    0.19228117193                 0.0  
   0.193050295632                 0.0  
   0.193822487473                 0.0  
   0.194597780629                 0.0  
   0.195376175252                 0.0  
   0.196157688231                 0.0  
   0.196942319531                 0.0  
    0.19773008612                 0.0  
   0.198521005214                 0.0  
   0.199315094279                 0.0  
   0.200112353314                 0.0  
    0.20091279988                 0.0  
   0.201716451797                 0.0  
   0.202523308997                 0.0  
   0.203333407701                 0.0  
   0.204146748093                 0.0  
   0.204963330048                 0.0  
   0.205783171868                 0.0  
   0.206606311029                 0.0  
   0.207432728761                 0.0  
   0.208262462965                 0.0  
   0.209095513742                 0.0  
   0.209931900383                 0.0  
   0.210771622814                 0.0  
   0.211614720282                 0.0  
   0.212461173033                 0.0  
   0.213311020775                 0.0  
   0.214164263564                 0.0  
   0.215020921596                 0.0  
   0.215880994763                 0.0  
    0.21674452421                 0.0  
   0.217611510156                 0.0  
   0.218481952493                 0.0  
   0.219355872072                 0.0  
   0.220233311555                 0.0  
   0.221114228075                 0.0  
   0.221998686117                 0.0  
   0.222886685943                 0.0  
   0.223778227476                 0.0  
   0.224673354985                 0.0  
   0.225572046251                 0.0  
   0.226474323402                 0.0  
   0.227380231819                 0.0  
   0.228289748794                 0.0  
   0.229202897043                 0.0  
   0.230119723105                 0.0  
   0.231040203786                 0.0  
   0.231964362419                 0.0  
   0.232892222738                 0.0  
   0.233823784687                 0.0  
   0.234759072245                 0.0  
   0.235698109808                 0.0  
   0.236640897408                 0.0  
   0.237587459704                 0.0  
   0.238537821784                 0.0  
   0.239491983793                 0.0  
   0.240449945509                 0.0  
   0.241411732136                 0.0  
   0.242377395329                 0.0  
   0.243346883189                 0.0  
    0.24432027388                 0.0  
   0.245297567815                 0.0  
   0.246278765038                 0.0  
    0.24726386522                 0.0  
   0.248252922202                 0.0  
   0.249245936192                 0.0  
   0.250242934734                 0.0  
   0.251243889998                 0.0  
   0.252248857367                 0.0  
   0.253257865238                 0.0  
   0.254270885298                 0.0  
   0.255287974471                 0.0  
   0.256309132972                 0.0  
   0.257334360629                 0.0  
   0.258363715964                 0.0  
   0.259397169641                 0.0  
   0.260434751023                 0.0  
   0.261476490028                 0.0  
   0.262522386629                 0.0  
   0.263572471153                 0.0  
   0.264626774498                 0.0  
   0.265685265663                 0.0  
   0.266748006725                 0.0  
   0.267814997867                 0.0  
   0.268886270863                 0.0  
   0.269961825843                 0.0  
   0.271041662523                 0.0  
   0.272125829369                 0.0  
   0.273214342954                 0.0  
   0.274307186659                 0.0  
   0.275404426841                 0.0  
   0.276506046976                 0.0  
   0.277612063688                 0.0  
   0.278722510916                 0.0  
   0.279837405931                 0.0  
   0.280956748664                 0.0  
   0.282080573835                 0.0  
     0.2832088991                 0.0  
   0.284341742253                 0.0  
   0.285479103186                 0.0  
   0.286621017715                 0.0  
    0.28776750405                 0.0  
   0.288918580543                 0.0  
   0.290074247075                 0.0  
   0.291234540623                 0.0  
   0.292399479992                 0.0  
   0.293569084143                 0.0  
   0.294743352973                 0.0  
   0.295922324686                 0.0  
   0.297106018732                 0.0  
    0.29829443504                 0.0  
    0.29948761278                 0.0  
   0.300685571921                 0.0  
   0.301888312441                 0.0  
    0.30309587452                 0.0  
   0.304308258181                 0.0  
   0.305525483642                 0.0  
   0.306747592131                 0.0  
   0.307974583754                 0.0  
   0.309206479307                 0.0  
   0.310443299785                 0.0  
   0.311685066389                 0.0  
   0.312931822196                 0.0  
   0.314183545656                 0.0  
   0.315440280101                 0.0  
   0.316702047589                 0.0  
   0.317968848024                 0.0  
   0.319240725932                 0.0  
   0.320517681318                 0.0  
    0.32179975953                 0.0  
   0.323086960685                 0.0  
   0.324379307693                 0.0  
   0.325676823708                 0.0  
   0.326979532134                 0.0  
   0.328287432778                 0.0  
   0.329600597068                 0.0  
   0.330919001291                 0.0  
   0.332242669315                 0.0  
   0.333571649902                 0.0  
   0.334905918403                 0.0  
   0.336245548955                 0.0  
   0.337590541904                 0.0  
   0.338940897082                 0.0  
   0.340296665061                 0.0  
   0.341657845854                 0.0  
   0.343024491036                 0.0  
   0.344396574568                 0.0  
   0.345774174887                 0.0  
   0.347157265742                 0.0  
   0.348545900161                 0.0  
   0.349940078147                 0.0  
   0.351339826487                 0.0  
   0.352745199837                 0.0  
   0.354156170793                 0.0  
   0.355572794473                 0.0  
   0.356995099023                 0.0  
   0.358423056085                 0.0  
   0.359856750479                 0.0  
   0.361296182545                 0.0  
   0.362741381197                 0.0  
   0.364192346371                 0.0  
   0.365649107033                 0.0  
   0.367111692529                 0.0  
   0.368580162657                 0.0  
   0.370054457347                 0.0  
   0.371534697329                 0.0  
   0.373020821886                 0.0  
   0.374512922982                 0.0  
   0.376010969812                 0.0  
   0.377514993083                 0.0  
   0.379025055715                 0.0  
   0.380541157981                 0.0  
    0.38206333188   2.09608061001e-06  
   0.383591577294                 0.0  
   0.385125959166                 0.0  
   0.386666444678                 0.0  
   0.388213132782                 0.0  
   0.389765956915                 0.0  
   0.391325051123                 0.0  
   0.392890348197                 0.0  
   0.394461915901                 0.0  
   0.396039754161                 0.0  
   0.397623897285   2.40885090506e-06  
   0.399214415358                 0.0  
   0.400811273444                 0.0  
   0.402414506544                 0.0  
   0.404024150177                 0.0  
   0.405640240394                 0.0  
   0.407262813787                 0.0  
   0.408891870496                 0.0  
    0.41052744734                 0.0  
   0.412169544098                 0.0  
   0.413818235712                 0.0  
   0.415473484303   2.59848691116e-06  
   0.417135404168                 0.0  
   0.418803918566                 0.0  
   0.420479143282   3.45070761759e-06  
    0.42216107887                 0.0  
   0.423849725244                 0.0  
    0.42554512175                 0.0  
   0.427247308353    3.5096014123e-06  
   0.428956284932                 0.0  
   0.430672091755                 0.0  
   0.432394811114   5.71099680617e-06  
   0.434124360447                 0.0  
   0.435860864087   3.10529070223e-06  
   0.437604322571   1.11699313461e-05  
   0.439354735776                 0.0  
   0.441112145969   2.67460498944e-06  
    0.44287659611   3.17675172353e-06  
   0.444648086107                 0.0  
   0.446426703405                 0.0  
   0.448212404196                 0.0  
   0.450005232208                 0.0  
   0.451805277075   8.48688344846e-06  
    0.45361249401   2.71645370843e-06  
   0.455426927892   3.59961556045e-06  
    0.45724867063   3.55582662895e-06  
    0.45907762982   5.51152101677e-06  
    0.46091394446   4.12259005998e-06  
   0.462757615155    3.4334648135e-06  
   0.464608641808   3.33833953906e-06  
   0.466467071771   1.47783995454e-05  
   0.468332953209    7.4849241951e-06  
   0.470206286192   8.40850498791e-06  
   0.472087119393   2.80005554498e-06  
   0.473975452618                 0.0  
   0.475871335061                 0.0  
   0.477774816778   2.91580853209e-06  
    0.47968594871   1.08989033035e-05  
   0.481604680029    2.7563849229e-05  
   0.483531112768   2.20142730452e-05  
   0.485465247193                 0.0  
   0.487407082836   7.49413516774e-06  
    0.48935672447   3.85090331869e-06  
   0.491314119229   3.30612213162e-06  
   0.493279373346   1.55606648508e-05  
   0.495252541446   1.99240266494e-05  
   0.497233514987   2.00893582483e-05  
   0.499222456958   8.48659230142e-06  
   0.501219368051   1.63892053944e-05  
   0.503224248203    4.1352738067e-06  
   0.505237153073   1.13127601512e-05  
   0.507258082401   1.73492926475e-05  
   0.509287092547                 0.0  
   0.511324240917   2.35407363742e-05  
   0.513369527656   2.21679790445e-05  
    0.51542301092   1.91699197135e-05  
   0.517484749951   4.56247271558e-06  
   0.519554685619   2.67585544604e-05  
    0.52163287653   3.22376724657e-05  
   0.523719382401   1.34328881025e-05  
   0.525814264075   1.31752912578e-05  
   0.527917521869   1.38552270362e-05  
    0.53002921747    1.8966080894e-05  
   0.532149351069   3.75283144643e-05  
   0.534277922046   9.22144454936e-06  
   0.536415056314   2.69731059484e-05  
   0.538560690453   5.75018222392e-05  
   0.540714952292   4.54971850695e-05  
   0.542877809892   1.96546205514e-05  
   0.545049328073   3.44370016016e-05  
   0.547229506639   2.55707019153e-05  
    0.54941844476   1.99317128117e-05  
   0.551616109283   3.62617004225e-05  
   0.553822566959   1.47637607721e-05  
   0.556037851638   1.53711958266e-05  
   0.558261997412   4.71653496599e-05  
   0.560495073378   3.84143620649e-05  
   0.562737044876   3.14059600619e-05  
   0.564987981235    2.6007230741e-05  
   0.567247953161   4.71114828067e-05  
   0.569516925098   3.79310735943e-05  
   0.571795004185   3.57439372003e-05  
    0.57408219074   3.31166591857e-05  
   0.576378520968     2.165381552e-05  
   0.578684031361   3.86127825826e-05  
   0.580998758706   1.87362494334e-05  
    0.58332274009   2.51020397811e-05  
   0.585656050859   4.16825061725e-05  
   0.587998653113   3.91075604473e-05  
   0.590350661093   5.22561005164e-05  
   0.592712075199    4.4118895973e-05  
   0.595082894929   3.06001499983e-05  
   0.597463237368   5.33182271624e-05  
   0.599853103008   6.89978349562e-05  
   0.602252491434   5.58319071194e-05  
   0.604661522677   4.72276190165e-05  
   0.607080156581   2.45189105732e-05  
   0.609508474096   1.82935029348e-05  
   0.611946516412   3.87140889687e-05  
   0.614394325111   4.44967325875e-05  
   0.616851900062   6.67160178828e-05  
   0.619319282636   8.69463234998e-05  
   0.621796557381   5.90494778381e-05  
   0.624283767493   7.42248476902e-05  
   0.626780869656   6.97715669427e-05  
   0.629287993483    4.5343307939e-05  
    0.63180518347   8.73283897934e-05  
   0.634332395511   4.42016253279e-05  
   0.636869717762   3.18312131194e-05  
   0.639417195011   8.17688619181e-05  
   0.641974872512   9.60986382079e-05  
   0.644542750024   7.54274906387e-05  
   0.647120918993   8.77290340162e-05  
   0.649709426118   8.67645364269e-05  
   0.652308271514   6.85500205889e-05  
   0.654917501763   9.71018036888e-05  
   0.657537163955   9.84201431014e-05  
   0.660167305694   9.71641075963e-05  
    0.66280797511   9.11467058717e-05  
   0.665459220872   0.000103276736062  
   0.668121042799   0.000102509137525  
    0.67079353927   0.000126082927387  
   0.673476710427    0.00011228771611  
   0.676170605981    7.4326311279e-05  
   0.678875276214   7.85816279685e-05  
   0.681590771994   0.000127279395192  
   0.684317144785   0.000119808566051  
   0.687054446662   0.000141035293252  
    0.68980262501   0.000106179906764  
   0.692561836779   0.000105934437994  
   0.695332082421    0.00017347655524  
   0.698113415263   0.000142222509165  
   0.700905889283   0.000151514355108  
   0.703709504325    0.00011698455826  
   0.706524369631   9.55126080987e-05  
   0.709350429842   0.000217911944687  
   0.712187851239   5.92260124861e-05  
   0.715036578075   0.000183693334454  
   0.717896722797   0.000232513362095  
   0.720768342898   0.000151921008761  
   0.723651380715   0.000191266396028  
   0.726546009278     0.0002263319083  
    0.72945217056   0.000160591870697  
   0.732369981607   0.000190928204019  
   0.735299502293   0.000227707444411  
   0.738240672671   0.000224393882362  
   0.741193612111   0.000200631369366  
   0.744158442711   0.000122905032186  
   0.747135042275   0.000160452036361  
   0.750123594847   0.000276243752535  
   0.753124100979   0.000261148832997  
   0.756136560078   0.000252991213333  
   0.759161097933   0.000239948078151  
    0.76219777895   0.000309699625578  
   0.765246538827   0.000347936143352  
   0.768307571306   0.000185506938219  
   0.771380745977   0.000232958195719  
   0.774466325285   0.000282044247419  
   0.777564177525   0.000252101465993  
    0.78067443531   0.000353393620765  
   0.783797098384   0.000189134895743  
   0.786932302339   0.000202363718415  
   0.790080047785    0.00024199882417  
   0.793240334132     0.0003470116937  
   0.796413299943   0.000215079940722  
   0.799598945532   0.000292965044262  
   0.802797341314   0.000299804120801  
   0.806008558748   0.000349498704515  
   0.809232597891   0.000371131996349  
    0.81246953061   0.000372764706157  
   0.815719429854   0.000256089823539  
    0.81898229545   0.000330827175781  
   0.822258200786    0.00029399514314  
   0.825547220369   0.000386630545213  
   0.828849429845   0.000341585326322  
   0.832164829396   0.000404303681478  
   0.835493495177   0.000379261906672  
   0.838835426658   0.000442444370769  
   0.842190778997    0.00038982857605  
    0.84555955283   0.000265874252179  
   0.848941827263   0.000416818949577  
   0.852337602258   0.000301324430521  
    0.85574695751   0.000433967027762  
   0.859169892294     0.0005476039291  
   0.862606569239   0.000313252018574  
   0.866056988902   0.000298930504732  
   0.869521234191   0.000458975516395  
   0.872999305016    0.00046950949902  
   0.876491284963   0.000340308714752  
   0.879997258979    0.00030820121465  
   0.883517313402   0.000351270637245  
   0.887051361841    0.00036965934622  
    0.89059957708   0.000361290200507  
   0.894161959174   0.000384340575262  
   0.897738595996   0.000360186313412  
   0.901329576884   0.000357674210256  
   0.904934902051   0.000405049813928  
    0.90855457033   0.000404995088786  
   0.912188855376   0.000330537736631  
    0.91583757419   0.000457028885242  
   0.919500910695   0.000462056552507  
    0.92317895905    0.00054955123905  
   0.926871624892   0.000513376679174  
   0.930579096884   0.000355360993514  
   0.934301471767   0.000482420077688  
   0.938038653215   0.000477282537905  
   0.941790834809   0.000361910525276  
   0.945558017068   0.000277812576833  
   0.949340199073   0.000454971660216  
   0.953137579495     0.0003945907914  
   0.956950159285    0.00032920115802  
   0.960777937946   0.000535609596659  
   0.964621016469   0.000390466378328  
   0.968479497641   0.000418654363253  
   0.972353486075   0.000434079673309  
    0.97624287733   0.000434399671773  
   0.980147774721   0.000390580179866  
   0.984068390582   0.000368336627388  
   0.988004726545   0.000351220949021  
   0.991956673874   0.000292295474608  
   0.995924557853   0.000387140860829  
    0.99990827019     0.0005202699627  
     1.0039079206   0.000356608346757  
    1.00792350839   0.000418328408106  
    1.01195514463   0.000340353053326  
    1.01600305669   0.000321935126595  
    1.02006701708   0.000266348187538  
     1.0241472537   0.000285083803672  
    1.02824388327   0.000368405017411  
    1.03235690673   0.000335853770063  
    1.03648632346   0.000333835452308  
    1.04063225109   0.000303311340991  
    1.04479480945    0.00041956235323  
    1.04897399887   0.000312451918719  
     1.0531698181   0.000355471239366  
    1.05738251166   0.000313318031516  
    1.06161208096   0.000247707396004  
    1.06585852578   0.000215979868386  
    1.07012197099    0.00033989247245  
    1.07440241613   0.000215943351056  
    1.07870005221   0.000304652914327  
    1.08301481519   0.000273581548174  
    1.08734689895    0.00039514722708  
    1.09169630414   0.000320897974576  
    1.09606302978      0.000309693689  
    1.10044734116   0.000222738891815  
    1.10484910523   0.000375729671559  
    1.10926852335    0.00015457124429  
     1.1137055958   0.000341053168993  
    1.11816039035   0.000248011977282  
    1.12263304497   0.000277546003558  
    1.12712355978   0.000293380204504  
    1.13163207491   0.000405694143915  
    1.13615859041   0.000236341896068  
    1.14070324858   0.000445113916696  
    1.14526604943   0.000228188547284  
    1.14984706437   0.000192222486137  
    1.15444651285   0.000253313879917  
    1.15906424797   0.000271873997633  
    1.16370056586   0.000182112048918  
    1.16835531727   0.000213871460458  
    1.17302872701   0.000167502897755  
    1.17772087188   0.000295176022404  
    1.18243175198   0.000212414139436  
    1.18716144357   0.000249923099894  
    1.19191010218   0.000246366889757  
    1.19667772807   0.000382137506488  
     1.2014644794   0.000358906257494  
    1.20627035656     0.0003957279167  
    1.21109543928   0.000232291124113  
      1.215939808   0.000361074995186  
    1.22080354391   0.000144068287128  
    1.22568681206   0.000393460257736  
     1.2305895296    0.00037601780478  
    1.23551186248   0.000285667180129  
    1.24045389501   0.000308392919983  
     1.2454157123   0.000276176330457  
     1.2503974003   0.000298777613069  
    1.25539895864   0.000341489367708  
    1.26042056078   0.000308516411431  
    1.26546229526    0.00024079336855  
    1.27052416224   0.000221102267913  
    1.27560624992   0.000330416168036  
    1.28070864744    0.00031107119747  
    1.28583144485   0.000366665745193  
    1.29097482537   0.000214917199556  
    1.29613869727   0.000387439926512  
    1.30132324497   0.000321989934359  
    1.30652856241   0.000367929304834  
    1.31175464935   0.000431855656902  
    1.31700169547   0.000303403460304  
     1.3222697011   0.000360419156388  
    1.32755876203   0.000315604238032  
    1.33286897515   0.000261542395843  
    1.33820043842   0.000300764576842  
    1.34355325091   0.000322475032149  
    1.34892751285   0.000377879241205  
    1.35432322412    0.00028714924946  
    1.35974048482   0.000265265586473  
    1.36517949934   0.000358802916877  
    1.37064016475   0.000342492365851  
      1.376122687   0.000189620069038  
    1.38162727663   0.000301850750319  
    1.38715372296   0.000337563860068  
    1.39270234299   0.000498096801478  
    1.39827313727    0.00032128688527  
    1.40386621331   0.000342495385287  
    1.40948167992    0.00032285136562  
    1.41511964725   0.000268519132949  
    1.42078011516   0.000348030505579  
    1.42646319391   0.000386416696353  
    1.43216910863   0.000496574685614  
    1.43789774632   0.000358823195522  
    1.44364933409   0.000282608331465  
    1.44942398792   0.000255588495146  
    1.45522170815   0.000316420429684  
    1.46104249287   0.000340751766935  
     1.4668866951   0.000196456370388  
    1.47275431694   0.000179062046417  
    1.47864523734   0.000297473971369  
    1.48455981683   0.000364159282423  
    1.49049805659   0.000297366255199  
    1.49646007942   0.000336376907384  
    1.50244588491   0.000280704124341  
    1.50845572211     0.0003026585169  
    1.51448959202   0.000251995901945  
    1.52054749331   0.000381879750732  
     1.5266296802   0.000457501200501  
    1.53273615283   0.000366549828118  
    1.53886717105   0.000304582435258  
    1.54502260448   0.000341330596315  
    1.55120271558   0.000509254458617  
    1.55740750452   0.000393698040659  
    1.56363710436   0.000567599743941  
    1.56989165006   0.000522867134157  
    1.57617127854   0.000291109061292  
    1.58247599015   0.000348559576988  
    1.58880592249   0.000293192194127  
    1.59516107439   0.000425408593952  
    1.60154172603   0.000385867958737  
    1.60794787812   0.000307048532171  
    1.61437967308   0.000202683483397  
    1.62083725547    0.00046341613603  
    1.62732047899   0.000294590803286  
    1.63382978091   0.000458592146755  
     1.6403651635   0.000496756018549  
    1.64692662655   0.000273752683991  
    1.65351431859    0.00036350894335  
    1.66012839044    0.00044966801189  
    1.66676884154   0.000379580872858  
    1.67343597864   0.000576912594237  
    1.68012964726   0.000474785649399  
     1.6868501577   0.000349663755836  
    1.69359766897   0.000468687415391  
    1.70037202268   0.000474526269899  
    1.70717353647   0.000366071017342  
    1.71400221054    0.00040386460597  
    1.72085820633   0.000502741357378  
    1.72774168785   0.000555209628216  
    1.73465265526   0.000613044459526  
    1.74159127391   0.000453080659076  
    1.74855754262    0.00057720337486  
    1.75555179861   0.000458005687441  
    1.76257404347   0.000812205913593  
    1.76962427614   0.000610968092626  
    1.77670284213   0.000448921451271  
    1.78380956722   0.000731023751365  
    1.79094480125   0.000527608858328  
    1.79810872371   0.000564258807042  
    1.80530115645   0.000819649858585  
    1.81252227635   0.000918567278799  
    1.81977244648   0.000716410817993  
    1.82705148476   0.000692523491936  
    1.83435957276   0.000699095742946  
    1.84169708283   0.000739412941035  
    1.84906382895   0.000789648150964  
    1.85646018835   0.000877052352729  
     1.8638859709   0.000790841120659  
    1.87134155879   0.000813215056012  
    1.87882695303   0.000722319920242  
    1.88634215182   0.000899898599759  
    1.89388754731    0.00111953111473  
    1.90146314133    0.00113704704584  
    1.90906893284    0.00146117021984  
    1.91670532438     0.0011494387486  
    1.92437211384    0.00158424533734  
    1.93206950273    0.00123218744608  
    1.93979790433     0.0012235340226  
    1.94755711267    0.00140607794283  
    1.95534733522    0.00133100869882  
    1.96316856994    0.00140447490155  
    1.97102124165     0.0010742987902  
    1.97890535251    0.00128116613713  
    1.98682112011    0.00148307672745  
    1.99476832565    0.00118390362416  
    2.00274740602    0.00170971720551  
    2.01075836178    0.00213975623688  
    2.01880141589    0.00228499966869  
    2.02687656812    0.00204517029151  
    2.03498404427    0.00209861329219  
    2.04312407431    0.00227487529726  
    2.05129665965    0.00196581064904  
     2.0595017986    0.00198661998465  
    2.06773972286    0.00217933067668  
    2.07601066845    0.00218605671459  
    2.08431463547    0.00201089898365  
    2.09265210542    0.00186908435752  
    2.10102259513    0.00253635991016  
    2.10942658742    0.00232895240994  
    2.11786432936    0.00241251872409  
    2.12633582256    0.00300716740483  
    2.13484131755    0.00284738812629  
     2.1433805613    0.00324075964721  
    2.15195405802    0.00308972696447  
    2.16056193754    0.00327069533305  
    2.16920420033    0.00288908941322  
    2.17788097479    0.00312895923916  
     2.1865925224    0.00303668590273  
    2.19533884309    0.00304264444987  
    2.20412020221     0.0037971847715  
    2.21293673483    0.00276716370325  
    2.22178844042    0.00314479430867  
    2.23067559034    0.00335526256665  
    2.23959832256    0.00397497368898  
    2.24855677603    0.00371237992266  
    2.25755094977    0.00359001647193  
    2.26658112356    0.00404785370546  
    2.27564743949    0.00400243646516  
    2.28475004076    0.00412182323175  
    2.29388907166     0.0039965942082  
    2.30306467764    0.00402982009097  
    2.31227685738    0.00435307926625  
    2.32152605332    0.00484042281698  
    2.33081211742    0.00421215634823  
    2.34013534778    0.00430597761344  
    2.34949589586    0.00388038244454  
     2.3588939144    0.00423682603709  
    2.36832940228    0.00398478414255  
    2.37780282395    0.00390165170604  
    2.38731402457    0.00453607371695  
    2.39686315846    0.00432395309458  
    2.40645070173     0.0039116015163  
    2.41607649617    0.00433692017469  
    2.42574070034    0.00425351597217  
    2.43544380238    0.00389321974818  
    2.44518547545     0.0041151301307  
    2.45496621204    0.00416033457183  
    2.46478618067    0.00345942271905  
    2.47464521268    0.00469075088237  
    2.48454381326    0.00400209433935  
    2.49448198371    0.00435422284845  
    2.50445989506    0.00421294368322  
       2.51447772    0.00379481854262  
    2.52453563299    0.00336242023477  
    2.53463381022    0.00350430303385  
    2.54477242968     0.0036831213589  
    2.55495149062    0.00385242801203  
    2.56517135243    0.00340659623976  
    2.57543201517    0.00395426062589  
    2.58573365996    0.00436243818512  
    2.59607665626    0.00292726119645  
    2.60646100556    0.00302350043662  
    2.61688670542    0.00259113281194  
    2.62735432224    0.00335773625474  
    2.63786366667    0.00357755682532  
    2.64841512134    0.00351009798649  
    2.65900888157    0.00330227129045  
    2.66964494773    0.00360913013588  
    2.68032351485     0.0036159858261  
    2.69104478018    0.00335996646209  
    2.70180894321    0.00349943760637  
    2.71261620574    0.00334644764881  
    2.72346656674    0.00276114807436  
    2.73436043466     0.0027123609465  
    2.74529801844    0.00319660268164  
     2.7562791092    0.00246793804833  
    2.76730433452    0.00312888449301  
    2.77837348379    0.00268772417122  
    2.78948698116    0.00260390419344  
    2.80064482621    0.00322817816235  
     2.8118474517    0.00219582447102  
    2.82309485907    0.00218803241053  
    2.83438726773    0.00246957894326  
    2.84572489981    0.00177373724506  
    2.85710775442    0.00118653380809  
    2.86853605393    0.00143999719986  
      2.880010253    0.00161678608854  
    2.89153035391      0.001601667851  
    2.90309635457    0.00161760351483  
    2.91470895348    0.00159051725722  
    2.92636768263    0.00150156579693  
    2.93807324851    0.00208517273551  
    2.94982541299     0.0019872456674  
    2.96162465374    0.00189285349867  
    2.97347121472    0.00097160692513  
    2.98536509663    0.00116229639989  
    2.99730654414    0.00107548072194  
    3.00929580525    0.00104562776221  
    3.02133287881    0.00128345517285  
    3.03341826813    0.00118075201711  
    3.04555197494     0.0011403453686  
    3.05773425498   0.000954048847807  
    3.06996510682   0.000919183231806  
    3.08224504996    0.00118273600192  
    3.09457408611   0.000750109195559  
    3.10695221222    0.00146958596552  
    3.11937995887   0.000787058073858  
    3.13185759762   0.000998276065283  
    3.14438513044   0.000779731535599  
    3.15696255453   0.000593042360849  
    3.16959041803   0.000882154300753  
    3.18226872167   0.000483318762663  
    3.19499774367   0.000671125690162  
     3.2077777664   0.000853245140131  
    3.22060907639   0.000911156480515  
    3.23349138593   0.000428849330862  
    3.24642526784   0.000533155722531  
    3.25941101458   0.000644306617662  
    3.27244862677   0.000516769733911  
    3.28553839867   0.000441889040946  
    3.29868062902   0.000361915418711  
    3.31187531768   0.000612356959648  
    3.32512276534   0.000613501477964  
    3.33842327728   0.000305485466699  
    3.35177716355   0.000633615809108  
    3.36518411244   0.000477616809946  
    3.37864506026   0.000317531802618  
    3.39215937671   0.000347323907607  
    3.40572801038   0.000331108989418  
    3.41935096495   0.000489652086249  
    3.43302856495   0.000572772329218  
     3.4467604828   0.000539484249102  
    3.46054770028   0.000518611511674  
    3.47438988975   0.000548665356896  
    3.48828738091    0.00036393049619  
    3.50224050881   0.000532126503102  
    3.51624961393   6.97369415023e-05  
    3.53031435276    0.00021348818332  
    3.54443575556   0.000376996577911  
    3.55861347905   3.38683886035e-05  
    3.57284786965   0.000238386704428  
    3.58713927957   0.000165437545021  
    3.60148770802   0.000182604597278  
    3.61589387213   0.000356778679488  
    3.63035741275   0.000229698930804  
    3.64487868866    0.00036898077234  
    3.65945843514   0.000345599717659  
    3.67409628525   0.000265258335792  
     3.6887926074   0.000310507481878  
    3.70354777632   0.000402909556806  
    3.71836179065   0.000210883280976  
    3.73323541447   0.000365417316056  
    3.74816826477   0.000344586748991  
    3.76316111576   3.96117317617e-05  
    3.77821357615   0.000135064459578  
    3.79332643045   0.000374214967863  
    3.80849968022   0.000175399087714  
    3.82373372567   0.000214467053543  
    3.83902856636   0.000269366500371  
    3.85438501793   0.000305614645339  
    3.86980225926   0.000304757754749  
    3.88528152486   0.000218154332014  
    3.90082282035   0.000114581951133  
    3.91642614544   0.000234932730036  
     3.9320919216   0.000250004765127  
    3.94782014671   0.000432469927033  
    3.96361124722   0.000304423055411  
     3.9794656573    0.00010677210517  
    3.99538381902   0.000105907666634  
    4.01136529223     0.0001826978521  
    4.02741051384   4.72596221641e-05  
    4.04352038115   9.47672232174e-05  
    4.05969444633   6.94093525047e-05  
    4.07593316003   5.39331138582e-05  
    4.09223698126   0.000219502524793  
    4.10860591058   5.61471997026e-05  
    4.12504041299    0.00012664795417  
    4.14154048768   0.000129603456307  
    4.15810660581    5.6441011776e-05  
    4.17473924737   5.78427880928e-05  
     4.1914379294   0.000171264705169  
    4.20820361671   0.000167347380341  
    4.22503631116   0.000154122025091  
    4.24193650599                 0.0  
    4.25890420203   0.000179480550914  
    4.27593989945   5.59907235181e-05  
    4.29304359811   0.000227922168216  
    4.31021606223                 0.0  
    4.32745677891   0.000129930525528  
    4.34476677871   0.000105234596453  
    4.36214580283   0.000186206960284  
    4.37959437336   0.000279336506509  
    4.39711275511                 0.0  
    4.41470121473                 0.0  
    4.43236002067   0.000122537988852  
    4.45008944329    0.00019489713918  
    4.46788975486    3.2442154742e-05  
     4.4857612296   4.65654369915e-05  
     4.5037044243                 0.0  
    4.52171905834   0.000123310161543  
    4.53980597546   0.000122512083292  
    4.55796517761   5.80006207456e-05  
    4.57619723913   0.000206598892951  
    4.59450186987                 0.0  
    4.61287994068   0.000127781867439  
    4.63133145335   0.000127294845232  
    4.64985670171   3.43513900756e-05  
    4.66845628346   6.29097872158e-05  
    4.68712989672                 0.0  
    4.70587844804   0.000203189399919  
    4.72470193969   0.000142713705589  
    4.74360098925   9.29280287208e-05  
    4.76257528571   3.12149086425e-05  
    4.78162544951   0.000280318784872  
    4.80075211388   0.000178025636088  
    4.81995496102                 0.0  
    4.83923495122   3.55037584262e-05  
    4.85859176224   0.000149438848129  
    4.87802637057                 0.0  
    4.89753844961   0.000182660429202  
     4.9171283236     7.103946041e-05  
    4.93679699404   0.000219748991772  
    4.95654412786   0.000353971482082  
    4.97637040127    0.00022389929619  
    4.99627581409    0.00015253703176  
    5.01626105463   0.000157886798044  
    5.03632612401   0.000203827989027  
    5.05647136933   0.000122240418494  
    5.07669714118   0.000122164348959  
    5.09700379373   0.000266725467204  
    5.11739204703   4.07679475503e-05  
    5.13786154103   0.000310356178735  
    5.15841300039   0.000200922113663  
    5.17904679429   0.000208098622237  
    5.19976292187    0.00021627552472  
    5.22056175127   0.000283732285303  
    5.24144403461   0.000454189712021  
    5.26240977412   0.000229289064372  
    5.28345973627   0.000134981361361  
    5.30459353645   0.000382417810923  
    5.32581194655   0.000197599972459  
    5.34711496429   0.000287672389312  
     5.3685033765   0.000250220444096  
    5.38997758533   0.000141314455099  
     5.4115375925   0.000478330863012  
    5.43318339149   0.000560216370539  
    5.45491620212   0.000217365304547  
    5.47673603057   0.000435651467819  
    5.49864287472   0.000216013182338  
    5.52063756715   0.000380423254262  
    5.54272010896   0.000258028401951  
    5.56489092113   0.000374850656195  
    5.58715042976    0.00057919506199  
    5.60949906616   0.000259108583179  
    5.63193726694   0.000430752267095  
    5.65446458961   0.000219862293476  
    5.67708279786   5.48540157984e-05  
    5.69979100731   0.000363971855025  
    5.72259010817   0.000212830361983  
    5.74548055411   0.000499018219157  
    5.76846234429   0.000285187008393  
      5.791536397   0.000755275372451  
    5.81470224819   0.000184169503095  
    5.83796129572   0.000581264564949  
    5.86131307274   0.000312932745571  
    5.88475852542   0.000250600341859  
    5.90829717285   0.000600089512207  
    5.93193045656   0.000194059353673  
    5.95565838363   0.000278932214239  
    5.97948095214   0.000366043629558  
    6.00339864953   0.000451631773254  
    6.02741247236   0.000368311322286  
    6.05152192044   0.000529002186824  
    6.07572799998   0.000464523309883  
    6.10003122573   0.000201574789278  
    6.12443108191   0.000129220511411  
    6.14892911878   0.000267632412076  
    6.17352481846   0.000847906504876  
    6.19821869966    0.00055470089796  
    6.22301182415   0.000348362735551  
    6.24790365848   0.000715452051526  
    6.27289527528   0.000358102041474  
    6.29798667496   0.000465409547043  
    6.32317895437   0.000307074167122  
    6.34847156357   0.000409192939482  
    6.37386561103   0.000307217308265  
    6.39936109829   0.000508172767708  
    6.42495858819   0.000403819923771  
    6.45065807628   0.000534934776293  
    6.47646070858   0.000374453841923  
    6.50236648851    0.00049811046562  
    6.52837599909   0.000502241920078  
    6.55448983217   0.000306767468291  
    6.58070739056   0.000235007938334  
     6.6070304631   0.000497357262854  
    6.63345845158   0.000353343297159  
    6.65999256893   0.000415144379186  
    6.68663220164   0.000130517377399  
    6.71337857646   0.000250799856404  
     6.7402323211   0.000169345613259  
    6.76719343966   0.000522671145769  
    6.79426192596   0.000179168064187  
    6.82143905059   0.000322106429382  
    6.84872481713   0.000138749907805  
    6.87611987273    0.00041979025765  
    6.90362421565   0.000356493348633  
    6.93123849806   0.000289744325566  
    6.95896338267   0.000576958682807  
    6.98679954287   0.000176965869763  
    7.01474698239   0.000244152292644  
    7.04280569424   7.77798452656e-05  
    7.07097704376                 0.0  
    7.09926103526   0.000300016653153  
    7.12765766225   0.000184692549448  
    7.15616832394   0.000178253031499  
    7.18479302568    0.00019010763334  
    7.21353248167   0.000169998256397  
    7.24238669254   0.000302056456033  
    7.27135637916   0.000255111597542  
    7.30044153741   7.79689323479e-05  
    7.32964289499                 0.0  
    7.35896194108   0.000268617400307  
    7.38839793625   0.000248799095193  
    7.41795162807                 0.0  
     7.4476230097   0.000318865593984  
    7.47741360958   0.000170462817587  
    7.50732343484   0.000164773015465  
    7.53735248125   0.000366421039188  
    7.56750152509   0.000556571220743  
     7.5977721547   0.000294469425483  
    7.62816277835   0.000456409329796  
    7.65867579796   0.000242764454397  
    7.68931040992   0.000118184945214  
    7.72006742165   0.000311471770698  
    7.75094765492   0.000210797959554  
    7.78195194613   0.000261848744268  
    7.81307945788   0.000277702778645  
    7.84433186727   0.000168922129068  
    7.87570917764   0.000565574602015  
    7.90721224521   6.52634926393e-05  
    7.93884106988   0.000324598040958  
    7.97059651818   0.000227362372136  
    8.00247858663     0.0004038242713  
    8.03448815236   0.000315339201844  
    8.06662610855   0.000307812885887  
    8.09889336484   0.000253877312986  
     8.1312881039    0.00027378398463  
    8.16381396885    0.00038991922949  
    8.19646913217   0.000921497907226  
    8.22925450488   0.000539385476207  
    8.26217195928   0.000807063401297  
     8.2952205599   0.000898732646127  
    8.32840124719   0.000943213032415  
    8.36171497933   0.000442313392979  
    8.39516175769   0.000692078065135  
    8.42874255349   0.000645458058705  
    8.46245736585   0.000558875330405  
     8.4963071794   0.000159544672189  
    8.53029299759   0.000544423838787  
    8.56441381387   0.000391827420022  
    8.59867164433    0.00030888457031  
    8.63306597974   0.000470007458441  
    8.66759835958   0.000738567274738  
    8.70226878849   0.000476664510075  
    8.73707778582   0.000749325155781  
    8.77202587434   0.000385970134498  
    8.80711411676   0.000577101100087  
    8.84234251506    0.00108423474012  
    8.87771214789   0.000334322377191  
    8.91322301618   0.000175369689322  
    8.94887566111    0.00042130182439  
    8.98467118599   0.000771309397242  
    9.02061015324    0.00035151607991  
    9.05669256222   0.000952392559291  
    9.09291897023   0.000263840584095  
    9.12929109163   0.000987219255993  
    9.16580777681   0.000187090146661  
    9.20247133927   0.000363227834056  
     9.2392812011    0.00142488904813  
    9.27623794181   0.000322814153433  
    9.31334334528    0.00092446614003  
    9.35059681985   0.000666597212869  
    9.38799895942   0.000310317948172  
    9.42555097729    0.00078056055589  
    9.46325287276   0.000516755473517  
    9.50110587927   0.000235029589703  
    9.53911062623     0.0013080385809  
    9.57726711423   0.000940967920875  
    9.61557596868   0.000735369597747  
    9.65403846516   0.000620186882394  
    9.69265460608    0.00076063934456  
    9.73142503402   0.000639953293204  
    9.77035105768   0.000310101973351  
    9.80943201648   0.000997712472257  
    9.84866989689   0.000606829754526  
    9.88806470579   0.000479780113252  
    9.92761711669   0.000475269710701  
    9.96732712253    0.00119511312588  
    10.0071967787   0.000122866967085  
    10.0472253989   0.000245479505549  
    10.0874143706     0.0106013150361  
