      wave_micron            flux_mjy  
  0.0151862453319                 0.0  
  0.0152415497594                 0.0  
  0.0153025154167                 0.0  
  0.0153637250122                 0.0  
   0.015425180221                 0.0  
  0.0154868810502                 0.0  
  0.0155488291952                 0.0  
  0.0156110246563                 0.0  
    0.01567346915                 0.0  
  0.0157361626703                 0.0  
  0.0157991069548                 0.0  
   0.015862303773                 0.0  
  0.0159257531313                 0.0  
  0.0159894550112                 0.0  
  0.0160534130204                 0.0  
  0.0161176271782                 0.0  
    0.01618209748                 0.0  
  0.0162468257657                 0.0  
  0.0163118139096                 0.0  
  0.0163770600225                 0.0  
  0.0164425678735                 0.0  
  0.0165083393984                 0.0  
  0.0165743726785                 0.0  
  0.0166406696301                 0.0  
  0.0167072322062                 0.0  
  0.0167740623974                 0.0  
  0.0168411572105                 0.0  
   0.016908522642                 0.0  
  0.0169761566919                 0.0  
  0.0170440613842                 0.0  
  0.0171122377454                 0.0  
  0.0171806857636                 0.0  
  0.0172494085612                 0.0  
  0.0173184061489                 0.0  
  0.0173876806522                 0.0  
  0.0174572310007                 0.0  
  0.0175270593267                 0.0  
  0.0175971678042                 0.0  
  0.0176675564402                 0.0  
  0.0177382274428                 0.0  
  0.0178091796948                 0.0  
  0.0178804165444                 0.0  
  0.0179519379969                 0.0  
  0.0180237463309                 0.0  
  0.0180958415518                 0.0  
  0.0181682248063                 0.0  
  0.0182408972502                 0.0  
  0.0183138612366                 0.0  
  0.0183871167722                 0.0  
  0.0184606650422                 0.0  
  0.0185345072419                 0.0  
  0.0186086458034                 0.0  
  0.0186830795002                 0.0  
  0.0187578120217                 0.0  
  0.0188328433799                 0.0  
   0.018908174824                 0.0  
  0.0189838076149                 0.0  
  0.0190597430247                 0.0  
  0.0191359823377                 0.0  
  0.0192125255433                 0.0  
  0.0192893765535                 0.0  
  0.0193665340651                 0.0  
  0.0194439993799                 0.0  
  0.0195217751624                 0.0  
  0.0195998627725                 0.0  
  0.0196782622126                 0.0  
  0.0197569748375                 0.0  
  0.0198360034085                 0.0  
  0.0199153465324                 0.0  
  0.0199950084036                 0.0  
  0.0200749890399                 0.0  
  0.0201552884287                 0.0  
  0.0202359094264                 0.0  
  0.0203168534892                 0.0  
  0.0203981206156                 0.0  
   0.020479713743                 0.0  
  0.0205616313812                 0.0  
  0.0206438779969                 0.0  
  0.0207264536059                 0.0  
  0.0208093597257                 0.0  
  0.0208925978913                 0.0  
  0.0209761680966                 0.0  
  0.0210600718742                 0.0  
  0.0211443123573                 0.0  
  0.0212288895558                 0.0  
  0.0213138050564                 0.0  
   0.021399060464                 0.0  
  0.0214846574026                 0.0  
  0.0215705958681                 0.0  
   0.021656877484                 0.0  
  0.0217435055676                 0.0  
  0.0218304801344                 0.0  
  0.0219178011671                 0.0  
  0.0220054720439                 0.0  
  0.0220934944899                 0.0  
  0.0221818685095                 0.0  
  0.0222705958296                 0.0  
  0.0223596781988                 0.0  
  0.0224491173879                 0.0  
  0.0225389133917                 0.0  
  0.0226290697965                 0.0  
  0.0227195847868                 0.0  
  0.0228104638233                 0.0  
  0.0229017050792                 0.0  
  0.0229933122501                 0.0  
  0.0230852853412                 0.0  
  0.0231776262249                 0.0  
  0.0232703367986                 0.0  
  0.0233634189851                 0.0  
  0.0234568727853                 0.0  
  0.0235507001277                 0.0  
  0.0236449029677                 0.0  
  0.0237394812916                 0.0  
  0.0238344410841                 0.0  
  0.0239297783475                 0.0  
  0.0240254970945                 0.0  
  0.0241215993701                 0.0  
  0.0242180851719                 0.0  
  0.0243149586469                 0.0  
   0.024412217708                 0.0  
  0.0245098665449                 0.0  
  0.0246079051568                 0.0  
   0.024706337828                 0.0  
  0.0248051624068                 0.0  
  0.0249043832227                 0.0  
  0.0250040002793                 0.0  
  0.0251040180052                 0.0  
  0.0252044341848                 0.0  
  0.0253052510271                 0.0  
  0.0254064730603                 0.0  
   0.025508098007                 0.0  
  0.0256101304453                 0.0  
  0.0257125703795                 0.0  
  0.0258154201345                 0.0  
  0.0259186820709                 0.0  
  0.0260223585857                 0.0  
  0.0261264472785                 0.0  
  0.0262309529415                 0.0  
  0.0263358755693                 0.0  
  0.0264412200677                 0.0  
  0.0265469839736                 0.0  
  0.0266531722503                 0.0  
   0.026759784909                 0.0  
  0.0268668244763                 0.0  
  0.0269742909428                 0.0  
  0.0270821894517                 0.0  
  0.0271905174168                 0.0  
  0.0272992800437                 0.0  
   0.027408477344                 0.0  
  0.0275181119692                 0.0  
  0.0276281839109                 0.0  
  0.0277386958433                 0.0  
  0.0278496504844                 0.0  
  0.0279610505974                 0.0  
    0.02807289341                 0.0  
  0.0281851844569                 0.0  
   0.028297926573                 0.0  
  0.0284111169242                 0.0  
  0.0285247611853                 0.0  
  0.0286388622665                 0.0  
  0.0287534172723                 0.0  
   0.028868429072                 0.0  
  0.0289839035587                 0.0  
  0.0290998407737                 0.0  
  0.0292162376922                 0.0  
  0.0293331033349                 0.0  
   0.029450437755                 0.0  
  0.0295682378656                 0.0  
  0.0296865097975                 0.0  
  0.0298052566889                 0.0  
  0.0299244785621                 0.0  
  0.0300441753939                 0.0  
  0.0301643535589                 0.0  
  0.0302850098474                 0.0  
  0.0304061507215                 0.0  
  0.0305277762053                 0.0  
  0.0306498862764                 0.0  
  0.0307724842184                 0.0  
  0.0308955767542                 0.0  
  0.0310191571473                 0.0  
  0.0311432355684                 0.0  
   0.031267808621                 0.0  
  0.0313928797303                 0.0  
  0.0315184488667                 0.0  
  0.0316445230436                 0.0  
  0.0317711023035                 0.0  
   0.031898186641                 0.0  
  0.0320257796335                 0.0  
  0.0321538812643                 0.0  
  0.0322824988477                 0.0  
  0.0324116287246                 0.0  
  0.0325412745672                 0.0  
  0.0326714401172                 0.0  
  0.0328021253768                 0.0  
  0.0329333341384                 0.0  
  0.0330650663953                 0.0  
  0.0331973259923                 0.0  
  0.0333301168478                 0.0  
  0.0334634350245                 0.0  
  0.0335972923954                 0.0  
  0.0337316790047                 0.0  
  0.0338666068614                 0.0  
  0.0340020739821                 0.0  
  0.0341380803297                 0.0  
  0.0342746341343                 0.0  
  0.0344117312592                 0.0  
  0.0345493800619                 0.0  
  0.0346875763345                 0.0  
  0.0348263264174                 0.0  
  0.0349656324733                 0.0  
   0.035105494499                 0.0  
  0.0352459168363                 0.0  
   0.035386899479                 0.0  
  0.0355284490714                 0.0  
  0.0356705611534                 0.0  
  0.0358132446918                 0.0  
  0.0359564974426                 0.0  
  0.0361003239563                 0.0  
  0.0362447242236                 0.0  
  0.0363897028683                 0.0  
  0.0365352622447                 0.0  
  0.0366814023445                 0.0  
  0.0368281279061                 0.0  
  0.0369754413435                 0.0  
   0.037123342652                 0.0  
  0.0372718366889                 0.0  
  0.0374209234529                 0.0  
  0.0375706078835                 0.0  
  0.0377208899839                 0.0  
  0.0378717722387                 0.0  
  0.0380232597152                 0.0  
  0.0381753524251                 0.0  
  0.0383280555238                 0.0  
  0.0384813664089                 0.0  
  0.0386352929064                 0.0  
  0.0387898350439                 0.0  
  0.0389449927899                 0.0  
  0.0391007741739                 0.0  
  0.0392571765096                 0.0  
  0.0394142052156                 0.0  
  0.0395718630527                 0.0  
   0.039730150015                 0.0  
   0.039889068853                 0.0  
  0.0400486251849                 0.0  
  0.0402088218867                 0.0  
  0.0403696560937                 0.0  
  0.0405311335129                 0.0  
  0.0406932599743                 0.0  
  0.0408560325667                 0.0  
  0.0410194571599                 0.0  
  0.0411835337443                 0.0  
  0.0413482683014                 0.0  
  0.0415136608397                 0.0  
  0.0416797143802                 0.0  
  0.0418464350782                 0.0  
  0.0420138198473                 0.0  
  0.0421818748882                 0.0  
  0.0423506033619                 0.0  
  0.0425200052653                 0.0  
  0.0426900869832                 0.0  
  0.0428608452837                 0.0  
  0.0430322898797                 0.0  
  0.0432044175118                 0.0  
  0.0433772347439                 0.0  
  0.0435507449271                 0.0  
  0.0437249480686                 0.0  
   0.043899847521                 0.0  
  0.0440754466782                 0.0  
   0.044251748976                 0.0  
  0.0444287543985                 0.0  
  0.0446064699073                 0.0  
  0.0447848955181                 0.0  
  0.0449640383375                 0.0  
  0.0451438911989                 0.0  
  0.0453244684591                 0.0  
  0.0455057665374                 0.0  
  0.0456877890588                 0.0  
  0.0458705396955                 0.0  
  0.0460540221685                 0.0  
  0.0462382402479                 0.0  
  0.0464231901229                 0.0  
  0.0466088831745                 0.0  
  0.0467953194487                 0.0  
  0.0469825028285                 0.0  
  0.0471704293711                 0.0  
  0.0473591147907                 0.0  
   0.047548551218                 0.0  
  0.0477387425614                 0.0  
  0.0479296968511                 0.0  
   0.048121418203                 0.0  
  0.0483139025256                 0.0  
  0.0485071580195                 0.0  
  0.0487011888768                 0.0  
  0.0488959908834                 0.0  
  0.0490915766829                 0.0  
  0.0492879420471                 0.0  
  0.0494850955426                 0.0  
  0.0496830328255                 0.0  
  0.0498817669577                 0.0  
  0.0500812935832                 0.0  
  0.0502816170811                 0.0  
  0.0504827464078                 0.0  
  0.0506846770853                 0.0  
  0.0508874135835                 0.0  
  0.0510909650607                 0.0  
  0.0512953269164                 0.0  
  0.0515005084112                 0.0  
  0.0517065095584                 0.0  
  0.0519133398359                 0.0  
  0.0521209897077                 0.0  
  0.0523294734927                 0.0  
  0.0525387912309                 0.0  
   0.052748947809                 0.0  
  0.0529599432243                 0.0  
  0.0531717823989                 0.0  
  0.0533844703326                 0.0  
  0.0535980070184                 0.0  
  0.0538124026211                 0.0  
  0.0540276520462                 0.0  
  0.0542437603713                 0.0  
  0.0544607380071                 0.0  
  0.0546785797359                 0.0  
  0.0548972960957                 0.0  
  0.0551168817443                 0.0  
  0.0553373527706                 0.0  
  0.0555586983713                 0.0  
  0.0557809348548                 0.0  
  0.0560040567579                 0.0  
  0.0562280751482                 0.0  
  0.0564529844364                 0.0  
  0.0566787958303                 0.0  
  0.0569055150795                 0.0  
  0.0571331364721                 0.0  
  0.0573616656758                 0.0  
  0.0575911143271                 0.0  
  0.0578214765912                 0.0  
  0.0580527642567                 0.0  
  0.0582849773746                 0.0  
  0.0585181159072                 0.0  
  0.0587521858386                 0.0  
  0.0589871994171                 0.0  
  0.0592231443552                 0.0  
  0.0594600391771                 0.0  
  0.0596978776747                 0.0  
  0.0599366724289                 0.0  
  0.0601764171007                 0.0  
  0.0604171244428                 0.0  
  0.0606587944978                 0.0  
  0.0609014272165                 0.0  
   0.061145029075                 0.0  
  0.0613896133384                 0.0  
  0.0616351734263                 0.0  
  0.0618817092309                 0.0  
  0.0621292410506                 0.0  
  0.0623777552976                 0.0  
  0.0626272656272                 0.0  
  0.0628777720403                 0.0  
   0.063129288554                 0.0  
  0.0633818010893                 0.0  
  0.0636353308644                 0.0  
   0.063889870777                 0.0  
  0.0641454352523                 0.0  
  0.0644020170518                 0.0  
  0.0646596234095                 0.0  
   0.064918261695                 0.0  
  0.0651779318951                 0.0  
   0.065438641478                 0.0  
  0.0657003980535                 0.0  
  0.0659632016714                 0.0  
  0.0662270522815                 0.0  
  0.0664919653869                 0.0  
   0.066757933217                 0.0  
  0.0670249635555                 0.0  
  0.0672930643361                 0.0  
  0.0675622355631                 0.0  
   0.067832481211                 0.0  
  0.0681038134915                 0.0  
  0.0683762283497                 0.0  
   0.068649734011                 0.0  
  0.0689243304506                 0.0  
  0.0692000302551                 0.0  
  0.0694768292185                 0.0  
  0.0697547358146                 0.0  
  0.0700337543427                 0.0  
  0.0703138891334                 0.0  
  0.0705951445493                 0.0  
  0.0708775249857                 0.0  
  0.0711610348713                 0.0  
  0.0714456786688                 0.0  
  0.0717314654303                 0.0  
  0.0720183906152                 0.0  
   0.072306463311                 0.0  
  0.0725956881234                 0.0  
  0.0728860696955                 0.0  
  0.0731776174494                 0.0  
  0.0734703266627                 0.0  
  0.0737642067987                 0.0  
  0.0740592626587                 0.0  
  0.0743554990853                 0.0  
  0.0746529258973                 0.0  
  0.0749515332222                 0.0  
   0.075251340833                 0.0  
  0.0755523488135                 0.0  
  0.0758545571332                 0.0  
  0.0761579759141                 0.0  
  0.0764626051371                 0.0  
  0.0767684551004                 0.0  
  0.0770755310579                 0.0  
  0.0773838330132                 0.0  
   0.077693366195                 0.0  
  0.0780041412693                 0.0  
   0.078316158267                 0.0  
   0.078629422573                 0.0  
  0.0789439396258                 0.0  
   0.079259714919                 0.0  
  0.0795767540021                 0.0  
  0.0798950624814                 0.0  
  0.0802146403258                 0.0  
  0.0805354988643                 0.0  
  0.0808576438804                 0.0  
  0.0811810753857                 0.0  
  0.0815057991484                 0.0  
  0.0818318209987                 0.0  
  0.0821591468305                 0.0  
  0.0824877826019                 0.0  
   0.082817734337                 0.0  
  0.0831490081274                 0.0  
  0.0834816039632                 0.0  
  0.0838155279262                 0.0  
  0.0841507924355                 0.0  
  0.0844873975438                 0.0  
  0.0848253431751                 0.0  
  0.0851646483849                 0.0  
  0.0855053068237                 0.0  
  0.0858473248539                 0.0  
  0.0861907154896                 0.0  
  0.0865354787741                 0.0  
  0.0868816213016                 0.0  
  0.0872291430099                 0.0  
  0.0875780640725                 0.0  
  0.0879283778012                 0.0  
  0.0882800909551                 0.0  
  0.0886332103769                 0.0  
   0.088987742995                 0.0  
  0.0893436887586                 0.0  
  0.0897010688489                 0.0  
  0.0900598690908                 0.0  
  0.0904201109028                 0.0  
  0.0907817943694                 0.0  
  0.0911449194373                 0.0  
  0.0915095007394                 0.0  
  0.0918755382958                 0.0  
  0.0922430395187                 0.0  
  0.0926120119188                 0.0  
  0.0929824554535                 0.0  
  0.0933543853675                 0.0  
  0.0937278094776                 0.0  
  0.0941027200284                 0.0  
  0.0944791246749                 0.0  
  0.0948570471081                 0.0  
  0.0952364714898                 0.0  
  0.0956174217934                 0.0  
  0.0959998899854                 0.0  
  0.0963838840736                 0.0  
  0.0967694204686                 0.0  
  0.0971564992491                 0.0  
  0.0975451287698                 0.0  
  0.0979353090143                 0.0  
  0.0983270483749                 0.0  
  0.0987203553653                 0.0  
  0.0991152386231                 0.0  
  0.0995116981457                 0.0  
  0.0999097426147                 0.0  
    0.10030938084                 0.0  
   0.100710621762                 0.0  
   0.101113465403                 0.0  
   0.101517920754                 0.0  
   0.101923987748                 0.0  
   0.102331684696                 0.0  
   0.102741011658                 0.0  
   0.103151977956                 0.0  
   0.103564583561                 0.0  
   0.103978847424                 0.0  
   0.104394760008                 0.0  
   0.104812340481                 0.0  
   0.105231588867                 0.0  
   0.105652514907                 0.0  
   0.106075128499                 0.0  
   0.106499419612                 0.0  
   0.106925418218                 0.0  
   0.107353124484                 0.0  
   0.107782538416                 0.0  
   0.108213670222                 0.0  
   0.108646519823                 0.0  
   0.109081108043                 0.0  
   0.109517434971                 0.0  
   0.109955500532                 0.0  
   0.110395326059                 0.0  
   0.110836900777                 0.0  
   0.111280257246                 0.0  
   0.111725373653                 0.0  
   0.112172271863                 0.0  
   0.112620963053                 0.0  
   0.113071447266                 0.0  
   0.113523735783                 0.0  
   0.113977828572                 0.0  
   0.114433737023                 0.0  
   0.114891472716                 0.0  
    0.11535103565                 0.0  
   0.115812449396                 0.0  
   0.116275690229                 0.0  
   0.116740793807                 0.0  
   0.117207760277                 0.0  
   0.117676589609                 0.0  
   0.118147293948                 0.0  
   0.118619885655                 0.0  
   0.119094364748                 0.0  
   0.119570743719                 0.0  
   0.120049022526                 0.0  
    0.12052922666                 0.0  
   0.121011343361                 0.0  
   0.121495385402                 0.0  
   0.121981365789                 0.0  
   0.122469297759                 0.0  
   0.122959168018                 0.0  
   0.123451003131                 0.0  
   0.123944816734                 0.0  
   0.124440595291                 0.0  
   0.124938352277                 0.0  
   0.125438101413                 0.0  
   0.125939856671                 0.0  
   0.126443618128                 0.0  
   0.126949385666                 0.0  
   0.127457187735                 0.0  
   0.127967024514                 0.0  
   0.128478881376                 0.0  
   0.128992801948                 0.0  
   0.129508771677                 0.0  
   0.130026805273                 0.0  
   0.130546917724                 0.0  
    0.13106910909                 0.0  
   0.131593379236                 0.0  
   0.132119758725                 0.0  
   0.132648232174                 0.0  
   0.133178830608                 0.0  
   0.133711538364                 0.0  
   0.134246386932                 0.0  
   0.134783368412                 0.0  
   0.135322506858                 0.0  
   0.135863794217                 0.0  
    0.13640724667                 0.0  
   0.136952880717                 0.0  
   0.137500688072                 0.0  
   0.138050693715                 0.0  
   0.138602897709                 0.0  
   0.139157308481                 0.0  
   0.139713934513                 0.0  
   0.140272793062                 0.0  
   0.140833884164                 0.0  
   0.141397216493                 0.0  
   0.141962807704                 0.0  
   0.142530657824                 0.0  
   0.143100784789                 0.0  
    0.14367318862                 0.0  
   0.144247878329                 0.0  
   0.144824872283                 0.0  
   0.145404170505                 0.0  
   0.145985782226                 0.0  
   0.146569726264                 0.0  
   0.147156012234                 0.0  
   0.147744630509                 0.0  
   0.148335609884                 0.0  
   0.148928950407                 0.0  
   0.149524671689                 0.0  
   0.150122763818                 0.0  
   0.150723256556                 0.0  
   0.151326149986                 0.0  
   0.151931454179                 0.0  
   0.152539179298                 0.0  
   0.153149335602                 0.0  
   0.153761933445                 0.0  
    0.15437698328                 0.0  
   0.154994495661                 0.0  
   0.155614470527                 0.0  
   0.156236929183                 0.0  
   0.156861871606                 0.0  
   0.157489319487                 0.0  
   0.158119283907                 0.0  
   0.158751753754                 0.0  
   0.159386762292                 0.0  
   0.160024309612                 0.0  
   0.160664406987                 0.0  
   0.161307065808                 0.0  
   0.161952297587                 0.0  
   0.162600102255                 0.0  
   0.163250503087                 0.0  
   0.163903500077                 0.0  
   0.164559116943                 0.0  
   0.165217353748                 0.0  
   0.165878222483                 0.0  
   0.166541735275                 0.0  
   0.167207904386                 0.0  
   0.167876742216                 0.0  
   0.168548248734                 0.0  
   0.169222436325                 0.0  
   0.169899330296                 0.0  
   0.170578917867                 0.0  
   0.171261237522                 0.0  
   0.171946289458                 0.0  
   0.172634073617                 0.0  
   0.173324602972                 0.0  
   0.174017904054                 0.0  
   0.174713976962                 0.0  
   0.175412835149                 0.0  
   0.176114478504                 0.0  
   0.176818948161                 0.0  
   0.177526216562                 0.0  
   0.178236325294                 0.0  
   0.178949274492                 0.0  
   0.179665064019                 0.0  
   0.180383722267                 0.0  
    0.18110526375                 0.0  
   0.181829673902                 0.0  
   0.182556996418                 0.0  
   0.183287231512                 0.0  
   0.184020379125                 0.0  
    0.18475645402                 0.0  
   0.185495486389                 0.0  
   0.186237461056                 0.0  
   0.186982408495                 0.0  
   0.187730344282                 0.0  
   0.188481268478                 0.0  
    0.18923519671                 0.0  
    0.18999212884                 0.0  
   0.190752096649                 0.0  
   0.191515116419                 0.0  
    0.19228117193                 0.0  
   0.193050295632                 0.0  
   0.193822487473                 0.0  
   0.194597780629                 0.0  
   0.195376175252                 0.0  
   0.196157688231                 0.0  
   0.196942319531                 0.0  
    0.19773008612                 0.0  
   0.198521005214                 0.0  
   0.199315094279                 0.0  
   0.200112353314                 0.0  
    0.20091279988                 0.0  
   0.201716451797                 0.0  
   0.202523308997                 0.0  
   0.203333407701                 0.0  
   0.204146748093                 0.0  
   0.204963330048                 0.0  
   0.205783171868                 0.0  
   0.206606311029                 0.0  
   0.207432728761                 0.0  
   0.208262462965                 0.0  
   0.209095513742                 0.0  
   0.209931900383                 0.0  
   0.210771622814                 0.0  
   0.211614720282                 0.0  
   0.212461173033                 0.0  
   0.213311020775                 0.0  
   0.214164263564                 0.0  
   0.215020921596                 0.0  
   0.215880994763                 0.0  
    0.21674452421                 0.0  
   0.217611510156                 0.0  
   0.218481952493                 0.0  
   0.219355872072                 0.0  
   0.220233311555                 0.0  
   0.221114228075                 0.0  
   0.221998686117                 0.0  
   0.222886685943                 0.0  
   0.223778227476                 0.0  
   0.224673354985                 0.0  
   0.225572046251                 0.0  
   0.226474323402                 0.0  
   0.227380231819                 0.0  
   0.228289748794                 0.0  
   0.229202897043                 0.0  
   0.230119723105                 0.0  
   0.231040203786                 0.0  
   0.231964362419                 0.0  
   0.232892222738                 0.0  
   0.233823784687                 0.0  
   0.234759072245                 0.0  
   0.235698109808                 0.0  
   0.236640897408                 0.0  
   0.237587459704                 0.0  
   0.238537821784                 0.0  
   0.239491983793                 0.0  
   0.240449945509                 0.0  
   0.241411732136                 0.0  
   0.242377395329                 0.0  
   0.243346883189                 0.0  
    0.24432027388                 0.0  
   0.245297567815                 0.0  
   0.246278765038                 0.0  
    0.24726386522                 0.0  
   0.248252922202                 0.0  
   0.249245936192                 0.0  
   0.250242934734                 0.0  
   0.251243889998                 0.0  
   0.252248857367                 0.0  
   0.253257865238                 0.0  
   0.254270885298                 0.0  
   0.255287974471                 0.0  
   0.256309132972                 0.0  
   0.257334360629                 0.0  
   0.258363715964                 0.0  
   0.259397169641                 0.0  
   0.260434751023                 0.0  
   0.261476490028                 0.0  
   0.262522386629                 0.0  
   0.263572471153                 0.0  
   0.264626774498                 0.0  
   0.265685265663                 0.0  
   0.266748006725                 0.0  
   0.267814997867                 0.0  
   0.268886270863                 0.0  
   0.269961825843                 0.0  
   0.271041662523                 0.0  
   0.272125829369                 0.0  
   0.273214342954                 0.0  
   0.274307186659                 0.0  
   0.275404426841                 0.0  
   0.276506046976                 0.0  
   0.277612063688                 0.0  
   0.278722510916                 0.0  
   0.279837405931                 0.0  
   0.280956748664                 0.0  
   0.282080573835                 0.0  
     0.2832088991                 0.0  
   0.284341742253                 0.0  
   0.285479103186                 0.0  
   0.286621017715                 0.0  
    0.28776750405                 0.0  
   0.288918580543                 0.0  
   0.290074247075                 0.0  
   0.291234540623                 0.0  
   0.292399479992                 0.0  
   0.293569084143                 0.0  
   0.294743352973                 0.0  
   0.295922324686                 0.0  
   0.297106018732                 0.0  
    0.29829443504                 0.0  
    0.29948761278                 0.0  
   0.300685571921                 0.0  
   0.301888312441                 0.0  
    0.30309587452                 0.0  
   0.304308258181                 0.0  
   0.305525483642                 0.0  
   0.306747592131                 0.0  
   0.307974583754                 0.0  
   0.309206479307                 0.0  
   0.310443299785                 0.0  
   0.311685066389                 0.0  
   0.312931822196                 0.0  
   0.314183545656                 0.0  
   0.315440280101                 0.0  
   0.316702047589                 0.0  
   0.317968848024                 0.0  
   0.319240725932                 0.0  
   0.320517681318                 0.0  
    0.32179975953                 0.0  
   0.323086960685                 0.0  
   0.324379307693                 0.0  
   0.325676823708                 0.0  
   0.326979532134                 0.0  
   0.328287432778                 0.0  
   0.329600597068                 0.0  
   0.330919001291                 0.0  
   0.332242669315                 0.0  
   0.333571649902                 0.0  
   0.334905918403                 0.0  
   0.336245548955                 0.0  
   0.337590541904                 0.0  
   0.338940897082                 0.0  
   0.340296665061                 0.0  
   0.341657845854                 0.0  
   0.343024491036                 0.0  
   0.344396574568                 0.0  
   0.345774174887                 0.0  
   0.347157265742                 0.0  
   0.348545900161                 0.0  
   0.349940078147                 0.0  
   0.351339826487                 0.0  
   0.352745199837                 0.0  
   0.354156170793                 0.0  
   0.355572794473                 0.0  
   0.356995099023                 0.0  
   0.358423056085                 0.0  
   0.359856750479                 0.0  
   0.361296182545                 0.0  
   0.362741381197                 0.0  
   0.364192346371                 0.0  
   0.365649107033                 0.0  
   0.367111692529                 0.0  
   0.368580162657                 0.0  
   0.370054457347                 0.0  
   0.371534697329                 0.0  
   0.373020821886                 0.0  
   0.374512922982                 0.0  
   0.376010969812                 0.0  
   0.377514993083                 0.0  
   0.379025055715                 0.0  
   0.380541157981                 0.0  
    0.38206333188                 0.0  
   0.383591577294                 0.0  
   0.385125959166                 0.0  
   0.386666444678                 0.0  
   0.388213132782                 0.0  
   0.389765956915                 0.0  
   0.391325051123                 0.0  
   0.392890348197                 0.0  
   0.394461915901                 0.0  
   0.396039754161   2.14574645472e-06  
   0.397623897285                 0.0  
   0.399214415358                 0.0  
   0.400811273444                 0.0  
   0.402414506544                 0.0  
   0.404024150177   2.78183080439e-06  
   0.405640240394                 0.0  
   0.407262813787    2.1425305195e-06  
   0.408891870496                 0.0  
    0.41052744734                 0.0  
   0.412169544098                 0.0  
   0.413818235712                 0.0  
   0.415473484303                 0.0  
   0.417135404168                 0.0  
   0.418803918566                 0.0  
   0.420479143282                 0.0  
    0.42216107887    2.4150727466e-06  
   0.423849725244   2.06925972864e-06  
    0.42554512175                 0.0  
   0.427247308353    2.2626756086e-06  
   0.428956284932   2.11788476517e-06  
   0.430672091755   2.06950857721e-06  
   0.432394811114   2.30946363998e-06  
   0.434124360447                 0.0  
   0.435860864087                 0.0  
   0.437604322571   2.12593093428e-06  
   0.439354735776   2.58697881348e-06  
   0.441112145969   2.58975508988e-06  
    0.44287659611                 0.0  
   0.444648086107   6.85477347386e-06  
   0.446426703405   2.78980773132e-06  
   0.448212404196                 0.0  
   0.450005232208                 0.0  
   0.451805277075                 0.0  
    0.45361249401   4.75098429062e-06  
   0.455426927892   5.93405856042e-06  
    0.45724867063   6.22002783275e-06  
    0.45907762982   5.83782181796e-06  
    0.46091394446   5.34208751304e-06  
   0.462757615155   3.57413244934e-06  
   0.464608641808   3.55319212626e-06  
   0.466467071771   3.64674089124e-06  
   0.468332953209                 0.0  
   0.470206286192   2.48666636895e-06  
   0.472087119393   2.93796513935e-06  
   0.473975452618   4.79897008113e-06  
   0.475871335061   1.06393120956e-05  
   0.477774816778   8.11531563872e-06  
    0.47968594871   8.01838551302e-06  
   0.481604680029   6.29565903147e-06  
   0.483531112768   1.02303719838e-05  
   0.485465247193                 0.0  
   0.487407082836   8.91164519035e-06  
    0.48935672447   2.64325993517e-05  
   0.491314119229   1.30149966684e-05  
   0.493279373346   9.74029778923e-06  
   0.495252541446   1.99700755478e-05  
   0.497233514987   1.70696625346e-05  
   0.499222456958   2.02749703372e-05  
   0.501219368051   1.45857901839e-05  
   0.503224248203   1.44486518233e-05  
   0.505237153073   1.29621058578e-05  
   0.507258082401   1.49334319107e-05  
   0.509287092547   2.34812484787e-05  
   0.511324240917   4.98521423356e-05  
   0.513369527656   2.24102995364e-05  
    0.51542301092   7.45572477411e-06  
   0.517484749951   2.52037566952e-05  
   0.519554685619   8.34053267734e-06  
    0.52163287653   1.84501378168e-05  
   0.523719382401   2.32036609607e-05  
   0.525814264075   1.91967000826e-05  
   0.527917521869   1.42432869116e-05  
    0.53002921747   1.54659992367e-05  
   0.532149351069   3.22803417551e-05  
   0.534277922046   3.58174943924e-05  
   0.536415056314   3.99809420884e-05  
   0.538560690453   2.03945671808e-05  
   0.540714952292   2.88169496717e-05  
   0.542877809892   5.20914899952e-05  
   0.545049328073   2.57045659056e-05  
   0.547229506639   2.65777380348e-05  
    0.54941844476   5.29027142937e-05  
   0.551616109283   1.75867241733e-05  
   0.553822566959   3.89475055339e-05  
   0.556037851638   4.39450905771e-05  
   0.558261997412   3.13471530121e-05  
   0.560495073378   3.60357019805e-05  
   0.562737044876    4.1133384684e-05  
   0.564987981235   1.76373860475e-05  
   0.567247953161   9.92448579863e-06  
   0.569516925098    3.3621242703e-05  
   0.571795004185    3.4106395821e-05  
    0.57408219074   1.81810854352e-05  
   0.576378520968   2.87702714353e-05  
   0.578684031361   5.20856109874e-05  
   0.580998758706   3.25418809995e-05  
    0.58332274009   3.90025189176e-05  
   0.585656050859     2.345905655e-05  
   0.587998653113   4.36899930367e-05  
   0.590350661093   3.58800302191e-05  
   0.592712075199   5.49229854719e-05  
   0.595082894929   5.65504168665e-05  
   0.597463237368   1.59336659166e-05  
   0.599853103008    5.6244911487e-05  
   0.602252491434   2.70480497185e-05  
   0.604661522677   3.56026744045e-05  
   0.607080156581   2.55352645904e-05  
   0.609508474096   3.67562369816e-05  
   0.611946516412    7.1504703394e-05  
   0.614394325111   2.90126956056e-05  
   0.616851900062    9.0903472096e-05  
   0.619319282636   3.92994888916e-05  
   0.621796557381    6.8861395529e-05  
   0.624283767493   2.31448658568e-05  
   0.626780869656   8.23445417946e-05  
   0.629287993483   8.86200309789e-05  
    0.63180518347   7.16877143915e-05  
   0.634332395511   2.16132768594e-05  
   0.636869717762   9.11454045393e-05  
   0.639417195011   3.60215676642e-05  
   0.641974872512   5.38357903343e-05  
   0.644542750024   6.44829962439e-05  
   0.647120918993   4.75929859432e-05  
   0.649709426118    5.9579147951e-05  
   0.652308271514   7.34580605132e-05  
   0.654917501763   6.43109780931e-05  
   0.657537163955   8.54193009182e-05  
   0.660167305694   8.11484537508e-05  
    0.66280797511   9.68508534093e-05  
   0.665459220872   0.000101993714946  
   0.668121042799   7.12501978181e-05  
    0.67079353927   0.000117260953833  
   0.673476710427   7.89934530683e-05  
   0.676170605981    9.8591889081e-05  
   0.678875276214   0.000111752106201  
   0.681590771994   0.000101226932067  
   0.684317144785   8.87667703931e-05  
   0.687054446662   8.16713280035e-05  
    0.68980262501   7.20173085982e-05  
   0.692561836779   9.89748684966e-05  
   0.695332082421   0.000136881600219  
   0.698113415263   0.000108438988809  
   0.700905889283   4.28894357689e-05  
   0.703709504325   0.000102599081438  
   0.706524369631   0.000136823811369  
   0.709350429842   0.000112818831091  
   0.712187851239   9.50731195929e-05  
   0.715036578075   0.000178017588998  
   0.717896722797    7.9108095775e-05  
   0.720768342898   0.000115678919499  
   0.723651380715   0.000111824125956  
   0.726546009278   0.000147433458144  
    0.72945217056    0.00016107372975  
   0.732369981607   0.000142292351712  
   0.735299502293    0.00012933485733  
   0.738240672671   0.000131533446631  
   0.741193612111   0.000167884410898  
   0.744158442711   0.000199072718701  
   0.747135042275   0.000152288664959  
   0.750123594847   0.000174824150409  
   0.753124100979    0.00011301158893  
   0.756136560078    0.00015989457545  
   0.759161097933   0.000105549265206  
    0.76219777895   0.000177374957135  
   0.765246538827    0.00016518725791  
   0.768307571306   0.000202033850387  
   0.771380745977   0.000220613465856  
   0.774466325285   0.000261542065251  
   0.777564177525   0.000245746716475  
    0.78067443531   0.000246918267996  
   0.783797098384   0.000250346107936  
   0.786932302339   0.000218165467118  
   0.790080047785   0.000248942351119  
   0.793240334132   0.000170881452531  
   0.796413299943    0.00024837317741  
   0.799598945532   0.000195356372237  
   0.802797341314   0.000161271290643  
   0.806008558748   0.000292615628224  
   0.809232597891   0.000218856171444  
    0.81246953061   0.000296728900968  
   0.815719429854   0.000315878625152  
    0.81898229545    0.00025870040784  
   0.822258200786   0.000239090448105  
   0.825547220369   0.000320168778462  
   0.828849429845   0.000271222209167  
   0.832164829396   0.000270259823999  
   0.835493495177   0.000261869842458  
   0.838835426658   0.000267969628206  
   0.842190778997    0.00026172245061  
    0.84555955283   0.000359816231301  
   0.848941827263   0.000302976932179  
   0.852337602258   0.000248928568524  
    0.85574695751   0.000223696411965  
   0.859169892294   0.000189152233725  
   0.862606569239   0.000318479704416  
   0.866056988902   0.000381145517373  
   0.869521234191   0.000337440317682  
   0.872999305016   0.000257488559079  
   0.876491284963   0.000419653730153  
   0.879997258979   0.000225349886894  
   0.883517313402   0.000220785825794  
   0.887051361841   0.000332647492356  
    0.89059957708   0.000337920856823  
   0.894161959174   0.000318727836716  
   0.897738595996   0.000281905137534  
   0.901329576884   0.000284183900034  
   0.904934902051   0.000272410954688  
    0.90855457033   0.000325716237034  
   0.912188855376   0.000335833260436  
    0.91583757419    0.00032024575686  
   0.919500910695   0.000293263303486  
    0.92317895905   0.000206891873608  
   0.926871624892   0.000265453192093  
   0.930579096884   0.000257869215406  
   0.934301471767   0.000298248512699  
   0.938038653215   0.000337578538956  
   0.941790834809   0.000377717755126  
   0.945558017068   0.000220023733789  
   0.949340199073   0.000294243850919  
   0.953137579495    0.00028290242652  
   0.956950159285   0.000335771527057  
   0.960777937946   0.000327563606697  
   0.964621016469   0.000471458745418  
   0.968479497641   0.000285899062222  
   0.972353486075   0.000292308591477  
    0.97624287733   0.000266955636489  
   0.980147774721   0.000197128248714  
   0.984068390582   0.000300289431948  
   0.988004726545   0.000169798773613  
   0.991956673874    0.00029627100218  
   0.995924557853   0.000287156984156  
    0.99990827019   0.000268563289839  
     1.0039079206   0.000119636506144  
    1.00792350839   0.000240918062755  
    1.01195514463   0.000398120717348  
    1.01600305669   0.000185755749924  
    1.02006701708   0.000205610158007  
     1.0241472537   0.000247084798075  
    1.02824388327   0.000215895358483  
    1.03235690673   0.000169619819196  
    1.03648632346   0.000304273892883  
    1.04063225109   0.000285093356014  
    1.04479480945   0.000179551581704  
    1.04897399887    0.00027822354389  
     1.0531698181   0.000181675777295  
    1.05738251166   0.000165005972881  
    1.06161208096   0.000159906800885  
    1.06585852578   0.000150239403569  
    1.07012197099   0.000147861468698  
    1.07440241613   0.000250591766445  
    1.07870005221   0.000267630076215  
    1.08301481519   0.000278636213274  
    1.08734689895   0.000175134487573  
    1.09169630414   0.000243951716859  
    1.09606302978   0.000383199044834  
    1.10044734116   0.000255918004906  
    1.10484910523   0.000259001320238  
    1.10926852335   0.000233679578244  
     1.1137055958   0.000152348456408  
    1.11816039035   0.000232359398841  
    1.12263304497   0.000220868128091  
    1.12712355978   0.000287758485122  
    1.13163207491   0.000335372906267  
    1.13615859041   0.000275030286962  
    1.14070324858   0.000107477447785  
    1.14526604943   0.000193789819761  
    1.14984706437    0.00024322847585  
    1.15444651285   8.81884979136e-05  
    1.15906424797   0.000239501786424  
    1.16370056586   0.000276080273632  
    1.16835531727   0.000218552414462  
    1.17302872701   0.000228826706447  
    1.17772087188   0.000226519718157  
    1.18243175198   0.000186582201778  
    1.18716144357   0.000160110385759  
    1.19191010218    0.00024048267179  
    1.19667772807   0.000236437948671  
     1.2014644794   0.000228644004085  
    1.20627035656   0.000241061039985  
    1.21109543928   0.000107101898762  
      1.215939808   0.000238896392499  
    1.22080354391   0.000268690375522  
    1.22568681206   0.000368913347743  
     1.2305895296   0.000176760579856  
    1.23551186248   0.000214445710922  
    1.24045389501   0.000239179806457  
     1.2454157123   0.000221979008806  
     1.2503974003   0.000216927035795  
    1.25539895864   0.000224325441593  
    1.26042056078   0.000249142592714  
    1.26546229526    0.00016137421303  
    1.27052416224   0.000137460185448  
    1.27560624992   0.000227979921848  
    1.28070864744   0.000276820566183  
    1.28583144485   0.000301166441809  
    1.29097482537   0.000340933636027  
    1.29613869727   0.000223715249831  
    1.30132324497   0.000185377148671  
    1.30652856241   0.000278688437609  
    1.31175464935   0.000332060265583  
    1.31700169547   0.000283021290156  
     1.3222697011   0.000244562548962  
    1.32755876203   0.000324634539017  
    1.33286897515    0.00038420002289  
    1.33820043842   0.000409774482907  
    1.34355325091   0.000254128294781  
    1.34892751285   0.000250403918076  
    1.35432322412   0.000172110303199  
    1.35974048482   0.000196830715359  
    1.36517949934   0.000203750127539  
    1.37064016475   0.000343533170635  
      1.376122687   0.000197461556209  
    1.38162727663   0.000240544707456  
    1.38715372296   0.000255988866605  
    1.39270234299   0.000198262041578  
    1.39827313727   0.000250804415209  
    1.40386621331   0.000169495484236  
    1.40948167992   0.000246185174085  
    1.41511964725   0.000210177488559  
    1.42078011516   0.000179029106685  
    1.42646319391   0.000161522611227  
    1.43216910863   0.000249111119365  
    1.43789774632   0.000324243028379  
    1.44364933409   0.000380697968775  
    1.44942398792   0.000274080562876  
    1.45522170815   0.000422766556793  
    1.46104249287   0.000379977147047  
     1.4668866951   0.000350001367796  
    1.47275431694   0.000231893031078  
    1.47864523734   0.000370155247189  
    1.48455981683   0.000307810244021  
    1.49049805659   0.000191809879784  
    1.49646007942    0.00024655540067  
    1.50244588491   0.000268169068131  
    1.50845572211   0.000303434632215  
    1.51448959202   0.000302845265148  
    1.52054749331    0.00025519753932  
     1.5266296802   0.000338746236739  
    1.53273615283    0.00024366343717  
    1.53886717105   0.000193237267458  
    1.54502260448   0.000381644097268  
    1.55120271558   0.000282672220825  
    1.55740750452    0.00027173936761  
    1.56363710436   0.000318871331799  
    1.56989165006   0.000286282276266  
    1.57617127854   0.000314058986207  
    1.58247599015   0.000223658226517  
    1.58880592249   0.000323039611233  
    1.59516107439   0.000445401974191  
    1.60154172603   0.000345443154735  
    1.60794787812   0.000291085558443  
    1.61437967308   0.000325866181921  
    1.62083725547   0.000334749582533  
    1.62732047899   0.000134595912373  
    1.63382978091   0.000305231451837  
     1.6403651635   0.000236399184178  
    1.64692662655   0.000256654876759  
    1.65351431859   0.000389874444327  
    1.66012839044   0.000405117672346  
    1.66676884154   0.000355257534353  
    1.67343597864   0.000346400656615  
    1.68012964726   0.000278198328942  
     1.6868501577   0.000432819755777  
    1.69359766897    0.00035376335187  
    1.70037202268   0.000410781795759  
    1.70717353647   0.000399794167544  
    1.71400221054   0.000422349162379  
    1.72085820633   0.000371106156645  
    1.72774168785   0.000416288106954  
    1.73465265526    0.00035314235415  
    1.74159127391   0.000377405818582  
    1.74855754262   0.000449521890224  
    1.75555179861   0.000357130938434  
    1.76257404347   0.000484522101969  
    1.76962427614   0.000453273950471  
    1.77670284213   0.000386133359388  
    1.78380956722   0.000517876662557  
    1.79094480125   0.000616166302366  
    1.79810872371   0.000559525515376  
    1.80530115645   0.000611052303438  
    1.81252227635   0.000658091607648  
    1.81977244648   0.000557312851934  
    1.82705148476   0.000574067384446  
    1.83435957276   0.000769919493823  
    1.84169708283     0.0006836055012  
    1.84906382895   0.000687832303272  
    1.85646018835   0.000950646846809  
     1.8638859709   0.000973705001298  
    1.87134155879   0.000534101081853  
    1.87882695303   0.000714068865449  
    1.88634215182   0.000705459140403  
    1.89388754731   0.000913156745676  
    1.90146314133   0.000770057787593  
    1.90906893284   0.000842424724513  
    1.91670532438    0.00100407094196  
    1.92437211384    0.00124023949155  
    1.93206950273    0.00121326968189  
    1.93979790433    0.00123067853159  
    1.94755711267    0.00104346248562  
    1.95534733522    0.00110119498357  
    1.96316856994      0.001129337291  
    1.97102124165     0.0011228195275  
    1.97890535251    0.00107093147275  
    1.98682112011    0.00121025626672  
    1.99476832565    0.00132914499896  
    2.00274740602   0.000951613645976  
    2.01075836178    0.00105790666722  
    2.01880141589    0.00128604686957  
    2.02687656812    0.00200808559282  
    2.03498404427    0.00195245798915  
    2.04312407431    0.00187550567086  
    2.05129665965    0.00187642252659  
     2.0595017986    0.00186408761256  
    2.06773972286    0.00177596591347  
    2.07601066845    0.00177723275036  
    2.08431463547    0.00181271593331  
    2.09265210542    0.00175103836258  
    2.10102259513    0.00209000513828  
    2.10942658742    0.00155360529536  
    2.11786432936    0.00251409434929  
    2.12633582256    0.00230783510199  
    2.13484131755    0.00229857837963  
     2.1433805613    0.00277963232022  
    2.15195405802    0.00247556687387  
    2.16056193754      0.002435248056  
    2.16920420033    0.00264101157765  
    2.17788097479    0.00259100513614  
     2.1865925224     0.0022862984286  
    2.19533884309    0.00255862651646  
    2.20412020221    0.00262003848933  
    2.21293673483    0.00273517951184  
    2.22178844042    0.00312647803617  
    2.23067559034    0.00261645534547  
    2.23959832256    0.00293491939685  
    2.24855677603    0.00259196083885  
    2.25755094977    0.00256524572805  
    2.26658112356     0.0030210799743  
    2.27564743949    0.00328650577422  
    2.28475004076    0.00294533935685  
    2.29388907166    0.00288186914193  
    2.30306467764    0.00323125791998  
    2.31227685738    0.00325520689988  
    2.32152605332    0.00269854138516  
    2.33081211742    0.00327768087469  
    2.34013534778    0.00326491666627  
    2.34949589586    0.00350068641198  
     2.3588939144    0.00391592563318  
    2.36832940228    0.00311966174282  
    2.37780282395    0.00305319916144  
    2.38731402457    0.00346244730402  
    2.39686315846     0.0031306799811  
    2.40645070173    0.00354901295153  
    2.41607649617    0.00319050855464  
    2.42574070034    0.00322839895217  
    2.43544380238    0.00353586000877  
    2.44518547545    0.00277403196155  
    2.45496621204    0.00363653756006  
    2.46478618067    0.00351263169959  
    2.47464521268    0.00322439610786  
    2.48454381326    0.00304811986698  
    2.49448198371    0.00341604826527  
    2.50445989506    0.00313831896622  
       2.51447772    0.00339350141679  
    2.52453563299    0.00340433911604  
    2.53463381022    0.00324478877419  
    2.54477242968    0.00314046440071  
    2.55495149062    0.00312065993093  
    2.56517135243    0.00297609930188  
    2.57543201517    0.00333899097471  
    2.58573365996    0.00293150880814  
    2.59607665626     0.0028265876472  
    2.60646100556     0.0026619921317  
    2.61688670542     0.0024985526489  
    2.62735432224    0.00251305353871  
    2.63786366667    0.00329301707066  
    2.64841512134    0.00229819903085  
    2.65900888157    0.00316123046241  
    2.66964494773    0.00312630758113  
    2.68032351485    0.00254552540248  
    2.69104478018    0.00262255830064  
    2.70180894321    0.00249138169451  
    2.71261620574    0.00297274059537  
    2.72346656674    0.00264446274358  
    2.73436043466    0.00217520807022  
    2.74529801844    0.00255981919344  
     2.7562791092    0.00248948474855  
    2.76730433452    0.00255746859588  
    2.77837348379    0.00184072528846  
    2.78948698116    0.00217008887429  
    2.80064482621    0.00163958367446  
     2.8118474517    0.00154644549785  
    2.82309485907    0.00196330041209  
    2.83438726773    0.00181782600616  
    2.84572489981    0.00136121039211  
    2.85710775442    0.00188382812918  
    2.86853605393    0.00213746972424  
      2.880010253    0.00210640032571  
    2.89153035391    0.00166694752672  
    2.90309635457    0.00127199970227  
    2.91470895348    0.00199106820471  
    2.92636768263    0.00182833057762  
    2.93807324851    0.00152328322273  
    2.94982541299    0.00196967262324  
    2.96162465374    0.00205317475928  
    2.97347121472     0.0012616619873  
    2.98536509663     0.0013324041111  
    2.99730654414    0.00113435513531  
    3.00929580525    0.00104344888799  
    3.02133287881   0.000810701233949  
    3.03341826813     0.0016979832552  
    3.04555197494   0.000670988606136  
    3.05773425498    0.00114023803177  
    3.06996510682    0.00111344140493  
    3.08224504996    0.00126263527515  
    3.09457408611     0.0010646142906  
    3.10695221222   0.000797726054292  
    3.11937995887    0.00131075940622  
    3.13185759762    0.00105833862565  
    3.14438513044   0.000882090734429  
    3.15696255453   0.000673213542727  
    3.16959041803   0.000921496499726  
    3.18226872167    0.00121791529934  
    3.19499774367   0.000859055594434  
     3.2077777664    0.00061723744338  
    3.22060907639   0.000801749807725  
    3.23349138593   0.000721305512265  
    3.24642526784   0.000509765112273  
    3.25941101458   0.000444362892387  
    3.27244862677   0.000504201277557  
    3.28553839867   0.000562511751305  
    3.29868062902   0.000764563284877  
    3.31187531768   0.000439436399062  
    3.32512276534   0.000523883400256  
    3.33842327728   0.000453163512609  
    3.35177716355   0.000396231340358  
    3.36518411244   0.000562852801618  
    3.37864506026    0.00063636780143  
    3.39215937671   0.000361064283612  
    3.40572801038   0.000660494600793  
    3.41935096495   0.000407381912731  
    3.43302856495   0.000539976755984  
     3.4467604828   0.000390844427832  
    3.46054770028   0.000667907507507  
    3.47438988975   0.000413793834891  
    3.48828738091   0.000333193881813  
    3.50224050881   0.000298294569119  
    3.51624961393    0.00031374773358  
    3.53031435276   0.000266645266929  
    3.54443575556   0.000451515514936  
    3.55861347905   0.000157160523314  
    3.57284786965   0.000265074165691  
    3.58713927957   0.000198692386302  
    3.60148770802   0.000176350548592  
    3.61589387213   0.000226290373561  
    3.63035741275   0.000249352567837  
    3.64487868866   0.000239726048341  
    3.65945843514   0.000194642661374  
    3.67409628525   0.000185582926638  
     3.6887926074   0.000421549595203  
    3.70354777632   0.000255929584876  
    3.71836179065   0.000356459286187  
    3.73323541447   0.000231154818318  
    3.74816826477   0.000313375366362  
    3.76316111576   0.000131298397879  
    3.77821357615    0.00048326683774  
    3.79332643045   0.000212541555053  
    3.80849968022   0.000165381591128  
    3.82373372567   0.000128792169572  
    3.83902856636   0.000300012566509  
    3.85438501793   0.000207198176946  
    3.86980225926   0.000264226816503  
    3.88528152486   0.000415629742578  
    3.90082282035   0.000100755599446  
    3.91642614544   0.000166558921897  
     3.9320919216    0.00014647418288  
    3.94782014671   0.000267958659423  
    3.96361124722   0.000112491584534  
     3.9794656573   4.04597360387e-05  
    3.99538381902   0.000243937454421  
    4.01136529223   9.91772530953e-05  
    4.02741051384    0.00018174860531  
    4.04352038115   0.000131497702557  
    4.05969444633   8.47518532619e-05  
    4.07593316003   0.000169589077734  
    4.09223698126   0.000233491042781  
    4.10860591058   8.86227586039e-05  
    4.12504041299   5.75277077337e-05  
    4.14154048768   0.000139025806539  
    4.15810660581    0.00010429583737  
    4.17473924737   7.49884287549e-05  
     4.1914379294   7.60410493048e-05  
    4.20820361671   4.70716674241e-05  
    4.22503631116    9.7648164877e-05  
    4.24193650599   0.000185486960769  
    4.25890420203   8.57051908985e-05  
    4.27593989945   0.000191097106211  
    4.29304359811   4.73025699814e-05  
    4.31021606223   9.63840087025e-05  
    4.32745677891   4.78866046045e-05  
    4.34476677871                 0.0  
    4.36214580283   0.000187500475066  
    4.37959437336   0.000108046580687  
    4.39711275511   5.48875044876e-05  
    4.41470121473   5.00322222697e-05  
    4.43236002067   0.000199442366621  
    4.45008944329   0.000113533475663  
    4.46788975486   9.70884572787e-05  
     4.4857612296   2.84000650535e-05  
     4.5037044243   9.23586361596e-05  
    4.52171905834   0.000219011109487  
    4.53980597546   1.88916708273e-05  
    4.55796517761   8.04820491679e-05  
    4.57619723913   8.11064841124e-05  
    4.59450186987   7.45729003012e-05  
    4.61287994068   0.000162032622124  
    4.63133145335                 0.0  
    4.64985670171    0.00010332263599  
    4.66845628346                 0.0  
    4.68712989672   0.000154413592098  
    4.70587844804    5.8900595228e-05  
    4.72470193969   9.64805757566e-05  
    4.74360098925   5.21888100902e-05  
    4.76257528571                 0.0  
    4.78162544951    6.3559254958e-05  
    4.80075211388   6.24039261861e-05  
    4.81995496102    9.8698254919e-05  
    4.83923495122   0.000118777568043  
    4.85859176224   0.000152224969913  
    4.87802637057   0.000212577188228  
    4.89753844961   0.000300680245194  
     4.9171283236   0.000224129896372  
    4.93679699404    8.1874789967e-05  
    4.95654412786   0.000138049139128  
    4.97637040127   0.000153358200694  
    4.99627581409   0.000284827066668  
    5.01626105463   0.000152457861772  
    5.03632612401   0.000200030183069  
    5.05647136933   0.000264939087209  
    5.07669714118    0.00030794638724  
    5.09700379373   0.000373431937034  
    5.11739204703   0.000192457709145  
    5.13786154103   0.000252087152411  
    5.15841300039   0.000220680674881  
    5.17904679429   0.000281651133819  
    5.19976292187   0.000324080036046  
    5.22056175127   0.000213273640003  
    5.24144403461   0.000264236403036  
    5.26240977412   0.000199831426738  
    5.28345973627   0.000608972401739  
    5.30459353645   0.000157790816994  
    5.32581194655   0.000203626287749  
    5.34711496429   0.000262722636758  
     5.3685033765   0.000280101434125  
    5.38997758533   0.000332875746516  
     5.4115375925    0.00011043724724  
    5.43318339149   0.000432526187367  
    5.45491620212   0.000371812529697  
    5.47673603057   0.000363064783152  
    5.49864287472   0.000319487688202  
    5.52063756715   0.000403570015293  
    5.54272010896   0.000598861904783  
    5.56489092113   0.000169548453304  
    5.58715042976   0.000367109466689  
    5.60949906616   0.000344414886192  
    5.63193726694   0.000388308350023  
    5.65446458961   4.71993308894e-05  
    5.67708279786   0.000433867097999  
    5.69979100731   0.000141247748034  
    5.72259010817   0.000219408425861  
    5.74548055411   0.000279517482841  
    5.76846234429   0.000479622982715  
      5.791536397   0.000608091844031  
    5.81470224819   0.000208511111516  
    5.83796129572   0.000317845726827  
    5.86131307274   0.000386639918629  
    5.88475852542   0.000210330453794  
    5.90829717285   0.000546953746249  
    5.93193045656   0.000234780930297  
    5.95565838363   0.000572838070855  
    5.97948095214   0.000454708119275  
    6.00339864953   0.000461831124956  
    6.02741247236    0.00044982205436  
    6.05152192044   0.000164905353003  
    6.07572799998    0.00059229593647  
    6.10003122573   0.000584092310897  
    6.12443108191   0.000615247582986  
    6.14892911878   0.000569647357262  
    6.17352481846   0.000174345930965  
    6.19821869966    0.00056267237785  
    6.22301182415   0.000577178669942  
    6.24790365848   0.000511418229864  
    6.27289527528   0.000606265020174  
    6.29798667496   0.000152546609616  
    6.32317895437   0.000295083776873  
    6.34847156357    0.00065390833548  
    6.37386561103   0.000569689442735  
    6.39936109829   0.000485495176553  
    6.42495858819   0.000353444249193  
    6.45065807628   0.000436582012816  
    6.47646070858   0.000819215732949  
    6.50236648851   0.000315168916475  
    6.52837599909   0.000192937666876  
    6.55448983217   0.000347428382724  
    6.58070739056   0.000205972809499  
     6.6070304631    0.00028023071602  
    6.63345845158     0.0001415865033  
    6.65999256893   0.000592279495528  
    6.68663220164    0.00051072896249  
    6.71337857646   0.000425235932981  
     6.7402323211   0.000448842681844  
    6.76719343966   0.000837591334354  
    6.79426192596   0.000460828185401  
    6.82143905059   0.000503946741014  
    6.84872481713   0.000468204891064  
    6.87611987273   0.000578854444408  
    6.90362421565   0.000428881180475  
    6.93123849806   0.000153632170633  
    6.95896338267   0.000304301882454  
    6.98679954287   7.30493112165e-05  
    7.01474698239   0.000456244558136  
    7.04280569424   6.44362859683e-05  
    7.07097704376   0.000321291554775  
    7.09926103526   0.000130074894343  
    7.12765766225   0.000217308526305  
    7.15616832394   9.23870948431e-05  
    7.18479302568   0.000169262764553  
    7.21353248167   0.000168954475067  
    7.24238669254   0.000276968795477  
    7.27135637916   9.97646345303e-05  
    7.30044153741   0.000368574318729  
    7.32964289499   0.000326165018605  
    7.35896194108   0.000184832748794  
    7.38839793625   0.000355163326307  
    7.41795162807   0.000359654250028  
     7.4476230097   0.000282124985013  
    7.47741360958   0.000183927859316  
    7.50732343484   0.000310460467023  
    7.53735248125   0.000212844046671  
    7.56750152509     0.0001719353436  
     7.5977721547   0.000394445050061  
    7.62816277835   0.000157415344678  
    7.65867579796   0.000425535405459  
    7.68931040992   0.000176504880384  
    7.72006742165   0.000291320792928  
    7.75094765492   0.000667634645909  
    7.78195194613   0.000177612789782  
    7.81307945788   0.000203797223584  
    7.84433186727   0.000334941156264  
    7.87570917764   0.000269108749509  
    7.90721224521   0.000359822972249  
    7.93884106988   0.000214338236475  
    7.97059651818   0.000276669433318  
    8.00247858663   4.97992635837e-05  
    8.03448815236   0.000618094002145  
    8.06662610855   0.000541938261068  
    8.09889336484   0.000386141933242  
     8.1312881039   0.000106610668754  
    8.16381396885   0.000552468246186  
    8.19646913217    0.00037416599961  
    8.22925450488   0.000376179744469  
    8.26217195928   0.000489136200744  
     8.2952205599   0.000395940957986  
    8.32840124719   0.000181052316973  
    8.36171497933   0.000636244472392  
    8.39516175769   0.000355163912849  
    8.42874255349   0.000627575140124  
    8.46245736585   0.000319654165647  
     8.4963071794   0.000654111952761  
    8.53029299759   0.000377474050802  
    8.56441381387   0.000412925888534  
    8.59867164433   0.000391001890574  
    8.63306597974   0.000668749733907  
    8.66759835958   0.000363875070627  
    8.70226878849   0.000623402312883  
    8.73707778582    0.00026838793636  
    8.77202587434   0.000260217452052  
    8.80711411676   0.000557279541232  
    8.84234251506   0.000631413277681  
    8.87771214789   0.000958048206506  
    8.91322301618   0.000809219286637  
    8.94887566111   0.000810127505432  
    8.98467118599   0.000205431323489  
    9.02061015324   0.000664276412098  
    9.05669256222    0.00076205826757  
    9.09291897023   0.000617506311177  
    9.12929109163   0.000853644236692  
    9.16580777681   0.000301500870111  
    9.20247133927   0.000655308506212  
     9.2392812011    0.00137765773287  
    9.27623794181   0.000882238785687  
    9.31334334528   0.000764400595295  
    9.35059681985   0.000402070685308  
    9.38799895942   0.000348730392277  
    9.42555097729   0.000558697825183  
    9.46325287276   0.000569906354413  
    9.50110587927    0.00072144706059  
    9.53911062623   0.000417254159274  
    9.57726711423   0.000712932486809  
    9.61557596868   0.000350602185334  
    9.65403846516   0.000725498179087  
    9.69265460608    0.00029789588473  
    9.73142503402   0.000463051238244  
    9.77035105768   0.000932763939583  
    9.80943201648   0.000847132386411  
    9.84866989689   0.000366735867261  
    9.88806470579   0.000927763186175  
    9.92761711669   0.000279229703597  
    9.96732712253   0.000690403946707  
    10.0071967787   0.000640996029883  
    10.0472253989   0.000993346339924  
    10.0874143706      0.016159508536  
