      wave_micron            flux_mjy  
  0.0154221819325                 0.0  
  0.0154783455809                 0.0  
   0.015540258413                 0.0  
  0.0156024189732                 0.0  
  0.0156648289627                 0.0  
  0.0157274883885                 0.0  
  0.0157903989725                 0.0  
   0.015853560715                 0.0  
  0.0159169753591                 0.0  
  0.0159806428986                 0.0  
  0.0160445650983                 0.0  
  0.0161087437552                 0.0  
  0.0161731788756                 0.0  
   0.016237870441                 0.0  
  0.0163028221147                 0.0  
  0.0163680339168                 0.0  
  0.0164335058424                 0.0  
  0.0164992397599                 0.0  
  0.0165652375728                 0.0  
  0.0166314973626                 0.0  
   0.016698022957                 0.0  
  0.0167648163217                 0.0  
  0.0168318755082                 0.0  
  0.0168992024628                 0.0  
  0.0169667991687                 0.0  
  0.0170346676472                 0.0  
  0.0171028048591                 0.0  
  0.0171712168936                 0.0  
  0.0172399017199                 0.0  
  0.0173088613934                 0.0  
  0.0173780969564                 0.0  
  0.0174476083969                 0.0  
  0.0175173988859                 0.0  
  0.0175874684342                 0.0  
  0.0176578192002                 0.0  
  0.0177284500972                 0.0  
  0.0177993632902                 0.0  
  0.0178705609874                 0.0  
  0.0179420431955                 0.0  
  0.0180138121572                 0.0  
  0.0180858667379                 0.0  
  0.0181582103376                 0.0  
   0.018230842962                 0.0  
  0.0183037669249                 0.0  
  0.0183769822319                 0.0  
  0.0184504900473                 0.0  
  0.0185242915451                 0.0  
  0.0185983891149                 0.0  
  0.0186727827634                 0.0  
  0.0187474736943                 0.0  
  0.0188224631215                 0.0  
  0.0188977535148                 0.0  
  0.0189733436286                 0.0  
  0.0190492372098                 0.0  
  0.0191254342705                 0.0  
  0.0192019360793                 0.0  
  0.0192787439165                 0.0  
  0.0193558590743                 0.0  
  0.0194332828569                 0.0  
  0.0195110152532                 0.0  
  0.0195890602365                 0.0  
  0.0196674164828                 0.0  
  0.0197460853146                 0.0  
  0.0198250694374                 0.0  
  0.0199043702325                 0.0  
  0.0199839877024                 0.0  
  0.0200639232226                 0.0  
  0.0201441795976                 0.0  
  0.0202247554125                 0.0  
  0.0203056549267                 0.0  
  0.0203868781584                 0.0  
  0.0204684250949                 0.0  
  0.0205502986369                 0.0  
  0.0206325002631                 0.0  
  0.0207150299721                 0.0  
  0.0207978907469                 0.0  
  0.0208810810743                 0.0  
  0.0209646054901                 0.0  
  0.0210484640106                 0.0  
  0.0211326581768                 0.0  
  0.0212171895475                 0.0  
  0.0213020581165                 0.0  
  0.0213872654403                 0.0  
  0.0214728147007                 0.0  
  0.0215587059078                 0.0  
  0.0216449406729                 0.0  
  0.0217315206258                 0.0  
  0.0218184474159                 0.0  
  0.0219057210389                 0.0  
  0.0219933431436                 0.0  
  0.0220813170987                 0.0  
  0.0221696429202                 0.0  
  0.0222583205902                 0.0  
  0.0223473535396                 0.0  
  0.0224367435202                 0.0  
  0.0225264905366                 0.0  
  0.0226165963424                 0.0  
  0.0227070627134                 0.0  
   0.022797891448                 0.0  
  0.0228890825408                 0.0  
  0.0229806396339                 0.0  
  0.0230725608835                 0.0  
  0.0231648518352                 0.0  
  0.0232575106339                 0.0  
  0.0233505410324                 0.0  
  0.0234439430362                 0.0  
  0.0235377185467                 0.0  
  0.0236318694907                 0.0  
  0.0237263978211                 0.0  
  0.0238213035385                 0.0  
  0.0239165886016                 0.0  
  0.0240122549961                 0.0  
  0.0241083027081                 0.0  
  0.0242047378153                 0.0  
  0.0243015562579                 0.0  
  0.0243987621108                 0.0  
   0.024496357451                 0.0  
  0.0245943422758                 0.0  
  0.0246927207968                 0.0  
  0.0247914908945                 0.0  
  0.0248906568236                 0.0  
  0.0249902185834                 0.0  
  0.0250901805246                 0.0  
  0.0251905404622                 0.0  
  0.0252913027928                 0.0  
  0.0253924675203                 0.0  
   0.025494039142                 0.0  
  0.0255960154078                 0.0  
  0.0256983985612                 0.0  
  0.0258011932004                 0.0  
  0.0259043970131                 0.0  
  0.0260080146481                 0.0  
    0.02611204611                 0.0  
  0.0262164937597                 0.0  
  0.0263213599946                 0.0  
  0.0264266472488                 0.0  
  0.0265323530848                 0.0  
   0.026638482369                 0.0  
  0.0267450350961                 0.0  
  0.0268520162481                 0.0  
  0.0269594233237                 0.0  
   0.027067261363                 0.0  
  0.0271755303777                 0.0  
  0.0272842329335                 0.0  
  0.0273933690209                 0.0  
   0.027502943863                 0.0  
  0.0276129548334                 0.0  
  0.0277234072187                 0.0  
  0.0278343010305                 0.0  
  0.0279456389615                 0.0  
  0.0280574210034                 0.0  
  0.0281696498716                 0.0  
  0.0282823283267                 0.0  
  0.0283954591745                 0.0  
  0.0285090395999                 0.0  
  0.0286230752233                 0.0  
  0.0287375689239                 0.0  
  0.0288525178234                 0.0  
  0.0289679276849                 0.0  
  0.0290838014637                 0.0  
  0.0292001362195                 0.0  
  0.0293169348659                 0.0  
  0.0294342033877                 0.0  
  0.0295519418269                 0.0  
  0.0296701471117                 0.0  
  0.0297888284028                 0.0  
  0.0299079857543                 0.0  
  0.0300276160314                 0.0  
  0.0301477254602                 0.0  
  0.0302683172275                 0.0  
  0.0303893913559                 0.0  
  0.0305109478221                 0.0  
  0.0306329930995                 0.0  
  0.0307555239287                 0.0  
  0.0308785468721                 0.0  
  0.0310020619542                 0.0  
  0.0311260691522                 0.0  
  0.0312505718008                 0.0  
  0.0313755767274                 0.0  
  0.0315010770906                 0.0  
  0.0316270832193                 0.0  
  0.0317535916642                 0.0  
  0.0318806059038                 0.0  
  0.0320081259079                 0.0  
  0.0321361587989                 0.0  
  0.0322647046199                 0.0  
  0.0323937633655                 0.0  
  0.0325233386688                 0.0  
  0.0326534305126                 0.0  
   0.032784046325                 0.0  
  0.0329151823899                 0.0  
  0.0330468424368                 0.0  
  0.0331790302653                 0.0  
  0.0333117458776                 0.0  
  0.0334449931253                 0.0  
  0.0335787720014                 0.0  
  0.0337130864104                 0.0  
  0.0338479403317                 0.0  
  0.0339833297668                 0.0  
   0.034119266773                 0.0  
    0.03425574124                 0.0  
  0.0343927653635                 0.0  
  0.0345303371289                 0.0  
  0.0346684564989                 0.0  
  0.0348071318312                 0.0  
  0.0349463589249                 0.0  
  0.0350861462674                 0.0  
  0.0352264895855                 0.0  
  0.0353673953179                 0.0  
  0.0355088656611                 0.0  
  0.0356509006117                 0.0  
   0.035793504579                 0.0  
  0.0359366775568                 0.0  
  0.0360804262925                 0.0  
  0.0362247462568                 0.0  
  0.0363696465556                 0.0  
  0.0365151249103                 0.0  
  0.0366611859421                 0.0  
  0.0368078296413                 0.0  
  0.0369550607037                 0.0  
  0.0371028815203                 0.0  
  0.0372512920825                 0.0  
  0.0374002972022                 0.0  
  0.0375498993313                 0.0  
  0.0377000984646                 0.0  
  0.0378508995351                 0.0  
  0.0380023025414                 0.0  
  0.0381543124999                 0.0  
  0.0383069294135                 0.0  
  0.0384601558058                 0.0  
  0.0386139968225                 0.0  
  0.0387684524758                 0.0  
   0.038923528001                 0.0  
  0.0390792207552                 0.0  
  0.0392355386861                 0.0  
  0.0393924818217                 0.0  
  0.0395500501301                 0.0  
  0.0397082517653                 0.0  
  0.0398670839996                 0.0  
  0.0400265523356                 0.0  
   0.040186659577                 0.0  
  0.0403474057178                 0.0  
  0.0405087935511                 0.0  
  0.0406708287828                 0.0  
  0.0408335143331                 0.0  
  0.0409968472931                 0.0  
  0.0411608334584                 0.0  
  0.0413254787495                 0.0  
  0.0414907802101                 0.0  
   0.041656743801                 0.0  
  0.0418233695127                 0.0  
  0.0419906634194                 0.0  
  0.0421586255298                 0.0  
   0.042327258912                 0.0  
  0.0424965698167                 0.0  
  0.0426665551097                 0.0  
  0.0428372210879                 0.0  
  0.0430085709616                 0.0  
  0.0431806047274                 0.0  
  0.0433533288696                 0.0  
  0.0435267401058                 0.0  
  0.0437008482999                 0.0  
   0.043875650142                 0.0  
  0.0440511522978                 0.0  
  0.0442273581705                 0.0  
  0.0444042677676                 0.0  
  0.0445818844935                 0.0  
  0.0447602117949                 0.0  
  0.0449392531611                 0.0  
  0.0451190085759                 0.0  
  0.0452994851091                 0.0  
  0.0454806827765                 0.0  
  0.0456626087953                 0.0  
  0.0458452558873                 0.0  
  0.0460286386326                 0.0  
  0.0462127533948                 0.0  
  0.0463976038551                 0.0  
   0.046583193743                 0.0  
   0.046769526837                 0.0  
   0.046956606966                 0.0  
  0.0471444302599                 0.0  
  0.0473330082767                 0.0  
  0.0475223410627                 0.0  
  0.0477124325616                 0.0  
  0.0479032787694                 0.0  
  0.0480948956441                 0.0  
  0.0482872751942                 0.0  
  0.0484804213891                 0.0  
  0.0486743423835                 0.0  
  0.0488690423574                 0.0  
  0.0490645171557                 0.0  
  0.0492607751063                 0.0  
  0.0494578204664                 0.0  
  0.0496556489567                 0.0  
   0.049854273417                 0.0  
  0.0500536895535                 0.0  
  0.0502539060659                 0.0  
  0.0504549185427                 0.0  
  0.0506567402489                 0.0  
  0.0508593667607                 0.0  
  0.0510628025253                 0.0  
  0.0512670566381                 0.0  
  0.0514721245518                 0.0  
  0.0516780108055                 0.0  
  0.0518847246999                 0.0  
   0.052092261563                 0.0  
  0.0523006307993                 0.0  
  0.0525098324223                 0.0  
  0.0527198760571                 0.0  
  0.0529307520196                 0.0  
  0.0531424748511                 0.0  
  0.0533550445924                 0.0  
  0.0535684662058                 0.0  
  0.0537827396889                 0.0  
  0.0539978700401                 0.0  
  0.0542138623369                 0.0  
  0.0544307165721                 0.0  
  0.0546484430685                 0.0  
  0.0548670366526                 0.0  
  0.0550865024807                 0.0  
  0.0553068511252                 0.0  
  0.0555280772875                 0.0  
  0.0557501916691                 0.0  
  0.0559731888451                 0.0  
  0.0561970851542                 0.0  
  0.0564218696252                 0.0  
    0.05664755882                 0.0  
  0.0568741471904                 0.0  
   0.057101645976                 0.0  
  0.0573300495008                 0.0  
  0.0575593691465                 0.0  
  0.0577896107521                 0.0  
   0.058020768517                 0.0  
   0.058252848197                 0.0  
  0.0584858616093                 0.0  
  0.0587198028284                 0.0  
  0.0589546838262                 0.0  
  0.0591905046543                 0.0  
  0.0594272652747                 0.0  
  0.0596649717642                 0.0  
  0.0599036365615                 0.0  
  0.0601432471883                 0.0  
  0.0603838224564                 0.0  
  0.0606253560613                 0.0  
  0.0608678607795                 0.0  
  0.0611113301733                 0.0  
  0.0613557771937                 0.0  
  0.0616012018839                 0.0  
  0.0618476041939                 0.0  
  0.0620949907005                 0.0  
  0.0623433748748                 0.0  
  0.0625927500343                 0.0  
  0.0628431160694                 0.0  
  0.0630944935939                 0.0  
  0.0633468688088                 0.0  
  0.0636002555816                 0.0  
  0.0638546539134                 0.0  
   0.064110078039                 0.0  
  0.0643665136604                 0.0  
  0.0646239823258                 0.0  
  0.0648824768223                 0.0  
  0.0651420117993                 0.0  
  0.0654025799059                 0.0  
  0.0656641884884                 0.0  
  0.0659268450311                 0.0  
  0.0661905495202                 0.0  
  0.0664553095403                 0.0  
  0.0667211328193                 0.0  
  0.0669880194077                 0.0  
  0.0672559692546                 0.0  
   0.067524998104                 0.0  
  0.0677950980645                 0.0  
  0.0680662770408                 0.0  
  0.0683385430896                 0.0  
  0.0686118962156                 0.0  
   0.068886340455                 0.0  
   0.069161888209                 0.0  
  0.0694385353599                 0.0  
   0.069716290261                 0.0  
  0.0699951528868                 0.0  
  0.0702751360196                 0.0  
   0.070556235388                 0.0  
  0.0708384595976                 0.0  
  0.0711218130144                 0.0  
  0.0714063000362                 0.0  
  0.0716919250936                 0.0  
    0.07197869265                 0.0  
  0.0722666072029                 0.0  
  0.0725556732844                 0.0  
  0.0728459000873                 0.0  
  0.0731372830003                 0.0  
  0.0734298312522                 0.0  
  0.0737235495201                 0.0  
  0.0740184425194                 0.0  
  0.0743145198186                 0.0  
  0.0746117766219                 0.0  
  0.0749102225396                 0.0  
  0.0752098624475                 0.0  
  0.0755107012636                 0.0  
  0.0758127489591                 0.0  
  0.0761159955082                 0.0  
  0.0764204609911                 0.0  
  0.0767261454929                 0.0  
  0.0770330489826                 0.0  
  0.0773411817395                 0.0  
  0.0776505437441                 0.0  
  0.0779611454547                 0.0  
  0.0782729922069                 0.0  
  0.0785860840041                 0.0  
  0.0789004261565                 0.0  
  0.0792160294956                 0.0  
   0.079532894053                 0.0  
   0.079851025297                 0.0  
  0.0801704287509                 0.0  
  0.0804911099934                 0.0  
  0.0808130746602                 0.0  
  0.0811363284449                 0.0  
  0.0814608713158                 0.0  
  0.0817867147778                 0.0  
  0.0821138647046                 0.0  
  0.0824423211076                 0.0  
  0.0827720898447                 0.0  
   0.083103176837                 0.0  
  0.0834355880695                 0.0  
  0.0837693295932                 0.0  
  0.0841044075257                 0.0  
  0.0844408280531                 0.0  
  0.0847785911656                 0.0  
  0.0851177030393                 0.0  
  0.0854581762863                 0.0  
  0.0858000109601                 0.0  
  0.0861432069836                 0.0  
  0.0864877837083                 0.0  
   0.086833734686                 0.0  
   0.087181066378                 0.0  
  0.0875297920005                 0.0  
  0.0878799115976                 0.0  
  0.0882314318658                 0.0  
  0.0885843527423                 0.0  
  0.0889386947135                 0.0  
  0.0892944509877                 0.0  
  0.0896516284288                 0.0  
  0.0900102339858                 0.0  
  0.0903702746949                 0.0  
  0.0907317505044                 0.0  
  0.0910946829245                 0.0  
  0.0914590575601                 0.0  
  0.0918248961623                 0.0  
  0.0921921988168                 0.0  
  0.0925609654697                 0.0  
  0.0929312109813                 0.0  
  0.0933029353717                 0.0  
  0.0936761461684                 0.0  
  0.0940508509988                 0.0  
  0.0944270498198                 0.0  
  0.0948047581127                 0.0  
  0.0951839838158                 0.0  
  0.0955647190532                 0.0  
  0.0959469715991                 0.0  
  0.0963307655121                 0.0  
  0.0967160847083                 0.0  
  0.0971029535334                 0.0  
  0.0974913638291                 0.0  
  0.0978813237277                 0.0  
  0.0982728498947                 0.0  
    0.09866594241                 0.0  
   0.099060609758                 0.0  
  0.0994568519222                 0.0  
  0.0998546774253                 0.0  
   0.100254094913                 0.0  
   0.100655113158                 0.0  
   0.101057732156                 0.0  
   0.101461960725                 0.0  
   0.101867807811                 0.0  
   0.102275282494                 0.0  
   0.102684384796                 0.0  
   0.103095123848                 0.0  
   0.103507499581                 0.0  
   0.103921530592                 0.0  
   0.104337216941                 0.0  
   0.104754568095                 0.0  
   0.105173584024                 0.0  
   0.105594283976                 0.0  
   0.106016658262                 0.0  
   0.106440726351                 0.0  
   0.106866488265                 0.0  
   0.107293953898                 0.0  
     0.1077231333                 0.0  
   0.108154016287                 0.0  
   0.108586633294                 0.0  
   0.109020984491                 0.0  
   0.109457069886                 0.0  
   0.109894899843                 0.0  
   0.110334474284                 0.0  
   0.110775814355                 0.0  
   0.111218920147                 0.0  
   0.111663791584                 0.0  
   0.112110450329                 0.0  
   0.112558885443                 0.0  
   0.113009129988                 0.0  
   0.113461161814                 0.0  
   0.113915003126                 0.0  
   0.114370665274                 0.0  
   0.114828148301                 0.0  
   0.115287463664                 0.0  
   0.115748611332                 0.0  
   0.116211602869                 0.0  
   0.116676450037                 0.0  
   0.117143152835                 0.0  
   0.117611735198                 0.0  
   0.118082173035                 0.0  
   0.118554502557                 0.0  
   0.119028723913                 0.0  
   0.119504837073                 0.0  
   0.119982854371                 0.0  
   0.120462788359                 0.0  
   0.120944639055                 0.0  
   0.121428419148                 0.0  
   0.121914128591                 0.0  
   0.122401793275                 0.0  
   0.122891400238                 0.0  
   0.123382962455                 0.0  
   0.123876493133                 0.0  
   0.124372005713                 0.0  
   0.124869486696                 0.0  
    0.12536896306                 0.0  
   0.125870448651                 0.0  
   0.126373929725                 0.0  
   0.126879419965                 0.0  
   0.127386933305                 0.0  
   0.127896483936                 0.0  
   0.128408071933                 0.0  
   0.128921697178                 0.0  
   0.129437388564                 0.0  
   0.129955146271                 0.0  
   0.130474955445                 0.0  
   0.130996860392                 0.0  
   0.131520846332                 0.0  
   0.132046928203                 0.0  
   0.132575121227                 0.0  
   0.133105425465                 0.0  
   0.133637840778                 0.0  
   0.134172398206                 0.0  
   0.134709082127                 0.0  
   0.135247924046                 0.0  
   0.135788908058                 0.0  
   0.136332066143                 0.0  
   0.136877390275                 0.0  
   0.137424904887                 0.0  
   0.137974601796                 0.0  
   0.138526497437                 0.0  
   0.139080608566                 0.0  
   0.139636926768                 0.0  
    0.14019547741                 0.0  
   0.140756260558                 0.0  
   0.141319284768                 0.0  
   0.141884558656                 0.0  
   0.142452099745                 0.0  
   0.143021908073                 0.0  
   0.143593992447                 0.0  
   0.144168370799                 0.0  
   0.144745043155                 0.0  
   0.145324027728                 0.0  
   0.145905324541                 0.0  
   0.146488942746                 0.0  
   0.147074900997                 0.0  
   0.147663199313                 0.0  
   0.148253847072                 0.0  
   0.148846863384                 0.0  
   0.149442258012                 0.0  
    0.15004002118                 0.0  
   0.150640182132                 0.0  
   0.151242740914                 0.0  
   0.151847717443                 0.0  
   0.152455101654                 0.0  
   0.153064923769                 0.0  
   0.153677183874                 0.0  
   0.154291892196                 0.0  
   0.154909059057                 0.0  
   0.155528694873                 0.0  
    0.15615081016                 0.0  
   0.156775415535                 0.0  
   0.157402521715                 0.0  
   0.158032128636                 0.0  
   0.158664257937                 0.0  
   0.159298909593                 0.0  
   0.159936105631                 0.0  
   0.160575857307                 0.0  
   0.161218153334                 0.0  
   0.161863027494                 0.0  
    0.16251047988                 0.0  
   0.163160521938                 0.0  
   0.163813165237                 0.0  
   0.164468421468                 0.0  
   0.165126290561                 0.0  
   0.165786796153                 0.0  
   0.166449938238                 0.0  
     0.1671157409                 0.0  
   0.167784204206                 0.0  
   0.168455340333                 0.0  
   0.169129161595                 0.0  
   0.169805680445                 0.0  
   0.170484909475                 0.0  
   0.171166848655                 0.0  
   0.171851510563                 0.0  
   0.172538920896                 0.0  
   0.173229066678                 0.0  
    0.17392198699                 0.0  
   0.174617682033                 0.0  
   0.175316151747                 0.0  
   0.176017409306                 0.0  
   0.176721481655                 0.0  
   0.177428368893                 0.0  
   0.178138084683                 0.0  
   0.178850628912                 0.0  
   0.179566043354                 0.0  
   0.180284300021                 0.0  
   0.181005441147                 0.0  
   0.181729466868                 0.0  
   0.182456377047                 0.0  
   0.183186200516                 0.0  
   0.183918952014                 0.0  
    0.18465461675                 0.0  
   0.185393239096                 0.0  
   0.186134819272                 0.0  
   0.186879357215                 0.0  
    0.18762686792                 0.0  
   0.188377382046                 0.0  
   0.189130884183                 0.0  
   0.189887405278                 0.0  
   0.190646961147                 0.0  
   0.191409551855                 0.0  
   0.192175193269                 0.0  
    0.19294388525                 0.0  
   0.193715660074                 0.0  
   0.194490534275                 0.0  
    0.19526849138                 0.0  
   0.196049564345                 0.0  
   0.196833753116                 0.0  
   0.197621091384                 0.0  
   0.198411579304                 0.0  
   0.199205234028                 0.0  
    0.20000205552                 0.0  
   0.200802061011                 0.0  
   0.201605267985                 0.0  
   0.202411694179                 0.0  
   0.203221339593                 0.0  
    0.20403422206                 0.0  
   0.204850359677                 0.0  
   0.205669752375                 0.0  
   0.206492436937                 0.0  
   0.207318413552                 0.0  
    0.20814768209                 0.0  
   0.208980261139                 0.0  
   0.209816188758                 0.0  
   0.210655445884                 0.0  
   0.211498071008                 0.0  
   0.212344064232                 0.0  
   0.213193445145                 0.0  
   0.214046213675                 0.0  
   0.214902409677                 0.0  
   0.215762013091                 0.0  
    0.21662506424                 0.0  
   0.217491563183                 0.0  
   0.218361530429                 0.0  
   0.219234965867                 0.0  
   0.220111911284                 0.0  
     0.2209923669                 0.0  
   0.221876332607                 0.0  
   0.222763829578                 0.0  
    0.22365490114                 0.0  
   0.224549503758                 0.0  
   0.225447702921                 0.0  
   0.226349498892                 0.0  
   0.227254891597                 0.0  
   0.228163925989                 0.0  
   0.229076579506                 0.0  
   0.229992874618                 0.0  
   0.230912857412                 0.0  
   0.231836504828                 0.0  
   0.232763839934                 0.0  
   0.233694909994                 0.0  
    0.23462969145                 0.0  
   0.235568207999                 0.0  
   0.236510483745                 0.0  
   0.237456518631                 0.0  
   0.238406337007                 0.0  
   0.239359963648                 0.0  
   0.240317398589                 0.0  
   0.241278666869                 0.0  
   0.242243793968                 0.0  
   0.243212780032                 0.0  
   0.244185624836                 0.0  
   0.245162353976                 0.0  
    0.24614301991                 0.0  
   0.247127569931                 0.0  
   0.248116083417                 0.0  
    0.24910856079                 0.0  
   0.250105002093                 0.0  
   0.251105406992                 0.0  
   0.252109830165                 0.0  
   0.253118271822                 0.0  
   0.254130759937                 0.0  
   0.255147266246                 0.0  
   0.256167846992                 0.0  
   0.257192531015                 0.0  
   0.258221289561                 0.0  
   0.259254180438                 0.0  
   0.260291203866                 0.0  
   0.261332359668                 0.0  
   0.262377707278                 0.0  
   0.263427216902                 0.0  
    0.26448091836                 0.0  
   0.265538842033                 0.0  
   0.266600987898                 0.0  
   0.267667386749                 0.0  
   0.268738069965                 0.0  
   0.269813006064                 0.0  
   0.270892258088                 0.0  
   0.271975826221                 0.0  
   0.273063742733                 0.0  
   0.274156007754                 0.0  
   0.275252620997                 0.0  
    0.27635363168                 0.0  
   0.277459056633                 0.0  
    0.27856887898                 0.0  
    0.27968316611                 0.0  
   0.280801901239                 0.0  
   0.281925101253                 0.0  
   0.283052800615                 0.0  
   0.284185016866                 0.0  
   0.285321749936                 0.0  
   0.286463035083                 0.0  
    0.28760889024                 0.0  
   0.288759333475                 0.0  
   0.289914364678                 0.0  
   0.291074020225                 0.0  
   0.292238318604                 0.0  
   0.293407278456                 0.0  
   0.294580899659                 0.0  
   0.295759219764                 0.0  
   0.296942257868                 0.0  
   0.298130033227                 0.0  
   0.299322545737                 0.0  
   0.300519834195                 0.0  
   0.301721918353                 0.0  
   0.302928798139                 0.0  
   0.304140513331                 0.0  
   0.305357084209                 0.0  
    0.30657851075                 0.0  
    0.30780483376                 0.0  
   0.309036053261                 0.0  
   0.310272189784                 0.0  
   0.311513285199                 0.0  
   0.312759339614                 0.0  
   0.314010374147                 0.0  
   0.315266410121                 0.0  
   0.316527469063                 0.0  
   0.317793594723                 0.0  
   0.319064765213                 0.0  
   0.320341024541                 0.0  
   0.321622395105                 0.0  
    0.32290887681                 0.0  
   0.324200514872                 0.0  
   0.325497309296                 0.0  
   0.326799306137                 0.0  
   0.328106505512                 0.0  
   0.329418930686                 0.0  
   0.330736605174                 0.0  
   0.332059552743                 0.0  
   0.333387773198                 0.0  
   0.334721339076                 0.0  
   0.336060226296                 0.0  
   0.337404459096                 0.0  
   0.338754086995                 0.0  
   0.340109084964                 0.0  
   0.341469528289                 0.0  
   0.342835417322                 0.0  
   0.344206751893                 0.0  
    0.34558358336                 0.0  
   0.346965911735                 0.0  
   0.348353789395                 0.0  
   0.349747189896                 0.0  
   0.351146192895                 0.0  
   0.352550771731                 0.0  
   0.353960980257                 0.0  
   0.355376818476                 0.0  
   0.356798313591                 0.0  
   0.358225521107                 0.0  
   0.359658413196                 0.0  
    0.36109704583                 0.0  
   0.362541447593                 0.0  
   0.363991589687                 0.0  
   0.365447558249                 0.0  
   0.366909353625                 0.0  
   0.368377005178                 0.0  
   0.369850512842                 0.0  
   0.371329906034                 0.0  
   0.372815214556                 0.0  
   0.374306499135                 0.0  
   0.375803698768                 0.0  
   0.377306936059                 0.0  
    0.37881614935                 0.0  
   0.380331432033                 0.0  
   0.381852752824                 0.0  
   0.383380142906                 0.0  
    0.38491366618                 0.0  
   0.386453322919                 0.0  
   0.387999145622                 0.0  
   0.389551134167                 0.0  
   0.391109354508                 0.0  
   0.392673773317                 0.0  
   0.394244491082                 0.0  
   0.395821440208                 0.0  
   0.397404756821                 0.0  
   0.398994372669                 0.0  
   0.400590356569                 0.0  
   0.402192708445                 0.0  
    0.40380146314                 0.0  
   0.405416691825                 0.0  
   0.407038359024                 0.0  
    0.40866650028                 0.0  
   0.410301151665                 0.0  
   0.411942349788                 0.0  
   0.413590131812                 0.0  
   0.415244497878                 0.0  
   0.416905485377                 0.0  
   0.418573094084                 0.0  
   0.420247400108                 0.0  
   0.421928364977                 0.0  
   0.423616104768                 0.0  
   0.425310541546                 0.0  
   0.427011792894                 0.0  
   0.428719859375                 0.0  
   0.430434740904                 0.0  
   0.432156477435                 0.0  
   0.433885109556                 0.0  
   0.435620637143                 0.0  
    0.43736310109                 0.0  
   0.439112584969                 0.0  
   0.440869004932                 0.0  
   0.442632487246                 0.0  
   0.444403032456                 0.0  
   0.446180640438                 0.0  
   0.447965354113                 0.0  
   0.449757217111                 0.0  
   0.451556229337                 0.0  
   0.453362479596                 0.0  
   0.455175923398                 0.0  
   0.456996605151                 0.0  
   0.458824615881                 0.0  
   0.460659910107                 0.0  
   0.462502533404                 0.0  
   0.464352579108                 0.0  
    0.46620995338                 0.0  
   0.468074797379                 0.0  
   0.469947111716                 0.0  
   0.471826896298                 0.0  
   0.473714199207                 0.0  
   0.475609069359                 0.0  
   0.477511506824                 0.0  
   0.479421561033                 0.0  
   0.481339231788                 0.0  
   0.483264569046                 0.0  
   0.485197623643                 0.0  
    0.48713844731                 0.0  
    0.48908698843                 0.0  
    0.49104335062                 0.0  
   0.493007534152                 0.0  
   0.494979538549                 0.0  
   0.496959470212                 0.0  
   0.498947275454                 0.0  
    0.50094306216   1.58880926262e-07  
   0.502946885801   1.53400156287e-07  
   0.504958636151   1.56232397101e-07  
   0.506978478729                 0.0  
    0.50900641424    1.6308620548e-07  
   0.511042442618                 0.0  
   0.513086620388                 0.0  
   0.515138947285                 0.0  
   0.517199480546                 0.0  
   0.519268278468   1.84350419771e-07  
   0.521345341199                 0.0  
   0.523430727797                 0.0  
   0.525524498426                 0.0  
   0.527626593036                 0.0  
   0.529737071145   1.85384284086e-07  
   0.531855993396   1.60205101777e-07  
   0.533983421578   1.96286091617e-07  
   0.536119356013                 0.0  
   0.538263859347   3.82661343794e-07  
   0.540416931774   4.96207871036e-07  
   0.542578572662   1.71386400173e-07  
   0.544748909884   1.96285546248e-07  
   0.546927879032   1.64296173084e-07  
   0.549115609922                 0.0  
   0.551312070118   1.79850882405e-07  
   0.553517325448   5.26518637721e-07  
   0.555731375711   1.72903650366e-07  
   0.557954321622   5.15070082015e-07  
   0.560186129508                 0.0  
    0.56242686716   3.66207125411e-07  
   0.564676568953   5.51616224198e-07  
   0.566935269508    7.2301109332e-07  
   0.569203038998   5.39556815606e-07  
   0.571479842222   1.84697505202e-07  
   0.573765749586   5.72472796687e-07  
   0.576060832897   9.80309374499e-07  
   0.578365056043   1.11532109694e-06  
   0.580678527832   7.57435135827e-07  
   0.583001248583   8.01592059321e-07  
   0.585333255065    6.0495719991e-07  
   0.587674584337   3.74367838638e-07  
   0.590025273757   5.83363501026e-07  
   0.592385360989   4.06910284401e-07  
    0.59475492255                 0.0  
    0.59713391995   1.40922716228e-06  
   0.599522469205   4.54373884093e-07  
   0.601920570721   4.19294440742e-07  
   0.604328223989   5.99916119529e-07  
   0.606745547913   8.29978824618e-07  
   0.609172542992   1.28368402689e-06  
   0.611609208806   6.63094824475e-07  
   0.614055667248    4.4647458662e-07  
   0.616511877542    4.3604602007e-07  
   0.618977921892   8.65197175596e-07  
    0.62145384213   1.15607504146e-06  
   0.623939680483   6.68136296794e-07  
    0.62643543682   6.45156035039e-07  
   0.628941153152   1.35307177006e-06  
   0.631456915341   8.97962021229e-07  
   0.633982767257   1.31697075282e-06  
   0.636518664907   1.08873472275e-06  
   0.639064739921   8.93715266784e-07  
   0.641621037484   1.11062697708e-06  
   0.644187512807   6.96955691305e-07  
   0.646764255413   7.46769115028e-07  
   0.649351310787                 0.0  
   0.651948724887   9.31328626482e-07  
   0.654556497467   9.64636494305e-07  
   0.657174721394   4.81429803653e-07  
   0.659803444093   1.22653813868e-06  
    0.66244266568   9.41776107783e-07  
   0.665092433462   1.24319062036e-06  
   0.667752795259   9.79452307666e-07  
   0.670423799416   2.09533235186e-06  
    0.67310549481                 0.0  
   0.675797930866   5.03054350878e-07  
   0.678501107401   7.84343767759e-07  
   0.681215124321   5.01996713295e-07  
   0.683939981772   7.65586689412e-07  
   0.686675730236   5.29706471476e-07  
   0.689422420776   1.04096871575e-06  
   0.692180105052   1.57577733093e-06  
   0.694948835326   5.10537161593e-07  
   0.697728664482   7.95073605282e-07  
   0.700519539089   1.04234997779e-06  
   0.703321618534   3.07089223521e-07  
   0.706134903276    5.2995363261e-07  
   0.708959447472   1.88074076051e-06  
   0.711795305937   2.84023081112e-07  
   0.714642478514                 0.0  
   0.717501076141   2.36446276531e-07  
   0.720371042598   5.38801108343e-07  
   0.723252546752   7.87459756802e-07  
   0.726145531988   2.48844950711e-07  
   0.729050112501                 0.0  
   0.731966346677   8.77889451845e-07  
   0.734894175957    8.2160125152e-07  
   0.737833776058    3.2016795485e-07  
   0.740785088054   2.55583945103e-07  
   0.743748230808   6.22867606744e-07  
   0.746723265124    5.0997550071e-07  
   0.749710130124                 0.0  
   0.752708947032                 0.0  
   0.755719839845   2.75848002933e-07  
   0.758742684465   5.56716064827e-07  
   0.761777667799   3.22508996344e-07  
   0.764824790406   7.55951991371e-07  
   0.767884051683   2.05686785359e-06  
   0.770955579374   1.03181382027e-06  
   0.774039438886   1.49790997792e-06  
   0.777135564917   2.44385915755e-07  
    0.78024415422   1.02683316392e-06  
   0.783365074359   3.01288692261e-07  
   0.786498591855   8.09481191033e-07  
   0.789644572959    1.4929535095e-06  
   0.792803152342   2.49266233372e-06  
   0.795974329745   1.87903340473e-06  
   0.799158242868   2.30620097412e-06  
   0.802354892328    2.1546767272e-06  
   0.805564277528   7.64159151657e-07  
   0.808786539182   1.45062932667e-06  
    0.81202167761   3.59062812852e-07  
    0.81526976432   8.97910596372e-07  
   0.818530871882   2.37317057765e-06  
   0.821805000353   1.12598858047e-06  
   0.825092222719    1.1958790562e-06  
   0.828392613059   1.78088317888e-06  
   0.831706171199   5.77776188036e-07  
   0.835032971668   1.22995073597e-06  
   0.838373090129   1.21223955831e-06  
   0.841726603405    1.2291612968e-06  
   0.845093511678   2.19789926265e-06  
   0.848473892288   5.82921428595e-07  
   0.851867744698   1.54286840238e-06  
   0.855275226474   6.16069319399e-07  
   0.858696338263   5.93921913991e-07  
     0.8621311604   1.31232370102e-06  
   0.865579692848   1.86106267396e-06  
   0.869042016538   1.88907712164e-06  
   0.872518130734   2.67711067419e-06  
   0.876008200591   1.65846276363e-06  
   0.879512226677   9.96443902667e-07  
   0.883030293186   1.68837907911e-06  
   0.886562400028   1.00422858989e-06  
   0.890108632087   1.62762962874e-06  
   0.893669075629   6.20229091193e-07  
   0.897243818335   2.06525349525e-06  
   0.900832772471   2.01013327185e-06  
   0.904436113504   2.70315868515e-06  
   0.908053841492   2.67985793644e-06  
   0.911686045672   4.20711321017e-06  
    0.91533281677   3.90520856134e-06  
   0.918994155003   2.33186605766e-06  
   0.922670059186   1.37844085037e-06  
   0.926360807225   1.09844499699e-06  
   0.930066213277   1.76914734085e-06  
   0.933786464124   2.51564199177e-06  
   0.937521655387    2.5866145831e-06  
   0.941271691238   3.11121574205e-07  
    0.94503676327   1.04344480734e-06  
   0.948816969728   1.45272267192e-06  
   0.952612212787    1.0930535997e-06  
   0.956422689039   3.96578853083e-07  
    0.96024839901   3.57822400662e-07  
   0.964089341764   2.99982509163e-06  
   0.967945719061   1.61083740848e-06  
   0.971817531867   2.68805615534e-06  
   0.975704779678   1.51732163744e-06  
   0.979607565052   1.83812060598e-06  
   0.983525992373    1.1815631492e-06  
    0.98746016788   7.32812533796e-07  
    0.99140998551   7.78195220776e-07  
   0.995375550182   3.74682658997e-07  
   0.999357077529   7.64528377461e-07  
    1.00335456921   3.01330042288e-07  
     1.0073679148   1.11173733971e-06  
    1.01139744463   2.39078346181e-06  
    1.01544304873   3.71038836036e-07  
    1.01950483853   1.28511061255e-06  
    1.02358281331                 0.0  
    1.02767708587   4.02477002383e-07  
    1.03178788711   3.85716883687e-07  
    1.03591498602                 0.0  
    1.04005861403   4.03481889078e-07  
    1.04421888967   3.60645872479e-07  
     1.0483958139   7.57491469059e-07  
    1.05258938609   7.83768279341e-07  
    1.05679972569   4.21642025455e-07  
    1.06102695441   3.67128623582e-07  
    1.06527107257   4.28033790344e-07  
     1.0695320789   1.22139783496e-06  
    1.07381022173   3.50481072004e-07  
    1.07810550248                 0.0  
    1.08241792093   1.25695201995e-06  
    1.08674760389    2.3442095639e-06  
    1.09109455089   8.07494704516e-07  
    1.09545895593   7.81411048473e-07  
    1.09984075394   2.01029295409e-06  
    1.10424014184                 0.0  
    1.10865712028                 0.0  
    1.11309168825   9.06111076003e-07  
    1.11754411518   3.90242001017e-07  
    1.12201426596   1.13829098929e-06  
    1.12650234506                 0.0  
    1.13100835277    7.5389653926e-07  
    1.13553235792   8.93124301162e-07  
    1.14007450061                 0.0  
    1.14463478098                 0.0  
    1.14921334131   1.87140034454e-06  
    1.15381018168   2.84483495979e-06  
    1.15842544658   3.90905532998e-07  
    1.16305913603   2.31081417437e-06  
    1.16771132256   3.97652355091e-07  
    1.17238222901                 0.0  
     1.1770717062   1.14732636318e-06  
    1.18178005487    8.7787398414e-07  
    1.18650712344   2.15538185082e-06  
    1.19125314023                 0.0  
    1.19601818322    8.7331194605e-07  
    1.20080225251   3.03058437722e-06  
    1.20560542555   2.19460063314e-06  
     1.2104278603   2.59651057701e-06  
    1.21526955699   1.81649144194e-06  
    1.22013067626   1.76622903045e-06  
    1.22501121851   2.58793309874e-06  
    1.22991126469   2.67768013512e-06  
    1.23483089651   2.15542891603e-06  
    1.23977019641   2.21383307376e-06  
    1.24472933202    2.3003920971e-06  
    1.24970821917   8.65769910835e-07  
    1.25470702642    3.6735845013e-06  
    1.25972583937   2.31887028303e-06  
    1.26476474446   1.81917515054e-06  
    1.26982382899   3.84968688655e-06  
    1.27490309256   9.50596578195e-07  
    1.28000271133   2.27716065946e-06  
    1.28512277523   4.26240557149e-06  
     1.2902632844   2.43467698627e-06  
    1.29542432843   1.36784717863e-06  
    1.30060599784   3.36007274122e-06  
    1.30580838408   3.34321547267e-06  
     1.3110316732   5.02230996827e-06  
    1.31627577206   1.44480181959e-06  
    1.32154086795   1.01963531747e-06  
    1.32682705626   2.99799174119e-06  
    1.33213433675   2.63935652312e-06  
    1.33746290205   3.04568810883e-06  
    1.34281275249   3.53169028597e-06  
    1.34818398535    3.1334331573e-06  
    1.35357669902   1.07059520387e-06  
    1.35899099299   2.60732065025e-06  
    1.36442696787   3.17686736611e-06  
    1.36988472544   5.30879129347e-07  
    1.37536426557   1.52358823407e-06  
    1.38086568994   2.59360449276e-06  
     1.3863892061   4.74674856692e-06  
    1.39193470951   2.83310266606e-06  
    1.39750240935   5.68028808371e-07  
    1.40309251941                 0.0  
    1.40870482573   2.86541556477e-06  
    1.41433965025   1.11635151764e-06  
    1.41999699353   2.26051497029e-06  
    1.42567696474    1.0484210712e-06  
    1.43137967438   1.81359266762e-06  
    1.43710523432        5.899801e-07  
    1.44285364441   1.11683732716e-06  
    1.44862501663   2.23961669375e-06  
     1.4544195796   2.04544163275e-06  
    1.46023721857   1.04778885827e-06  
    1.46607816418   2.27011008802e-06  
    1.47194253421   1.15228307503e-06  
      1.477830329   1.11982392667e-06  
    1.48374154662   1.63811350971e-06  
    1.48967654556   2.70641597378e-06  
    1.49563532798   6.25312067577e-07  
    1.50161777091     5.110936926e-07  
    1.50762424051     5.350606006e-07  
    1.51365473797   1.70271712472e-06  
    1.51970938801   2.24404779456e-06  
    1.52578819019   1.12630667137e-06  
    1.53189139745    5.1362502566e-07  
    1.53801901079   1.67807379027e-06  
    1.54417102887   6.10257530574e-07  
    1.55034770985    5.6596426934e-07  
    1.55654905389   2.66132666795e-06  
    1.56277532485    1.0993684303e-06  
    1.56902639034   2.34368240143e-06  
    1.57530251691   1.73042206135e-06  
    1.58160370472   1.13227509851e-06  
    1.58793008889    6.2907370907e-07  
    1.59428180649   1.84432296873e-06  
    1.60065899655   1.18341688648e-06  
    1.60706165945   1.26487934431e-06  
    1.61348993491   1.89673969269e-06  
    1.61994382173   2.99042343285e-06  
    1.62642360449   1.16980195586e-06  
    1.63292928386                 0.0  
    1.63946100449    2.4333767116e-06  
     1.6460189132   1.71049069776e-06  
     1.6526028614   5.79764301935e-07  
    1.65921329316   3.93339988492e-06  
    1.66585021079    2.6806330295e-06  
    1.67251361406   6.60642857564e-06  
    1.67920365382   1.41681517422e-06  
    1.68592048325   2.91519708325e-06  
    1.69266410175   1.70738101187e-06  
    1.69943482084   6.81248882994e-06  
    1.70623248366   1.19306567404e-06  
    1.71305740532   5.38116134238e-06  
     1.7199097473   4.21685015466e-06  
    1.72678934875   1.82737770298e-06  
    1.73369653225   6.15567304877e-06  
    1.74063129799   5.65831525339e-06  
    1.74759380992   7.22437424339e-06  
    1.75458423461    6.7885029278e-06  
    1.76160257222   5.60013805222e-06  
    1.76864899066   6.95320933727e-06  
    1.77572348875   6.12244701588e-06  
    1.78282640892   9.48472964886e-06  
     1.7899577528   9.83715641798e-06  
    1.79711751932   9.89602388303e-06  
    1.80430605936   1.09226398432e-05  
    1.81152319598    9.1484582184e-06  
    1.81876928446    5.3192470805e-06  
    1.82604450707   1.26297692487e-05  
    1.83334868291   9.01512353813e-06  
     1.8406819916    1.2446520584e-05  
    1.84804480185   8.15322624771e-06  
    1.85543692875   7.47817550913e-06  
     1.8628585567    1.1861219617e-05  
    1.87031006382   9.02143931144e-06  
    1.87779126121   8.53531250826e-06  
    1.88530253195    1.3670990956e-05  
    1.89284368298   8.11901078097e-06  
    1.90041510239   1.36300583602e-05  
    1.90801679125   1.23251306661e-05  
    1.91564874769   8.81546581379e-06  
    1.92331136998    1.1976303807e-05  
    1.93100465998   8.82660925741e-06  
    1.93872861661   1.19202289999e-05  
    1.94648364868   8.22765820324e-06  
    1.95426955095   9.84406493179e-06  
    1.96208652804   7.23024506977e-06  
    1.96993499966   7.18019501691e-06  
    1.97781475664    9.7801367751e-06  
    1.98572600968   1.31160517343e-05  
    1.99366875669   6.59952967149e-06  
    2.00164342911   9.98173692482e-06  
    2.00965002913   8.19411011371e-06  
     2.0176887777   1.07368237452e-05  
    2.02575945264   5.83999805202e-06  
    2.03386249764   1.26584459423e-05  
    2.04199791323   1.08393128609e-05  
    2.05016592587    1.0022888186e-05  
    2.05836653531   1.85340990087e-05  
    2.06659997086   1.58395713203e-05  
    2.07486646606    2.1474464097e-05  
    2.08316602235   2.17923874291e-05  
    2.09149863802   3.27747665727e-05  
    2.09986454834   2.81560289789e-05  
    2.10826399303   2.61813640072e-05  
    2.11669697217   3.71352232561e-05  
    2.12516397475   4.66143674687e-05  
    2.13366451009   5.08427105188e-05  
    2.14219906852   4.97821243346e-05  
    2.15076790095    5.3800410082e-05  
    2.15937100899   6.14504592231e-05  
    2.16800864708   7.17621414685e-05  
    2.17668055826   7.69238993657e-05  
    2.18538725457    8.1556313365e-05  
    2.19412886786   9.97859047243e-05  
     2.2029053986   0.000103125082344  
    2.21171697719    0.00010053033626  
    2.22056386918   0.000103169757927  
    2.22944607449   0.000103302154003  
     2.2383638626    8.7736455776e-05  
    2.24731737067   0.000106223022174  
    2.25630659816   0.000139720719272  
    2.26533182065   0.000115106625064  
    2.27439317825   0.000136967293359  
    2.28349081208   0.000124462916987  
    2.29262472114   0.000152783019706  
    2.30179518955   0.000139607216698  
    2.31100236161   0.000149273583776  
    2.32024638274   0.000157138494518  
    2.32952739949   0.000151542826192  
    2.33884555955   0.000148410860009  
     2.3482008616   0.000148290655082  
    2.35759375493   0.000143592336098  
     2.3670240892   0.000153489308093  
    2.37649216717   0.000120869522406  
    2.38599814264   0.000152198857585  
    2.39554217071   0.000124888530747  
    2.40512425024    0.00011873918452  
    2.41474485293   0.000123209794328  
     2.4244038215   0.000107854940824  
    2.43410131268    0.00010835454289  
    2.44383780997   0.000123507506317  
    2.45361315272   9.67396123417e-05  
    2.46342750192   0.000110052165253  
    2.47328135334    0.00010897653935  
    2.48317437503   9.83873577171e-05  
    2.49310706713   9.75647835472e-05  
     2.5030796008   9.79812239458e-05  
    2.51309180473   0.000106201875117  
    2.52314419199   0.000110018035398  
    2.53323676388   0.000105929358781  
    2.54336969409   0.000107937144598  
      2.553543158   0.000124270460036  
    2.56375733277    0.00010722457902  
    2.57401239734   0.000111446016601  
    2.58430853246   9.62514135219e-05  
    2.59464573736    0.00010470454893  
    2.60502437702   0.000100873658746  
    2.61544445152   0.000104317072206  
    2.62590614476   8.64087020201e-05  
    2.63640983195   8.96399787701e-05  
    2.64695551462   6.97241247261e-05  
    2.65754319028   7.82655249186e-05  
    2.66817343412   9.50270440958e-05  
    2.67884605387   8.46224378893e-05  
    2.68956143808   6.50991525449e-05  
    2.70031978513   9.71377966861e-05  
    2.71112109538   7.72508313009e-05  
     2.7219655669    7.7070188115e-05  
    2.73285339999   7.93292654565e-05  
    2.74378479725   7.66951158034e-05  
    2.75475996361   8.26745954798e-05  
    2.76577889803   7.51373732533e-05  
     2.7768420153    8.6828289145e-05  
    2.78794952761    7.5432597841e-05  
    2.79910122283   8.26422096914e-05  
    2.81029773829   8.22797639044e-05  
    2.82153886012    7.5285687401e-05  
    2.83282501905   0.000101015262169  
    2.84415621465   7.95024512648e-05  
    2.85553288641   6.45542986081e-05  
     2.8669550358   5.95588180633e-05  
    2.87842288562   5.96407863701e-05  
    2.88993666146   6.35097612815e-05  
    2.90149636242   4.75846802858e-05  
    2.91310221432   6.61284180872e-05  
    2.92475467888   4.96480375879e-05  
    2.93645375843   6.22829384694e-05  
    2.94819945083   7.81480363966e-05  
    2.95999246544   5.31354941748e-05  
    2.97183232698   6.82244635268e-05  
    2.98371975291   6.28436371299e-05  
    2.99565450142   6.68320956286e-05  
    3.00763705757   6.66462264819e-05  
    3.01966766914   6.12340235922e-05  
    3.03174633682   5.47375278726e-05  
     3.0438733091    5.6410577346e-05  
    3.05604883781   4.98383757713e-05  
    3.06827292179   4.26110085233e-05  
    3.08054607218   4.52665119723e-05  
    3.09286829073   3.36397052274e-05  
    3.10523983715   3.55109436924e-05  
       3.11766071   3.61979831983e-05  
    3.13013143684   2.17202566435e-05  
     3.1426520194   2.63115991128e-05  
     3.1552224546   4.94996446454e-05  
    3.16784328125   2.88487128312e-05  
    3.18051477514   4.27391091519e-05  
    3.19323693827   2.87411618534e-05  
    3.20600976777    2.7092299403e-05  
    3.21883382034    1.8877421309e-05  
    3.23170909668   2.72518091801e-05  
    3.24463587936   2.72441540737e-05  
    3.25761445513   2.80705958222e-05  
    3.27064511496   2.54125474482e-05  
    3.28372756669   2.39047504073e-05  
    3.29686239202   2.55592452973e-05  
    3.31004988796   1.67397738408e-05  
    3.32329005515   1.58343490135e-05  
    3.33658319242   1.69203990676e-05  
    3.34992960313   1.04563126877e-05  
    3.36332928717   1.41931422229e-05  
    3.37678254987   1.44972294264e-05  
    3.39028970127   1.33354951355e-05  
    3.40385105624    9.1814481997e-06  
    3.41746629822    1.5926810775e-05  
    3.43113637807    1.0828169958e-05  
    3.44486065569   1.07017121446e-05  
    3.45864009442   5.38886181323e-06  
    3.47247469798   6.86244268265e-06  
    3.48636479597   7.75673141285e-06  
    3.50031005569   7.15542778586e-06  
    3.51431147419   1.07562828178e-05  
    3.52836871873   2.88172012354e-06  
    3.54248212415   5.58794892652e-06  
    3.55665203068   4.16754520167e-06  
    3.57087878411   1.17788806811e-06  
    3.58516203559   1.08720031259e-06  
    3.59950283138   6.97616980852e-06  
    3.61390082286   8.32088455474e-06  
    3.62835636186    2.7715079585e-06  
    3.64286980603   3.53176063497e-06  
    3.65744115459   5.72317489331e-06  
     3.6720711358   7.93253360615e-06  
    3.68675938494   1.37758948319e-05  
    3.70150626634   5.41646255481e-06  
    3.71631252674   5.12959830507e-06  
    3.73117779346   5.01652961423e-06  
    3.74610244067   6.71941987919e-06  
     3.7610868489   9.18889435529e-06  
    3.77613101678   5.32429022837e-06  
    3.79123572024   6.70625132663e-06  
    3.80640057035   5.74261135538e-06  
    3.82162635332   6.81540923176e-06  
     3.8369126718   9.40087623386e-06  
    3.85226032249   9.60027421114e-06  
    3.86766930695    9.5538498158e-06  
    3.88314003164   8.18821044131e-06  
    3.89867249609   1.26172428862e-05  
    3.91426752862   8.79729498889e-06  
    3.92992429535   7.38757030713e-06  
    3.94564404997   6.97953808302e-06  
    3.96142679819   7.22966784994e-06  
    3.97727253972   1.50602034905e-05  
    3.99318170256   1.04761726549e-05  
    4.00915428459   4.53209940467e-06  
    4.02519071885    1.3660583445e-05  
    4.04129144627   4.68865274699e-06  
     4.0574569158    1.6854411464e-05  
    4.07368668043   9.23088566217e-06  
    4.08998118387    4.8478240795e-06  
    4.10634133737   5.14791541567e-06  
    4.12276668611   8.64968515124e-06  
    4.13925768777   3.26023425712e-06  
     4.1558148085   1.83086088482e-05  
    4.17243804884   4.97426458869e-06  
    4.18912788102   1.00213452847e-05  
    4.20588430424   1.14845629281e-05  
    4.22270779694   4.89742926326e-06  
    4.23959884661   9.15624988565e-06  
    4.25655696277    5.9665926139e-06  
    4.27358312521                 0.0  
    4.29067733583   3.06370538672e-06  
    4.30784009553   6.42929363176e-06  
    4.32507140516   4.77916026529e-06  
    4.34237177264   1.32242513012e-06  
    4.35974119784    4.5526746552e-06  
    4.37718045687    1.8664495158e-06  
    4.39468902883   2.94390091359e-06  
    4.41226796031   5.53592586623e-06  
    4.42991698849   3.14561149177e-06  
    4.44763664356   1.41029774917e-06  
    4.46542719446   7.69410779826e-06  
    4.48328891197   4.95371248701e-06  
    4.50122206872                 0.0  
    4.51922693926   3.15007159159e-06  
    4.53730380009   3.31016676068e-06  
    4.55545292971   1.44687354071e-06  
    4.57367489354    2.8570853933e-06  
     4.5919694066   1.51809827092e-06  
    4.61033732575   1.48796544463e-06  
    4.62877865296   1.56250358281e-06  
     4.6472939715   3.39626968833e-06  
    4.66588298672   4.52778316238e-06  
    4.68454658297   3.26949796665e-06  
     4.7032847621   4.65435844544e-06  
     4.7220978225                 0.0  
    4.74098637113   4.92976770732e-06  
    4.75995010145                 0.0  
    4.77898993408                 0.0  
    4.79810587133   1.57211976173e-06  
    4.81729854038   1.84546022824e-06  
    4.83656762537   1.62217532085e-06  
     4.8559137564                 0.0  
    4.87533757653                 0.0  
    4.89483876301   1.81119414112e-06  
    4.91441829106                 0.0  
    4.93407583344    3.1622045102e-06  
     4.9538123818                 0.0  
    4.97362760448                 0.0  
    4.99352183074                 0.0  
    5.01349607765                 0.0  
    5.03355000696                 0.0  
    5.05368430539   4.79072470484e-06  
    5.07389897276                 0.0  
    5.09419470807                 0.0  
    5.11457151245   4.88611485097e-06  
     5.1350297384   1.54784091217e-06  
    5.15556974197   1.65783333495e-06  
    5.17619188281   3.18240151774e-06  
    5.19689689217   1.76630081309e-06  
    5.21768440439                 0.0  
    5.23855515541   4.92382144794e-06  
    5.25950952014   1.85019342591e-06  
    5.28054749769   1.95708251199e-06  
    5.30166946194   3.08408950183e-06  
    5.32287617669   7.02662674212e-06  
     5.3441676442   6.88117802272e-06  
    5.36554464285                 0.0  
    5.38700678205   1.71169969524e-06  
    5.40855484569   1.80407279262e-06  
    5.43018883146                 0.0  
     5.4519095384                 0.0  
    5.47371737491   6.81520173114e-06  
    5.49561234274   3.77783682231e-06  
    5.51759443527   5.95358481603e-06  
    5.53966489128   3.54538763573e-06  
    5.56182371703   8.85550446348e-06  
    5.58407091037   7.11787564219e-06  
    5.60640731682    5.8363229888e-06  
    5.62883293749   7.79294309128e-06  
    5.65134819992   6.88712305285e-06  
    5.67395353681   7.74054632256e-06  
    5.69664938618   9.22341021321e-06  
    5.71943619141   1.30561458889e-05  
    5.74231350316   1.31193244037e-05  
     5.7652831125   1.85991587067e-05  
    5.78834412131   9.66313936688e-06  
    5.81149743365   2.08318564475e-05  
    5.83474351021   2.37238856405e-05  
    5.85808235018   1.92425177843e-05  
    5.88151488606   2.36502617792e-05  
    5.90504064664   1.44012551917e-05  
    5.92866105146   2.64771965126e-05  
    5.95237562645   4.66939828631e-05  
    5.97618533246   3.43066415201e-05  
    6.00008968111   4.14063891317e-05  
    6.02409013633   3.29327538355e-05  
     6.0481867053   5.46524764063e-05  
    6.07237938609   3.94026181139e-05  
     6.0966686737   4.99607571759e-05  
    6.12105558018   4.04046272811e-05  
    6.14553959755   5.50593644873e-05  
    6.17012174768   4.79265280336e-05  
    6.19480255328   4.86961487993e-05  
    6.21958149061    4.6993024234e-05  
    6.24446013397   4.95668375892e-05  
    6.26943795744   4.54169772917e-05  
    6.29451548781   7.16469710163e-05  
    6.31969380334   7.94175450329e-05  
    6.34497236227   8.13202114049e-05  
    6.37035225392   8.24698178948e-05  
    6.39583347869    7.7808353286e-05  
    6.42141715049   9.18442425864e-05  
    6.44710271082   8.38473544387e-05  
    6.47289128537   0.000106416876739  
    6.49878287572   8.99609508844e-05  
    6.52477805342   7.97608980885e-05  
      6.550876814   9.52543917022e-05  
    6.57708032125   6.41458518611e-05  
    6.60338857865   5.92381760848e-05  
    6.62980217829   6.93435910908e-05  
     6.6563217212   6.02996928005e-05  
    6.68294660092   5.24757735606e-05  
    6.70967863407   6.78392409602e-05  
    6.73651721316   4.54106989987e-05  
    6.76346356996   5.64943307613e-05  
    6.79051708144   7.61191930586e-05  
    6.81767899338   5.81811340721e-05  
    6.84494994327   4.78778054015e-05  
    6.87232993526   4.49000927776e-05  
    6.89981896307   5.54053299085e-05  
    6.92741831705   4.55131728854e-05  
    6.95512800081    3.4822798347e-05  
    6.98294867158   4.19176419493e-05  
    7.01088032757   5.05482351614e-05  
     7.0389236311    2.6198425572e-05  
    7.06707925516   2.63203694878e-05  
    7.09534788362   2.86865748946e-05  
    7.12372952024   1.11315838597e-05  
    7.15222415796   1.53159685486e-05  
    7.18083318331   1.10977060846e-05  
    7.20955660066   1.60079871384e-05  
    7.23839440342   1.55447044153e-05  
    7.26734801256   5.99554744538e-06  
     7.2964174335   8.03821017035e-06  
    7.32560339154   2.27445470696e-06  
     7.3549058873    1.1536148033e-05  
    7.38432565288   5.11063630574e-06  
    7.41386268406   7.82878682889e-06  
    7.44351771988   7.69016916108e-06  
    7.47329227265   4.95667659185e-06  
    7.50318559143   8.28388041798e-06  
    7.53319843542      1.19004527e-05  
    7.56333079768                 0.0  
    7.59358423039   5.54449650261e-06  
    7.62395874079   7.87583392354e-06  
    7.65445432458   8.92814406877e-06  
    7.68507177011   9.71752511857e-06  
    7.71581269039   1.12461053382e-05  
    7.74667546895   5.87566992973e-06  
    7.77766254505   8.36291699706e-06  
    7.80877310258    1.0188193878e-05  
    7.84000796151   1.16910044526e-05  
    7.87136795637                 0.0  
    7.90285393657   5.76242027724e-06  
    7.93446505168   9.35577076619e-06  
    7.96620300486   1.01485049473e-05  
    7.99806779953    6.3132819908e-06  
    8.03006030517   9.47447405312e-06  
     8.0621805217   5.27539096071e-06  
    8.09442932911                 0.0  
    8.12680672387    8.1556031407e-06  
    8.15931359673   3.35247382414e-06  
    8.19195085476   2.57055324635e-06  
    8.22471942171   1.08648980571e-05  
    8.25761745204   5.60052213528e-06  
    8.29064864545   5.76238665591e-06  
    8.32381114603   5.13946916431e-06  
    8.35710587897   9.61755539532e-06  
    8.39053474565   2.79821131758e-06  
    8.42409679606   8.07061551636e-06  
    8.45779298527   6.27049960477e-06  
    8.49162428634   7.22365041927e-06  
    8.52559070065   1.16595996576e-05  
    8.55969321454   6.36114532945e-06  
    8.59393182709   5.36996539223e-06  
    8.62830753824    8.0477089026e-06  
    8.66282136702   1.01736975414e-05  
    8.69747229125   9.20651125364e-06  
    8.73226235834   3.58084421474e-06  
    8.76719105115   3.30156519784e-06  
    8.80225993308                 0.0  
    8.83746900884   1.47100241044e-05  
    8.87281880584   8.76402522667e-06  
    8.90830985498   2.98750905865e-06  
    8.94394323548   6.22111469191e-06  
    8.97971894935   2.92279937544e-06  
      9.015638092   5.77030019296e-06  
    9.05170066437   1.77819214129e-05  
    9.08790721605   9.17423318759e-06  
    9.12425886751   1.82289112226e-05  
    9.16075618987   1.27635086629e-05  
     9.1973991825   1.81525848313e-05  
    9.23418841136   2.76068343883e-05  
    9.27112561745   1.53164826236e-05  
    9.30820963329   2.78864359068e-05  
    9.34544280832    4.4365730741e-05  
    9.38282455567    7.4856065305e-05  
    9.42035546382   6.09435941913e-05  
    9.45803734441   7.00117729504e-05  
    9.49586959654   7.47549162793e-05  
    9.53385282337   8.61262200778e-05  
    9.57198825704   0.000101982748554  
    9.61027589683    9.9184074664e-05  
    9.64871699537   0.000106459229225  
    9.68731219181   9.47573844784e-05  
    9.72606148678   7.93320982424e-05  
     9.7649655154   0.000107937447036  
    9.80402557306   8.40766043668e-05  
    9.84324166221    0.00010247408476  
    9.88261443541   0.000133740056764  
    9.92214522171   9.53350565792e-05  
    9.96183335024   0.000164887061598  
    10.0016808383   0.000172572420688  
     10.041687693   0.000189423956213  
    10.0818545982   0.000229064919919  
    10.1221815468   0.000226875442761  
    10.1626706261   0.000223043061248  
    10.2033211391    0.00022649943657  
    10.2441344948    0.00311114839617  
