      wave_micron            flux_mjy  
  0.0154221819325                 0.0  
  0.0154783455809                 0.0  
   0.015540258413                 0.0  
  0.0156024189732                 0.0  
  0.0156648289627                 0.0  
  0.0157274883885                 0.0  
  0.0157903989725                 0.0  
   0.015853560715                 0.0  
  0.0159169753591                 0.0  
  0.0159806428986                 0.0  
  0.0160445650983                 0.0  
  0.0161087437552                 0.0  
  0.0161731788756                 0.0  
   0.016237870441                 0.0  
  0.0163028221147                 0.0  
  0.0163680339168                 0.0  
  0.0164335058424                 0.0  
  0.0164992397599                 0.0  
  0.0165652375728                 0.0  
  0.0166314973626                 0.0  
   0.016698022957                 0.0  
  0.0167648163217                 0.0  
  0.0168318755082                 0.0  
  0.0168992024628                 0.0  
  0.0169667991687                 0.0  
  0.0170346676472                 0.0  
  0.0171028048591                 0.0  
  0.0171712168936                 0.0  
  0.0172399017199                 0.0  
  0.0173088613934                 0.0  
  0.0173780969564                 0.0  
  0.0174476083969                 0.0  
  0.0175173988859                 0.0  
  0.0175874684342                 0.0  
  0.0176578192002                 0.0  
  0.0177284500972                 0.0  
  0.0177993632902                 0.0  
  0.0178705609874                 0.0  
  0.0179420431955                 0.0  
  0.0180138121572                 0.0  
  0.0180858667379                 0.0  
  0.0181582103376                 0.0  
   0.018230842962                 0.0  
  0.0183037669249                 0.0  
  0.0183769822319                 0.0  
  0.0184504900473                 0.0  
  0.0185242915451                 0.0  
  0.0185983891149                 0.0  
  0.0186727827634                 0.0  
  0.0187474736943                 0.0  
  0.0188224631215                 0.0  
  0.0188977535148                 0.0  
  0.0189733436286                 0.0  
  0.0190492372098                 0.0  
  0.0191254342705                 0.0  
  0.0192019360793                 0.0  
  0.0192787439165                 0.0  
  0.0193558590743                 0.0  
  0.0194332828569                 0.0  
  0.0195110152532                 0.0  
  0.0195890602365                 0.0  
  0.0196674164828                 0.0  
  0.0197460853146                 0.0  
  0.0198250694374                 0.0  
  0.0199043702325                 0.0  
  0.0199839877024                 0.0  
  0.0200639232226                 0.0  
  0.0201441795976                 0.0  
  0.0202247554125                 0.0  
  0.0203056549267                 0.0  
  0.0203868781584                 0.0  
  0.0204684250949                 0.0  
  0.0205502986369                 0.0  
  0.0206325002631                 0.0  
  0.0207150299721                 0.0  
  0.0207978907469                 0.0  
  0.0208810810743                 0.0  
  0.0209646054901                 0.0  
  0.0210484640106                 0.0  
  0.0211326581768                 0.0  
  0.0212171895475                 0.0  
  0.0213020581165                 0.0  
  0.0213872654403                 0.0  
  0.0214728147007                 0.0  
  0.0215587059078                 0.0  
  0.0216449406729                 0.0  
  0.0217315206258                 0.0  
  0.0218184474159                 0.0  
  0.0219057210389                 0.0  
  0.0219933431436                 0.0  
  0.0220813170987                 0.0  
  0.0221696429202                 0.0  
  0.0222583205902                 0.0  
  0.0223473535396                 0.0  
  0.0224367435202                 0.0  
  0.0225264905366                 0.0  
  0.0226165963424                 0.0  
  0.0227070627134                 0.0  
   0.022797891448                 0.0  
  0.0228890825408                 0.0  
  0.0229806396339                 0.0  
  0.0230725608835                 0.0  
  0.0231648518352                 0.0  
  0.0232575106339                 0.0  
  0.0233505410324                 0.0  
  0.0234439430362                 0.0  
  0.0235377185467                 0.0  
  0.0236318694907                 0.0  
  0.0237263978211                 0.0  
  0.0238213035385                 0.0  
  0.0239165886016                 0.0  
  0.0240122549961                 0.0  
  0.0241083027081                 0.0  
  0.0242047378153                 0.0  
  0.0243015562579                 0.0  
  0.0243987621108                 0.0  
   0.024496357451                 0.0  
  0.0245943422758                 0.0  
  0.0246927207968                 0.0  
  0.0247914908945                 0.0  
  0.0248906568236                 0.0  
  0.0249902185834                 0.0  
  0.0250901805246                 0.0  
  0.0251905404622                 0.0  
  0.0252913027928                 0.0  
  0.0253924675203                 0.0  
   0.025494039142                 0.0  
  0.0255960154078                 0.0  
  0.0256983985612                 0.0  
  0.0258011932004                 0.0  
  0.0259043970131                 0.0  
  0.0260080146481                 0.0  
    0.02611204611                 0.0  
  0.0262164937597                 0.0  
  0.0263213599946                 0.0  
  0.0264266472488                 0.0  
  0.0265323530848                 0.0  
   0.026638482369                 0.0  
  0.0267450350961                 0.0  
  0.0268520162481                 0.0  
  0.0269594233237                 0.0  
   0.027067261363                 0.0  
  0.0271755303777                 0.0  
  0.0272842329335                 0.0  
  0.0273933690209                 0.0  
   0.027502943863                 0.0  
  0.0276129548334                 0.0  
  0.0277234072187                 0.0  
  0.0278343010305                 0.0  
  0.0279456389615                 0.0  
  0.0280574210034                 0.0  
  0.0281696498716                 0.0  
  0.0282823283267                 0.0  
  0.0283954591745                 0.0  
  0.0285090395999                 0.0  
  0.0286230752233                 0.0  
  0.0287375689239                 0.0  
  0.0288525178234                 0.0  
  0.0289679276849                 0.0  
  0.0290838014637                 0.0  
  0.0292001362195                 0.0  
  0.0293169348659                 0.0  
  0.0294342033877                 0.0  
  0.0295519418269                 0.0  
  0.0296701471117                 0.0  
  0.0297888284028                 0.0  
  0.0299079857543                 0.0  
  0.0300276160314                 0.0  
  0.0301477254602                 0.0  
  0.0302683172275                 0.0  
  0.0303893913559                 0.0  
  0.0305109478221                 0.0  
  0.0306329930995                 0.0  
  0.0307555239287                 0.0  
  0.0308785468721                 0.0  
  0.0310020619542                 0.0  
  0.0311260691522                 0.0  
  0.0312505718008                 0.0  
  0.0313755767274                 0.0  
  0.0315010770906                 0.0  
  0.0316270832193                 0.0  
  0.0317535916642                 0.0  
  0.0318806059038                 0.0  
  0.0320081259079                 0.0  
  0.0321361587989                 0.0  
  0.0322647046199                 0.0  
  0.0323937633655                 0.0  
  0.0325233386688                 0.0  
  0.0326534305126                 0.0  
   0.032784046325                 0.0  
  0.0329151823899                 0.0  
  0.0330468424368                 0.0  
  0.0331790302653                 0.0  
  0.0333117458776                 0.0  
  0.0334449931253                 0.0  
  0.0335787720014                 0.0  
  0.0337130864104                 0.0  
  0.0338479403317                 0.0  
  0.0339833297668                 0.0  
   0.034119266773                 0.0  
    0.03425574124                 0.0  
  0.0343927653635                 0.0  
  0.0345303371289                 0.0  
  0.0346684564989                 0.0  
  0.0348071318312                 0.0  
  0.0349463589249                 0.0  
  0.0350861462674                 0.0  
  0.0352264895855                 0.0  
  0.0353673953179                 0.0  
  0.0355088656611                 0.0  
  0.0356509006117                 0.0  
   0.035793504579                 0.0  
  0.0359366775568                 0.0  
  0.0360804262925                 0.0  
  0.0362247462568                 0.0  
  0.0363696465556                 0.0  
  0.0365151249103                 0.0  
  0.0366611859421                 0.0  
  0.0368078296413                 0.0  
  0.0369550607037                 0.0  
  0.0371028815203                 0.0  
  0.0372512920825                 0.0  
  0.0374002972022                 0.0  
  0.0375498993313                 0.0  
  0.0377000984646                 0.0  
  0.0378508995351                 0.0  
  0.0380023025414                 0.0  
  0.0381543124999                 0.0  
  0.0383069294135                 0.0  
  0.0384601558058                 0.0  
  0.0386139968225                 0.0  
  0.0387684524758                 0.0  
   0.038923528001                 0.0  
  0.0390792207552                 0.0  
  0.0392355386861                 0.0  
  0.0393924818217                 0.0  
  0.0395500501301                 0.0  
  0.0397082517653                 0.0  
  0.0398670839996                 0.0  
  0.0400265523356                 0.0  
   0.040186659577                 0.0  
  0.0403474057178                 0.0  
  0.0405087935511                 0.0  
  0.0406708287828                 0.0  
  0.0408335143331                 0.0  
  0.0409968472931                 0.0  
  0.0411608334584                 0.0  
  0.0413254787495                 0.0  
  0.0414907802101                 0.0  
   0.041656743801                 0.0  
  0.0418233695127                 0.0  
  0.0419906634194                 0.0  
  0.0421586255298                 0.0  
   0.042327258912                 0.0  
  0.0424965698167                 0.0  
  0.0426665551097                 0.0  
  0.0428372210879                 0.0  
  0.0430085709616                 0.0  
  0.0431806047274                 0.0  
  0.0433533288696                 0.0  
  0.0435267401058                 0.0  
  0.0437008482999                 0.0  
   0.043875650142                 0.0  
  0.0440511522978                 0.0  
  0.0442273581705                 0.0  
  0.0444042677676                 0.0  
  0.0445818844935                 0.0  
  0.0447602117949                 0.0  
  0.0449392531611                 0.0  
  0.0451190085759                 0.0  
  0.0452994851091                 0.0  
  0.0454806827765                 0.0  
  0.0456626087953                 0.0  
  0.0458452558873                 0.0  
  0.0460286386326                 0.0  
  0.0462127533948                 0.0  
  0.0463976038551                 0.0  
   0.046583193743                 0.0  
   0.046769526837                 0.0  
   0.046956606966                 0.0  
  0.0471444302599                 0.0  
  0.0473330082767                 0.0  
  0.0475223410627                 0.0  
  0.0477124325616                 0.0  
  0.0479032787694                 0.0  
  0.0480948956441                 0.0  
  0.0482872751942                 0.0  
  0.0484804213891                 0.0  
  0.0486743423835                 0.0  
  0.0488690423574                 0.0  
  0.0490645171557                 0.0  
  0.0492607751063                 0.0  
  0.0494578204664                 0.0  
  0.0496556489567                 0.0  
   0.049854273417                 0.0  
  0.0500536895535                 0.0  
  0.0502539060659                 0.0  
  0.0504549185427                 0.0  
  0.0506567402489                 0.0  
  0.0508593667607                 0.0  
  0.0510628025253                 0.0  
  0.0512670566381                 0.0  
  0.0514721245518                 0.0  
  0.0516780108055                 0.0  
  0.0518847246999                 0.0  
   0.052092261563                 0.0  
  0.0523006307993                 0.0  
  0.0525098324223                 0.0  
  0.0527198760571                 0.0  
  0.0529307520196                 0.0  
  0.0531424748511                 0.0  
  0.0533550445924                 0.0  
  0.0535684662058                 0.0  
  0.0537827396889                 0.0  
  0.0539978700401                 0.0  
  0.0542138623369                 0.0  
  0.0544307165721                 0.0  
  0.0546484430685                 0.0  
  0.0548670366526                 0.0  
  0.0550865024807                 0.0  
  0.0553068511252                 0.0  
  0.0555280772875                 0.0  
  0.0557501916691                 0.0  
  0.0559731888451                 0.0  
  0.0561970851542                 0.0  
  0.0564218696252                 0.0  
    0.05664755882                 0.0  
  0.0568741471904                 0.0  
   0.057101645976                 0.0  
  0.0573300495008                 0.0  
  0.0575593691465                 0.0  
  0.0577896107521                 0.0  
   0.058020768517                 0.0  
   0.058252848197                 0.0  
  0.0584858616093                 0.0  
  0.0587198028284                 0.0  
  0.0589546838262                 0.0  
  0.0591905046543                 0.0  
  0.0594272652747                 0.0  
  0.0596649717642                 0.0  
  0.0599036365615                 0.0  
  0.0601432471883                 0.0  
  0.0603838224564                 0.0  
  0.0606253560613                 0.0  
  0.0608678607795                 0.0  
  0.0611113301733                 0.0  
  0.0613557771937                 0.0  
  0.0616012018839                 0.0  
  0.0618476041939                 0.0  
  0.0620949907005                 0.0  
  0.0623433748748                 0.0  
  0.0625927500343                 0.0  
  0.0628431160694                 0.0  
  0.0630944935939                 0.0  
  0.0633468688088                 0.0  
  0.0636002555816                 0.0  
  0.0638546539134                 0.0  
   0.064110078039                 0.0  
  0.0643665136604                 0.0  
  0.0646239823258                 0.0  
  0.0648824768223                 0.0  
  0.0651420117993                 0.0  
  0.0654025799059                 0.0  
  0.0656641884884                 0.0  
  0.0659268450311                 0.0  
  0.0661905495202                 0.0  
  0.0664553095403                 0.0  
  0.0667211328193                 0.0  
  0.0669880194077                 0.0  
  0.0672559692546                 0.0  
   0.067524998104                 0.0  
  0.0677950980645                 0.0  
  0.0680662770408                 0.0  
  0.0683385430896                 0.0  
  0.0686118962156                 0.0  
   0.068886340455                 0.0  
   0.069161888209                 0.0  
  0.0694385353599                 0.0  
   0.069716290261                 0.0  
  0.0699951528868                 0.0  
  0.0702751360196                 0.0  
   0.070556235388                 0.0  
  0.0708384595976                 0.0  
  0.0711218130144                 0.0  
  0.0714063000362                 0.0  
  0.0716919250936                 0.0  
    0.07197869265                 0.0  
  0.0722666072029                 0.0  
  0.0725556732844                 0.0  
  0.0728459000873                 0.0  
  0.0731372830003                 0.0  
  0.0734298312522                 0.0  
  0.0737235495201                 0.0  
  0.0740184425194                 0.0  
  0.0743145198186                 0.0  
  0.0746117766219                 0.0  
  0.0749102225396                 0.0  
  0.0752098624475                 0.0  
  0.0755107012636                 0.0  
  0.0758127489591                 0.0  
  0.0761159955082                 0.0  
  0.0764204609911                 0.0  
  0.0767261454929                 0.0  
  0.0770330489826                 0.0  
  0.0773411817395                 0.0  
  0.0776505437441                 0.0  
  0.0779611454547                 0.0  
  0.0782729922069                 0.0  
  0.0785860840041                 0.0  
  0.0789004261565                 0.0  
  0.0792160294956                 0.0  
   0.079532894053                 0.0  
   0.079851025297                 0.0  
  0.0801704287509                 0.0  
  0.0804911099934                 0.0  
  0.0808130746602                 0.0  
  0.0811363284449                 0.0  
  0.0814608713158                 0.0  
  0.0817867147778                 0.0  
  0.0821138647046                 0.0  
  0.0824423211076                 0.0  
  0.0827720898447                 0.0  
   0.083103176837                 0.0  
  0.0834355880695                 0.0  
  0.0837693295932                 0.0  
  0.0841044075257                 0.0  
  0.0844408280531                 0.0  
  0.0847785911656                 0.0  
  0.0851177030393                 0.0  
  0.0854581762863                 0.0  
  0.0858000109601                 0.0  
  0.0861432069836                 0.0  
  0.0864877837083                 0.0  
   0.086833734686                 0.0  
   0.087181066378                 0.0  
  0.0875297920005                 0.0  
  0.0878799115976                 0.0  
  0.0882314318658                 0.0  
  0.0885843527423                 0.0  
  0.0889386947135                 0.0  
  0.0892944509877                 0.0  
  0.0896516284288                 0.0  
  0.0900102339858                 0.0  
  0.0903702746949                 0.0  
  0.0907317505044                 0.0  
  0.0910946829245                 0.0  
  0.0914590575601                 0.0  
  0.0918248961623                 0.0  
  0.0921921988168                 0.0  
  0.0925609654697                 0.0  
  0.0929312109813                 0.0  
  0.0933029353717                 0.0  
  0.0936761461684                 0.0  
  0.0940508509988                 0.0  
  0.0944270498198                 0.0  
  0.0948047581127                 0.0  
  0.0951839838158                 0.0  
  0.0955647190532                 0.0  
  0.0959469715991                 0.0  
  0.0963307655121                 0.0  
  0.0967160847083                 0.0  
  0.0971029535334                 0.0  
  0.0974913638291                 0.0  
  0.0978813237277                 0.0  
  0.0982728498947                 0.0  
    0.09866594241                 0.0  
   0.099060609758                 0.0  
  0.0994568519222                 0.0  
  0.0998546774253                 0.0  
   0.100254094913                 0.0  
   0.100655113158                 0.0  
   0.101057732156                 0.0  
   0.101461960725                 0.0  
   0.101867807811                 0.0  
   0.102275282494                 0.0  
   0.102684384796                 0.0  
   0.103095123848                 0.0  
   0.103507499581                 0.0  
   0.103921530592                 0.0  
   0.104337216941                 0.0  
   0.104754568095                 0.0  
   0.105173584024                 0.0  
   0.105594283976                 0.0  
   0.106016658262                 0.0  
   0.106440726351                 0.0  
   0.106866488265                 0.0  
   0.107293953898                 0.0  
     0.1077231333                 0.0  
   0.108154016287                 0.0  
   0.108586633294                 0.0  
   0.109020984491                 0.0  
   0.109457069886                 0.0  
   0.109894899843                 0.0  
   0.110334474284                 0.0  
   0.110775814355                 0.0  
   0.111218920147                 0.0  
   0.111663791584                 0.0  
   0.112110450329                 0.0  
   0.112558885443                 0.0  
   0.113009129988                 0.0  
   0.113461161814                 0.0  
   0.113915003126                 0.0  
   0.114370665274                 0.0  
   0.114828148301                 0.0  
   0.115287463664                 0.0  
   0.115748611332                 0.0  
   0.116211602869                 0.0  
   0.116676450037                 0.0  
   0.117143152835                 0.0  
   0.117611735198                 0.0  
   0.118082173035                 0.0  
   0.118554502557                 0.0  
   0.119028723913                 0.0  
   0.119504837073                 0.0  
   0.119982854371                 0.0  
   0.120462788359                 0.0  
   0.120944639055                 0.0  
   0.121428419148                 0.0  
   0.121914128591                 0.0  
   0.122401793275                 0.0  
   0.122891400238                 0.0  
   0.123382962455                 0.0  
   0.123876493133                 0.0  
   0.124372005713                 0.0  
   0.124869486696                 0.0  
    0.12536896306                 0.0  
   0.125870448651                 0.0  
   0.126373929725                 0.0  
   0.126879419965                 0.0  
   0.127386933305                 0.0  
   0.127896483936                 0.0  
   0.128408071933                 0.0  
   0.128921697178                 0.0  
   0.129437388564                 0.0  
   0.129955146271                 0.0  
   0.130474955445                 0.0  
   0.130996860392                 0.0  
   0.131520846332                 0.0  
   0.132046928203                 0.0  
   0.132575121227                 0.0  
   0.133105425465                 0.0  
   0.133637840778                 0.0  
   0.134172398206                 0.0  
   0.134709082127                 0.0  
   0.135247924046                 0.0  
   0.135788908058                 0.0  
   0.136332066143                 0.0  
   0.136877390275                 0.0  
   0.137424904887                 0.0  
   0.137974601796                 0.0  
   0.138526497437                 0.0  
   0.139080608566                 0.0  
   0.139636926768                 0.0  
    0.14019547741                 0.0  
   0.140756260558                 0.0  
   0.141319284768                 0.0  
   0.141884558656                 0.0  
   0.142452099745                 0.0  
   0.143021908073                 0.0  
   0.143593992447                 0.0  
   0.144168370799                 0.0  
   0.144745043155                 0.0  
   0.145324027728                 0.0  
   0.145905324541                 0.0  
   0.146488942746                 0.0  
   0.147074900997                 0.0  
   0.147663199313                 0.0  
   0.148253847072                 0.0  
   0.148846863384                 0.0  
   0.149442258012                 0.0  
    0.15004002118                 0.0  
   0.150640182132                 0.0  
   0.151242740914                 0.0  
   0.151847717443                 0.0  
   0.152455101654                 0.0  
   0.153064923769                 0.0  
   0.153677183874                 0.0  
   0.154291892196                 0.0  
   0.154909059057                 0.0  
   0.155528694873                 0.0  
    0.15615081016                 0.0  
   0.156775415535                 0.0  
   0.157402521715                 0.0  
   0.158032128636                 0.0  
   0.158664257937                 0.0  
   0.159298909593                 0.0  
   0.159936105631                 0.0  
   0.160575857307                 0.0  
   0.161218153334                 0.0  
   0.161863027494                 0.0  
    0.16251047988                 0.0  
   0.163160521938                 0.0  
   0.163813165237                 0.0  
   0.164468421468                 0.0  
   0.165126290561                 0.0  
   0.165786796153                 0.0  
   0.166449938238                 0.0  
     0.1671157409                 0.0  
   0.167784204206                 0.0  
   0.168455340333                 0.0  
   0.169129161595                 0.0  
   0.169805680445                 0.0  
   0.170484909475                 0.0  
   0.171166848655                 0.0  
   0.171851510563                 0.0  
   0.172538920896                 0.0  
   0.173229066678                 0.0  
    0.17392198699                 0.0  
   0.174617682033                 0.0  
   0.175316151747                 0.0  
   0.176017409306                 0.0  
   0.176721481655                 0.0  
   0.177428368893                 0.0  
   0.178138084683                 0.0  
   0.178850628912                 0.0  
   0.179566043354                 0.0  
   0.180284300021                 0.0  
   0.181005441147                 0.0  
   0.181729466868                 0.0  
   0.182456377047                 0.0  
   0.183186200516                 0.0  
   0.183918952014                 0.0  
    0.18465461675                 0.0  
   0.185393239096                 0.0  
   0.186134819272                 0.0  
   0.186879357215                 0.0  
    0.18762686792                 0.0  
   0.188377382046                 0.0  
   0.189130884183                 0.0  
   0.189887405278                 0.0  
   0.190646961147                 0.0  
   0.191409551855                 0.0  
   0.192175193269                 0.0  
    0.19294388525                 0.0  
   0.193715660074                 0.0  
   0.194490534275                 0.0  
    0.19526849138                 0.0  
   0.196049564345                 0.0  
   0.196833753116                 0.0  
   0.197621091384                 0.0  
   0.198411579304                 0.0  
   0.199205234028                 0.0  
    0.20000205552                 0.0  
   0.200802061011                 0.0  
   0.201605267985                 0.0  
   0.202411694179                 0.0  
   0.203221339593                 0.0  
    0.20403422206                 0.0  
   0.204850359677                 0.0  
   0.205669752375                 0.0  
   0.206492436937                 0.0  
   0.207318413552                 0.0  
    0.20814768209                 0.0  
   0.208980261139                 0.0  
   0.209816188758                 0.0  
   0.210655445884                 0.0  
   0.211498071008                 0.0  
   0.212344064232                 0.0  
   0.213193445145                 0.0  
   0.214046213675                 0.0  
   0.214902409677                 0.0  
   0.215762013091                 0.0  
    0.21662506424                 0.0  
   0.217491563183                 0.0  
   0.218361530429                 0.0  
   0.219234965867                 0.0  
   0.220111911284                 0.0  
     0.2209923669                 0.0  
   0.221876332607                 0.0  
   0.222763829578                 0.0  
    0.22365490114                 0.0  
   0.224549503758                 0.0  
   0.225447702921                 0.0  
   0.226349498892                 0.0  
   0.227254891597                 0.0  
   0.228163925989                 0.0  
   0.229076579506                 0.0  
   0.229992874618                 0.0  
   0.230912857412                 0.0  
   0.231836504828                 0.0  
   0.232763839934                 0.0  
   0.233694909994                 0.0  
    0.23462969145                 0.0  
   0.235568207999                 0.0  
   0.236510483745                 0.0  
   0.237456518631                 0.0  
   0.238406337007                 0.0  
   0.239359963648                 0.0  
   0.240317398589                 0.0  
   0.241278666869                 0.0  
   0.242243793968                 0.0  
   0.243212780032                 0.0  
   0.244185624836                 0.0  
   0.245162353976                 0.0  
    0.24614301991                 0.0  
   0.247127569931                 0.0  
   0.248116083417                 0.0  
    0.24910856079                 0.0  
   0.250105002093                 0.0  
   0.251105406992                 0.0  
   0.252109830165                 0.0  
   0.253118271822                 0.0  
   0.254130759937                 0.0  
   0.255147266246                 0.0  
   0.256167846992                 0.0  
   0.257192531015                 0.0  
   0.258221289561                 0.0  
   0.259254180438                 0.0  
   0.260291203866                 0.0  
   0.261332359668                 0.0  
   0.262377707278                 0.0  
   0.263427216902                 0.0  
    0.26448091836                 0.0  
   0.265538842033                 0.0  
   0.266600987898                 0.0  
   0.267667386749                 0.0  
   0.268738069965                 0.0  
   0.269813006064                 0.0  
   0.270892258088                 0.0  
   0.271975826221                 0.0  
   0.273063742733                 0.0  
   0.274156007754                 0.0  
   0.275252620997                 0.0  
    0.27635363168                 0.0  
   0.277459056633                 0.0  
    0.27856887898                 0.0  
    0.27968316611                 0.0  
   0.280801901239                 0.0  
   0.281925101253                 0.0  
   0.283052800615                 0.0  
   0.284185016866                 0.0  
   0.285321749936                 0.0  
   0.286463035083                 0.0  
    0.28760889024                 0.0  
   0.288759333475                 0.0  
   0.289914364678                 0.0  
   0.291074020225                 0.0  
   0.292238318604                 0.0  
   0.293407278456                 0.0  
   0.294580899659                 0.0  
   0.295759219764                 0.0  
   0.296942257868                 0.0  
   0.298130033227                 0.0  
   0.299322545737                 0.0  
   0.300519834195                 0.0  
   0.301721918353                 0.0  
   0.302928798139                 0.0  
   0.304140513331                 0.0  
   0.305357084209                 0.0  
    0.30657851075                 0.0  
    0.30780483376                 0.0  
   0.309036053261                 0.0  
   0.310272189784                 0.0  
   0.311513285199                 0.0  
   0.312759339614                 0.0  
   0.314010374147                 0.0  
   0.315266410121                 0.0  
   0.316527469063                 0.0  
   0.317793594723                 0.0  
   0.319064765213                 0.0  
   0.320341024541                 0.0  
   0.321622395105                 0.0  
    0.32290887681                 0.0  
   0.324200514872                 0.0  
   0.325497309296                 0.0  
   0.326799306137                 0.0  
   0.328106505512                 0.0  
   0.329418930686                 0.0  
   0.330736605174                 0.0  
   0.332059552743                 0.0  
   0.333387773198                 0.0  
   0.334721339076                 0.0  
   0.336060226296                 0.0  
   0.337404459096                 0.0  
   0.338754086995                 0.0  
   0.340109084964                 0.0  
   0.341469528289                 0.0  
   0.342835417322                 0.0  
   0.344206751893                 0.0  
    0.34558358336                 0.0  
   0.346965911735                 0.0  
   0.348353789395                 0.0  
   0.349747189896                 0.0  
   0.351146192895                 0.0  
   0.352550771731                 0.0  
   0.353960980257                 0.0  
   0.355376818476                 0.0  
   0.356798313591                 0.0  
   0.358225521107                 0.0  
   0.359658413196                 0.0  
    0.36109704583                 0.0  
   0.362541447593                 0.0  
   0.363991589687                 0.0  
   0.365447558249                 0.0  
   0.366909353625                 0.0  
   0.368377005178                 0.0  
   0.369850512842                 0.0  
   0.371329906034                 0.0  
   0.372815214556                 0.0  
   0.374306499135                 0.0  
   0.375803698768                 0.0  
   0.377306936059                 0.0  
    0.37881614935                 0.0  
   0.380331432033                 0.0  
   0.381852752824                 0.0  
   0.383380142906                 0.0  
    0.38491366618                 0.0  
   0.386453322919                 0.0  
   0.387999145622                 0.0  
   0.389551134167                 0.0  
   0.391109354508                 0.0  
   0.392673773317                 0.0  
   0.394244491082                 0.0  
   0.395821440208                 0.0  
   0.397404756821                 0.0  
   0.398994372669                 0.0  
   0.400590356569                 0.0  
   0.402192708445   3.81774441835e-07  
    0.40380146314                 0.0  
   0.405416691825   4.31946833158e-07  
   0.407038359024                 0.0  
    0.40866650028                 0.0  
   0.410301151665                 0.0  
   0.411942349788                 0.0  
   0.413590131812                 0.0  
   0.415244497878                 0.0  
   0.416905485377                 0.0  
   0.418573094084                 0.0  
   0.420247400108                 0.0  
   0.421928364977                 0.0  
   0.423616104768   1.30467997691e-06  
   0.425310541546                 0.0  
   0.427011792894                 0.0  
   0.428719859375                 0.0  
   0.430434740904                 0.0  
   0.432156477435                 0.0  
   0.433885109556    6.7149639739e-07  
   0.435620637143                 0.0  
    0.43736310109   1.17571264042e-06  
   0.439112584969                 0.0  
   0.440869004932                 0.0  
   0.442632487246                 0.0  
   0.444403032456   5.55148661579e-07  
   0.446180640438                 0.0  
   0.447965354113   4.24192587271e-07  
   0.449757217111                 0.0  
   0.451556229337   9.42159031824e-07  
   0.453362479596   5.56822267092e-07  
   0.455175923398   4.76998470891e-07  
   0.456996605151   1.10878978867e-06  
   0.458824615881   6.38852990565e-07  
   0.460659910107    2.1941407454e-06  
   0.462502533404   1.11594812461e-06  
   0.464352579108   6.38314874542e-07  
    0.46620995338                 0.0  
   0.468074797379                 0.0  
   0.469947111716   3.56803095927e-06  
   0.471826896298   1.65804824199e-06  
   0.473714199207   1.14965516677e-06  
   0.475609069359                 0.0  
   0.477511506824                 0.0  
   0.479421561033   1.15203918188e-06  
   0.481339231788    1.2794188568e-06  
   0.483264569046   3.00335863715e-06  
   0.485197623643   2.65695145023e-06  
    0.48713844731   5.12941110438e-07  
    0.48908698843   1.20035970963e-06  
    0.49104335062   1.45509228548e-06  
   0.493007534152   4.00995133301e-06  
   0.494979538549                 0.0  
   0.496959470212   1.90620243695e-06  
   0.498947275454   4.08181273803e-06  
    0.50094306216   1.89443278961e-06  
   0.502946885801   2.06927525807e-06  
   0.504958636151   2.15357139779e-06  
   0.506978478729   3.57052035969e-06  
    0.50900641424   4.74382483621e-06  
   0.511042442618   1.80876072021e-06  
   0.513086620388   5.79055599552e-07  
   0.515138947285   3.23060855384e-06  
   0.517199480546   1.28715635614e-06  
   0.519268278468   3.04156064783e-06  
   0.521345341199   3.49936830469e-06  
   0.523430727797   5.15702674704e-06  
   0.525524498426   2.14486516922e-06  
   0.527626593036   7.00590468814e-06  
   0.529737071145   5.92538274081e-06  
   0.531855993396   6.59704531159e-06  
   0.533983421578   2.99880616135e-06  
   0.536119356013   4.70912791971e-06  
   0.538263859347   3.00655595853e-06  
   0.540416931774   9.10149694859e-06  
   0.542578572662   4.09930132166e-06  
   0.544748909884   5.31994589513e-06  
   0.546927879032   5.48095781141e-06  
   0.549115609922    4.7861352268e-06  
   0.551312070118   5.76304123304e-06  
   0.553517325448   4.09888538714e-06  
   0.555731375711    4.9546785846e-06  
   0.557954321622   7.23716437802e-06  
   0.560186129508   3.25335115287e-06  
    0.56242686716   8.06149944013e-06  
   0.564676568953   1.19114446338e-05  
   0.566935269508   9.94931402157e-06  
   0.569203038998   8.16000141628e-06  
   0.571479842222   7.14025525958e-06  
   0.573765749586   7.97303982113e-06  
   0.576060832897   4.67259083729e-06  
   0.578365056043   5.30965918594e-06  
   0.580678527832   9.89342564551e-06  
   0.583001248583   2.84524961567e-06  
   0.585333255065   5.31895216519e-06  
   0.587674584337   7.89443429721e-06  
   0.590025273757   3.53437336574e-06  
   0.592385360989    5.8669481878e-06  
    0.59475492255   4.60274749126e-06  
    0.59713391995   9.39186771642e-06  
   0.599522469205   8.88320299761e-06  
   0.601920570721   3.78603498837e-06  
   0.604328223989   6.71342810153e-06  
   0.606745547913    1.0719785609e-05  
   0.609172542992   5.90543539728e-06  
   0.611609208806     9.621845197e-06  
   0.614055667248    9.8732764828e-06  
   0.616511877542   8.30203680928e-06  
   0.618977921892   1.07258500645e-05  
    0.62145384213   7.99390908644e-06  
   0.623939680483   6.01072191192e-06  
    0.62643543682   9.36914381005e-06  
   0.628941153152    7.4959339824e-06  
   0.631456915341   8.70754313558e-06  
   0.633982767257   5.51926831571e-06  
   0.636518664907    1.7114896779e-05  
   0.639064739921   1.02381796886e-05  
   0.641621037484   2.03766247645e-05  
   0.644187512807   1.03549842649e-05  
   0.646764255413   1.03849363283e-05  
   0.649351310787   1.35704517313e-05  
   0.651948724887   1.25987514652e-05  
   0.654556497467   1.52023538156e-05  
   0.657174721394    1.6633592066e-05  
   0.659803444093   5.32655177107e-06  
    0.66244266568   7.43538324167e-06  
   0.665092433462   1.35522387007e-05  
   0.667752795259   1.17169194425e-05  
   0.670423799416   9.84044211147e-06  
    0.67310549481   9.92280828374e-06  
   0.675797930866   2.05536004829e-05  
   0.678501107401   2.01787489167e-05  
   0.681215124321   1.70669320915e-05  
   0.683939981772    8.5921135051e-06  
   0.686675730236   2.09051102568e-05  
   0.689422420776   2.17152992578e-05  
   0.692180105052   2.30704577868e-05  
   0.694948835326   2.41340657994e-05  
   0.697728664482   2.07868503489e-05  
   0.700519539089   1.25217417487e-05  
   0.703321618534   2.01876256381e-05  
   0.706134903276   2.34629223596e-05  
   0.708959447472   2.04004130823e-05  
   0.711795305937   2.20078668924e-05  
   0.714642478514   2.05931942678e-05  
   0.717501076141   1.00474962188e-05  
   0.720371042598   3.19103319606e-05  
   0.723252546752   2.37283622262e-05  
   0.726145531988    2.6227061255e-05  
   0.729050112501   3.16932885321e-05  
   0.731966346677   3.12063740437e-05  
   0.734894175957   1.79198910901e-05  
   0.737833776058    1.6029749128e-05  
   0.740785088054   2.75669937576e-05  
   0.743748230808   2.94499352601e-05  
   0.746723265124   2.61088475907e-05  
   0.749710130124   1.90804871842e-05  
   0.752708947032   3.24223743328e-05  
   0.755719839845   2.91844883803e-05  
   0.758742684465   3.69630190537e-05  
   0.761777667799   2.72404776582e-05  
   0.764824790406   4.25712290969e-05  
   0.767884051683   3.37516352143e-05  
   0.770955579374     4.829560312e-05  
   0.774039438886   3.43598835637e-05  
   0.777135564917   3.52147334087e-05  
    0.78024415422   4.15188798033e-05  
   0.783365074359   3.47722205623e-05  
   0.786498591855   4.34260145113e-05  
   0.789644572959   4.13301894659e-05  
   0.792803152342   4.46831879781e-05  
   0.795974329745   4.46948095415e-05  
   0.799158242868   4.75177972497e-05  
   0.802354892328   4.58906667829e-05  
   0.805564277528   3.86530434754e-05  
   0.808786539182   4.50245901251e-05  
    0.81202167761   6.04555813736e-05  
    0.81526976432   4.49828579814e-05  
   0.818530871882   6.23069100405e-05  
   0.821805000353   4.21050981807e-05  
   0.825092222719   3.83690772946e-05  
   0.828392613059   4.04246085921e-05  
   0.831706171199   4.52956518172e-05  
   0.835032971668   3.71167395501e-05  
   0.838373090129   4.92595227532e-05  
   0.841726603405   5.23532505766e-05  
   0.845093511678   5.04197321671e-05  
   0.848473892288   5.94206658393e-05  
   0.851867744698   4.61757643295e-05  
   0.855275226474   5.22874770868e-05  
   0.858696338263   3.93251456549e-05  
     0.8621311604   6.57197128514e-05  
   0.865579692848   6.10813076099e-05  
   0.869042016538    6.0032768321e-05  
   0.872518130734   6.81832025728e-05  
   0.876008200591   7.16219089072e-05  
   0.879512226677   6.67863080302e-05  
   0.883030293186   6.21959261557e-05  
   0.886562400028   6.43532974058e-05  
   0.890108632087   6.15655989674e-05  
   0.893669075629   6.61976786283e-05  
   0.897243818335   6.07758497421e-05  
   0.900832772471   4.53271419614e-05  
   0.904436113504   5.76054129865e-05  
   0.908053841492   5.70099116279e-05  
   0.911686045672   6.86745914078e-05  
    0.91533281677   9.09467816835e-05  
   0.918994155003   6.38892188324e-05  
   0.922670059186     6.434089703e-05  
   0.926360807225   6.37692502236e-05  
   0.930066213277   4.44877174543e-05  
   0.933786464124   7.59775864927e-05  
   0.937521655387   5.87931019065e-05  
   0.941271691238   6.71171691311e-05  
    0.94503676327   6.54253551782e-05  
   0.948816969728   7.77185995177e-05  
   0.952612212787   6.62582567624e-05  
   0.956422689039   5.22303738549e-05  
    0.96024839901   6.04665729368e-05  
   0.964089341764   4.24954218509e-05  
   0.967945719061   6.37551300828e-05  
   0.971817531867   4.15975002579e-05  
   0.975704779678   4.99227191449e-05  
   0.979607565052   5.38231280453e-05  
   0.983525992373   5.37599029305e-05  
    0.98746016788   4.17290090821e-05  
    0.99140998551   6.81617154425e-05  
   0.995375550182   6.63163577607e-05  
   0.999357077529     5.476355419e-05  
    1.00335456921   5.12329319928e-05  
     1.0073679148    4.0288189431e-05  
    1.01139744463   6.01946509318e-05  
    1.01544304873   7.53233701529e-05  
    1.01950483853   6.34305348032e-05  
    1.02358281331   6.49107541635e-05  
    1.02767708587   6.37383389102e-05  
    1.03178788711   5.25349397837e-05  
    1.03591498602   6.39494290411e-05  
    1.04005861403   4.93704451496e-05  
    1.04421888967   4.29113568763e-05  
     1.0483958139   5.83477333965e-05  
    1.05258938609   5.75963140988e-05  
    1.05679972569   4.84442974742e-05  
    1.06102695441   7.12976961938e-05  
    1.06527107257   4.81329752868e-05  
     1.0695320789   4.68794668611e-05  
    1.07381022173    6.2981638616e-05  
    1.07810550248   5.41962015573e-05  
    1.08241792093   6.24202906703e-05  
    1.08674760389   4.09777260753e-05  
    1.09109455089   5.84448354056e-05  
    1.09545895593   1.95264533641e-05  
    1.09984075394   3.58487345012e-05  
    1.10424014184   4.55993481815e-05  
    1.10865712028   6.02033494472e-05  
    1.11309168825   4.34366724909e-05  
    1.11754411518   3.42465701095e-05  
    1.12201426596   5.29510650833e-05  
    1.12650234506   5.10113964363e-05  
    1.13100835277   2.57063760074e-05  
    1.13553235792   6.17214641114e-05  
    1.14007450061   4.23702000161e-05  
    1.14463478098      4.84756027e-05  
    1.14921334131    3.4566552637e-05  
    1.15381018168   5.91210747732e-05  
    1.15842544658   3.74160664953e-05  
    1.16305913603   3.33208855345e-05  
    1.16771132256   3.85623299977e-05  
    1.17238222901    4.5056212617e-05  
     1.1770717062   2.87730181611e-05  
    1.18178005487    3.7255073462e-05  
    1.18650712344   5.70688351664e-05  
    1.19125314023   3.30053645039e-05  
    1.19601818322   5.95024266721e-05  
    1.20080225251   3.48420369529e-05  
    1.20560542555   5.52908141168e-05  
     1.2104278603   3.90506655944e-05  
    1.21526955699   6.68385801176e-05  
    1.22013067626   5.03437296079e-05  
    1.22501121851   5.42373319172e-05  
    1.22991126469    4.4175680852e-05  
    1.23483089651   4.37806271437e-05  
    1.23977019641   4.64714563489e-05  
    1.24472933202    4.3873773226e-05  
    1.24970821917   6.13893797636e-05  
    1.25470702642   3.29287938684e-05  
    1.25972583937   5.96952870928e-05  
    1.26476474446    4.2974808209e-05  
    1.26982382899   3.35789896784e-05  
    1.27490309256   5.10037913586e-05  
    1.28000271133   2.57720905914e-05  
    1.28512277523    4.9251922185e-05  
     1.2902632844   5.71183003887e-05  
    1.29542432843   6.50847242827e-05  
    1.30060599784   5.07177090341e-05  
    1.30580838408   6.35826504695e-05  
     1.3110316732    3.8366282578e-05  
    1.31627577206    5.3978972782e-05  
    1.32154086795   2.85033012387e-05  
    1.32682705626   5.63687130099e-05  
    1.33213433675   7.91904942143e-05  
    1.33746290205   6.84562110504e-05  
    1.34281275249   3.37165451466e-05  
    1.34818398535   7.14060058537e-05  
    1.35357669902   5.40087154917e-05  
    1.35899099299   5.27815368664e-05  
    1.36442696787   6.79421582105e-05  
    1.36988472544   6.03643139483e-05  
    1.37536426557   4.43974710094e-05  
    1.38086568994    5.0554650543e-05  
     1.3863892061   3.00686708987e-05  
    1.39193470951   4.26810251943e-05  
    1.39750240935   4.47019874897e-05  
    1.40309251941   6.10071098628e-05  
    1.40870482573   6.62795544749e-05  
    1.41433965025   4.51463544259e-05  
    1.41999699353   4.44218381336e-05  
    1.42567696474   4.28607352976e-05  
    1.43137967438   2.80441226986e-05  
    1.43710523432   5.14700902268e-05  
    1.44285364441   6.55015427061e-05  
    1.44862501663   3.89981069095e-05  
     1.4544195796   4.75414348583e-05  
    1.46023721857   7.24785551038e-05  
    1.46607816418   4.04812433969e-05  
    1.47194253421   4.07304741018e-05  
      1.477830329   6.51034104041e-05  
    1.48374154662   6.88224007705e-05  
    1.48967654556    5.9227111127e-05  
    1.49563532798   4.01204747541e-05  
    1.50161777091   4.88344523901e-05  
    1.50762424051    6.3048420912e-05  
    1.51365473797   7.44842673883e-05  
    1.51970938801   5.83630640143e-05  
    1.52578819019    3.6854900375e-05  
    1.53189139745   4.15542664344e-05  
    1.53801901079   5.08527054461e-05  
    1.54417102887   5.97150845453e-05  
    1.55034770985    6.0067975492e-05  
    1.55654905389   6.00660225111e-05  
    1.56277532485   4.43481000904e-05  
    1.56902639034   4.22721461864e-05  
    1.57530251691   6.13744748778e-05  
    1.58160370472   5.72680622517e-05  
    1.58793008889   6.62720160291e-05  
    1.59428180649   7.00659884767e-05  
    1.60065899655   5.62214999111e-05  
    1.60706165945   5.60415190477e-05  
    1.61348993491   5.60383225988e-05  
    1.61994382173   4.93921801676e-05  
    1.62642360449   5.51206384611e-05  
    1.63292928386   5.40854292092e-05  
    1.63946100449   5.50025355867e-05  
     1.6460189132   6.67938830584e-05  
     1.6526028614   4.93430290518e-05  
    1.65921329316   6.61904407162e-05  
    1.66585021079   5.24283998802e-05  
    1.67251361406   8.57532524789e-05  
    1.67920365382   6.11041613479e-05  
    1.68592048325   4.68057166388e-05  
    1.69266410175   6.48015127578e-05  
    1.69943482084   6.91622645824e-05  
    1.70623248366   7.94601097881e-05  
    1.71305740532   7.20266219233e-05  
     1.7199097473   0.000101178126057  
    1.72678934875   7.53346231863e-05  
    1.73369653225   5.88124610936e-05  
    1.74063129799   0.000103312673111  
    1.74759380992   0.000107078311317  
    1.75458423461     7.327210733e-05  
    1.76160257222   6.82779147698e-05  
    1.76864899066   8.33857208325e-05  
    1.77572348875   8.56151223237e-05  
    1.78282640892    7.5214009161e-05  
     1.7899577528   0.000117260422203  
    1.79711751932   8.17837584707e-05  
    1.80430605936   8.58684464691e-05  
    1.81152319598   8.38980824081e-05  
    1.81876928446   8.45751234991e-05  
    1.82604450707   0.000131696799619  
    1.83334868291   0.000112311145957  
     1.8406819916    0.00013553197827  
    1.84804480185   0.000127215827244  
    1.85543692875   0.000124539026277  
     1.8628585567   0.000128741942728  
    1.87031006382   0.000137297528198  
    1.87779126121   0.000129784420006  
    1.88530253195   0.000136170478926  
    1.89284368298    0.00014830208079  
    1.90041510239   0.000145948877241  
    1.90801679125   0.000179563857516  
    1.91564874769   0.000228256619529  
    1.92331136998   0.000177505674574  
    1.93100465998   0.000194189072407  
    1.93872861661   0.000150165518261  
    1.94648364868    0.00020979501724  
    1.95426955095   0.000162748391033  
    1.96208652804   0.000148380219945  
    1.96993499966   0.000179595448837  
    1.97781475664   0.000179847924528  
    1.98572600968   0.000266912859557  
    1.99366875669   0.000232522991604  
    2.00164342911   0.000276160118663  
    2.00965002913   0.000197086694525  
     2.0176887777   0.000257669293429  
    2.02575945264   0.000275190520342  
    2.03386249764   0.000281565299799  
    2.04199791323   0.000240438601003  
    2.05016592587   0.000297087344656  
    2.05836653531   0.000297243139406  
    2.06659997086   0.000274937428642  
    2.07486646606   0.000330389283009  
    2.08316602235   0.000367944608921  
    2.09149863802   0.000359960516642  
    2.09986454834   0.000389028300829  
    2.10826399303   0.000420972791951  
    2.11669697217   0.000347115627518  
    2.12516397475   0.000379116327881  
    2.13366451009    0.00043266923435  
    2.14219906852   0.000486756590172  
    2.15076790095   0.000450659420607  
    2.15937100899   0.000420927104676  
    2.16800864708   0.000400013257803  
    2.17668055826   0.000436155424354  
    2.18538725457   0.000353348152965  
    2.19412886786   0.000420180143677  
     2.2029053986   0.000529513330758  
    2.21171697719   0.000563670884259  
    2.22056386918   0.000471013009467  
    2.22944607449   0.000622857402688  
     2.2383638626    0.00052162691647  
    2.24731737067   0.000664609178755  
    2.25630659816   0.000573645682419  
    2.26533182065   0.000490163507719  
    2.27439317825    0.00053240577699  
    2.28349081208   0.000647813581399  
    2.29262472114   0.000599103223164  
    2.30179518955   0.000589587412431  
    2.31100236161   0.000640178838103  
    2.32024638274   0.000607644317379  
    2.32952739949   0.000619364846816  
    2.33884555955   0.000542287835162  
     2.3482008616   0.000626293760002  
    2.35759375493   0.000640367044476  
     2.3670240892   0.000757287118067  
    2.37649216717   0.000734094271119  
    2.38599814264   0.000713471126083  
    2.39554217071   0.000744894864133  
    2.40512425024     0.0007531278316  
    2.41474485293   0.000621093395197  
     2.4244038215   0.000676147972871  
    2.43410131268   0.000666529984124  
    2.44383780997   0.000782499049544  
    2.45361315272    0.00073278184599  
    2.46342750192   0.000683133105242  
    2.47328135334   0.000738140127436  
    2.48317437503   0.000649352102824  
    2.49310706713   0.000594743366265  
     2.5030796008   0.000554230535942  
    2.51309180473   0.000638846530696  
    2.52314419199    0.00061822991233  
    2.53323676388   0.000646361922969  
    2.54336969409    0.00063629074783  
      2.553543158   0.000606396172592  
    2.56375733277   0.000605793342967  
    2.57401239734   0.000548457032165  
    2.58430853246   0.000529103170657  
    2.59464573736   0.000653544378618  
    2.60502437702   0.000565531494035  
    2.61544445152   0.000559315203338  
    2.62590614476   0.000604211451685  
    2.63640983195   0.000661710316535  
    2.64695551462   0.000597465470038  
    2.65754319028   0.000687818990979  
    2.66817343412   0.000632986135126  
    2.67884605387   0.000520425811674  
    2.68956143808   0.000526966836483  
    2.70031978513   0.000534097807454  
    2.71112109538   0.000663800282508  
     2.7219655669   0.000629567058448  
    2.73285339999   0.000443520737904  
    2.74378479725   0.000498730676671  
    2.75475996361   0.000415735026305  
    2.76577889803   0.000403456322176  
     2.7768420153   0.000400362734435  
    2.78794952761   0.000463010935059  
    2.79910122283    0.00041229051584  
    2.81029773829   0.000403313248671  
    2.82153886012   0.000512615936866  
    2.83282501905   0.000433535989915  
    2.84415621465   0.000436727366466  
    2.85553288641   0.000430719128567  
     2.8669550358   0.000398766131787  
    2.87842288562   0.000431533596975  
    2.88993666146   0.000328167513666  
    2.90149636242   0.000385330715357  
    2.91310221432   0.000323936731997  
    2.92475467888   0.000337979351744  
    2.93645375843   0.000350144468413  
    2.94819945083   0.000364564950892  
    2.95999246544   0.000302066392715  
    2.97183232698   0.000325296215415  
    2.98371975291   0.000306177856425  
    2.99565450142   0.000208146358202  
    3.00763705757   0.000219493014757  
    3.01966766914   0.000218461385613  
    3.03174633682   0.000259622700036  
     3.0438733091    0.00018072279743  
    3.05604883781    0.00023091330053  
    3.06827292179   0.000178756633691  
    3.08054607218   0.000177817425826  
    3.09286829073   0.000175663002957  
    3.10523983715   0.000254001607971  
       3.11766071   0.000188810053117  
    3.13013143684   0.000221434372512  
     3.1426520194    0.00017981180483  
     3.1552224546   0.000140338506336  
    3.16784328125   0.000137256199235  
    3.18051477514   0.000122249448111  
    3.19323693827    0.00017272325004  
    3.20600976777   0.000119597304582  
    3.21883382034   9.12686921813e-05  
    3.23170909668    0.00013941548993  
    3.24463587936   0.000119983323229  
    3.25761445513   8.98525964244e-05  
    3.27064511496   0.000177128770425  
    3.28372756669   0.000113394190536  
    3.29686239202   8.97480428808e-05  
    3.31004988796   0.000104531241983  
    3.32329005515   0.000103745983796  
    3.33658319242    6.9665873691e-05  
    3.34992960313   0.000104299593074  
    3.36332928717   4.46104030179e-05  
    3.37678254987    6.7147610471e-05  
    3.39028970127   9.40368034962e-05  
    3.40385105624   8.61086916258e-05  
    3.41746629822   0.000130750261236  
    3.43113637807   9.70748382368e-05  
    3.44486065569   7.68201289782e-05  
    3.45864009442   5.11917693707e-05  
    3.47247469798   9.92640957551e-05  
    3.48636479597   2.08739896189e-05  
    3.50031005569   5.03944340277e-05  
    3.51431147419   4.82603656291e-05  
    3.52836871873   5.48624794987e-05  
    3.54248212415   5.18695084384e-05  
    3.55665203068   7.60918978062e-05  
    3.57087878411   0.000109142577451  
    3.58516203559   2.61324623199e-05  
    3.59950283138   7.55459262414e-05  
    3.61390082286   4.95076039405e-05  
    3.62835636186   7.21703578413e-05  
    3.64286980603   7.63868963407e-05  
    3.65744115459   4.55625613831e-05  
     3.6720711358    4.9345876965e-05  
    3.68675938494   5.41400687106e-05  
    3.70150626634   8.65596942539e-05  
    3.71631252674   4.64965286355e-05  
    3.73117779346   5.43564394723e-05  
    3.74610244067   8.35304020514e-05  
     3.7610868489    4.8776516292e-05  
    3.77613101678   3.74586393853e-05  
    3.79123572024   2.99828950137e-05  
    3.80640057035   4.26412322852e-05  
    3.82162635332    2.3818338222e-05  
     3.8369126718   3.11902157033e-05  
    3.85226032249   5.55557471751e-05  
    3.86766930695   1.51378926275e-05  
    3.88314003164   3.07121087568e-05  
    3.89867249609   2.46348080741e-05  
    3.91426752862    8.7582480051e-05  
    3.92992429535   4.30398267573e-05  
    3.94564404997   5.56330239125e-05  
    3.96142679819   3.30012508161e-05  
    3.97727253972   6.36668572602e-05  
    3.99318170256   1.88358848949e-05  
    4.00915428459   3.15002278399e-05  
    4.02519071885   1.88336192218e-05  
    4.04129144627   3.50205998718e-05  
     4.0574569158   4.99983707521e-05  
    4.07368668043   5.93507402475e-05  
    4.08998118387   1.69411845771e-05  
    4.10634133737   4.41928990906e-05  
    4.12276668611   4.13724174726e-05  
    4.13925768777   3.69431171962e-05  
     4.1558148085   5.49768153853e-05  
    4.17243804884   5.21427983518e-05  
    4.18912788102   4.57237047951e-05  
    4.20588430424   2.68758483502e-05  
    4.22270779694    8.5974654213e-06  
    4.23959884661   2.45297380297e-05  
    4.25655696277   5.46914811547e-05  
    4.27358312521   3.77474988393e-05  
    4.29067733583   3.70001222152e-06  
    4.30784009553   7.85622431136e-06  
    4.32507140516   4.85416538828e-05  
    4.34237177264                 0.0  
    4.35974119784   3.59944551837e-06  
    4.37718045687   7.90012974598e-06  
    4.39468902883   2.03727744117e-05  
    4.41226796031   8.45199032987e-06  
    4.42991698849   2.51840344381e-05  
    4.44763664356   2.06249489059e-05  
    4.46542719446   1.01838551502e-05  
    4.48328891197   1.01630777343e-05  
    4.50122206872    9.5674557406e-06  
    4.51922693926   9.41493905809e-06  
    4.53730380009   4.86375141117e-05  
    4.55545292971                 0.0  
    4.57367489354   4.37694260547e-06  
     4.5919694066   5.28458152568e-05  
    4.61033732575   9.41078793598e-06  
    4.62877865296   2.70703911944e-05  
     4.6472939715   1.02119017236e-05  
    4.66588298672    7.8517851863e-06  
    4.68454658297   2.60935118162e-05  
     4.7032847621   8.56650837494e-06  
     4.7220978225   1.25563382098e-05  
    4.74098637113                 0.0  
    4.75995010145                 0.0  
    4.77898993408    1.7542295824e-05  
    4.79810587133   2.19062598948e-05  
    4.81729854038                 0.0  
    4.83656762537   1.78189174472e-05  
     4.8559137564    1.2245361515e-05  
    4.87533757653   3.01137042433e-05  
    4.89483876301    2.2895685933e-05  
    4.91441829106   1.41403631724e-05  
    4.93407583344   5.37530052777e-05  
     4.9538123818   1.75215386887e-05  
    4.97362760448   1.11745656015e-05  
    4.99352183074   5.22869144436e-05  
    5.01349607765   4.29375578448e-05  
    5.03355000696   1.27423593188e-05  
    5.05368430539   1.27128661753e-05  
    5.07389897276   6.36990391629e-06  
    5.09419470807   2.38050737458e-05  
    5.11457151245   3.60547933331e-05  
     5.1350297384   3.67490186929e-05  
    5.15556974197   2.73045537962e-05  
    5.17619188281   2.76227888703e-05  
    5.19689689217   2.84229847229e-05  
    5.21768440439   2.82637633578e-05  
    5.23855515541   5.64759673254e-05  
    5.25950952014   2.18876084286e-05  
    5.28054749769   2.19032278129e-05  
    5.30166946194   6.35713077387e-05  
    5.32287617669   2.35564076052e-05  
     5.3441676442   4.37802782096e-05  
    5.36554464285   8.81065696835e-05  
    5.38700678205    9.1499246635e-05  
    5.40855484569   5.13994988761e-05  
    5.43018883146   3.87606580253e-05  
     5.4519095384   3.30945593002e-05  
    5.47371737491   4.90603982373e-05  
    5.49561234274   5.14117386843e-05  
    5.51759443527   7.15459801532e-05  
    5.53966489128   5.49860557097e-05  
    5.56182371703   5.68621892495e-05  
    5.58407091037   2.88498484751e-05  
    5.60640731682    7.1105939463e-05  
    5.62883293749   4.35173337686e-05  
    5.65134819992    6.8716314245e-05  
    5.67395353681    4.9450997763e-05  
    5.69664938618   0.000109765717604  
    5.71943619141   7.51980752273e-05  
    5.74231350316   6.04536907319e-05  
     5.7652831125   4.75735542507e-05  
    5.78834412131   0.000108186374596  
    5.81149743365   9.54937257304e-05  
    5.83474351021   0.000142938294786  
    5.85808235018   4.99058527835e-05  
    5.88151488606   7.49683999855e-05  
    5.90504064664   7.42631520566e-05  
    5.92866105146   5.83728299707e-05  
    5.95237562645   6.01164437932e-05  
    5.97618533246   9.86592283099e-05  
    6.00008968111   0.000155622749386  
    6.02409013633   0.000147566052506  
     6.0481867053   5.09176943617e-05  
    6.07237938609   1.15967959916e-05  
     6.0966686737   5.87834159077e-05  
    6.12105558018   0.000110370803472  
    6.14553959755   6.58023179123e-05  
    6.17012174768   6.62904989865e-05  
    6.19480255328   9.17105601907e-05  
    6.21958149061   9.45609372675e-05  
    6.24446013397   7.06773111597e-05  
    6.26943795744   0.000111833237219  
    6.29451548781   0.000105768352426  
    6.31969380334     7.808041478e-05  
    6.34497236227   4.63043550839e-05  
    6.37035225392   9.07586603581e-05  
    6.39583347869   3.91782769745e-05  
    6.42141715049   3.90769669243e-05  
    6.44710271082   2.67148137617e-05  
    6.47289128537   6.23793429141e-05  
    6.49878287572   7.77668489434e-05  
    6.52477805342   5.82971946117e-05  
      6.550876814   0.000124398086134  
    6.57708032125   4.11885317269e-05  
    6.60338857865   8.55545711539e-05  
    6.62980217829   0.000162686777824  
     6.6563217212   3.73670069346e-05  
    6.68294660092   1.37804130191e-05  
    6.70967863407   0.000107086184943  
    6.73651721316   0.000102491270645  
    6.76346356996     5.173882013e-05  
    6.79051708144     8.530092755e-05  
    6.81767899338   3.64189349031e-05  
    6.84494994327    4.4024170538e-05  
    6.87232993526   1.64126533364e-05  
    6.89981896307                 0.0  
    6.92741831705   4.59579911177e-05  
    6.95512800081   7.33747073926e-05  
    6.98294867158   6.44450194295e-05  
    7.01088032757                 0.0  
     7.0389236311   0.000118888453819  
    7.06707925516   6.34953619708e-05  
    7.09534788362   3.91756214987e-05  
    7.12372952024    6.3400570258e-05  
    7.15222415796   1.93034908695e-05  
    7.18083318331    3.2453813039e-05  
    7.20955660066   3.30603317617e-05  
    7.23839440342   1.38892397615e-05  
    7.26734801256   5.18480511483e-05  
     7.2964174335     8.429278751e-05  
    7.32560339154   2.41449604031e-05  
     7.3549058873   1.65706036209e-05  
    7.38432565288   3.04182685476e-05  
    7.41386268406     1.652851587e-05  
    7.44351771988   2.83392160341e-05  
    7.47329227265                 0.0  
    7.50318559143                 0.0  
    7.53319843542   8.18705072734e-05  
    7.56333079768    3.6652705772e-05  
    7.59358423039   4.05304775375e-05  
    7.62395874079   5.66695880641e-05  
    7.65445432458   6.90872077353e-05  
    7.68507177011   2.63484895763e-05  
    7.71581269039   1.39483390971e-05  
    7.74667546895   2.00677372796e-05  
    7.77766254505   6.16893412452e-05  
    7.80877310258   2.90690509963e-05  
    7.84000796151   5.37507475306e-05  
    7.87136795637   3.71863859235e-05  
    7.90285393657   7.79063293667e-05  
    7.93446505168   9.91664092218e-05  
    7.96620300486    0.00010672051248  
    7.99806779953   3.25963975969e-05  
    8.03006030517   0.000103497851628  
     8.0621805217   1.01564485721e-05  
    8.09442932911   4.04044214514e-05  
    8.12680672387   8.93096156964e-05  
    8.15931359673   1.01780751375e-05  
    8.19195085476   4.17810141686e-05  
    8.22471942171   8.75102216172e-05  
    8.25761745204   7.73028706273e-05  
    8.29064864545   7.29115851687e-05  
    8.32381114603   0.000139047339201  
    8.35710587897   0.000103998727815  
    8.39053474565   0.000126566295274  
    8.42409679606   6.91768611223e-05  
    8.45779298527   9.35137192811e-05  
    8.49162428634   2.33287927583e-05  
    8.52559070065   0.000124730191283  
    8.55969321454   8.11992160686e-05  
    8.59393182709   7.31094810728e-05  
    8.62830753824   4.98204451194e-05  
    8.66282136702   6.01581891981e-05  
    8.69747229125   7.69186411124e-05  
    8.73226235834    8.8394119137e-05  
    8.76719105115   9.67750708582e-05  
    8.80225993308   0.000162186495129  
    8.83746900884   9.29575224814e-05  
    8.87281880584   0.000119118110613  
    8.90830985498   0.000205480663374  
    8.94394323548   2.69722658301e-05  
    8.97971894935   6.74332919537e-05  
      9.015638092   8.25161770003e-05  
    9.05170066437   0.000101895163038  
    9.08790721605   0.000135275632131  
    9.12425886751   0.000108468993487  
    9.16075618987   0.000152359684727  
     9.1973991825   6.96678133035e-05  
    9.23418841136   4.49350690067e-05  
    9.27112561745   0.000184385340647  
    9.30820963329   7.64216881176e-05  
    9.34544280832   0.000123647943589  
    9.38282455567   9.43449603278e-05  
    9.42035546382   0.000107344502183  
    9.45803734441    4.8933873485e-05  
    9.49586959654   0.000125805096466  
    9.53385282337    7.8701832699e-05  
    9.57198825704   6.29393930398e-05  
    9.61027589683   3.14827687681e-05  
    9.64871699537   0.000101933251948  
    9.68731219181   0.000125070395707  
    9.72606148678   0.000156626583789  
     9.7649655154   0.000122340947306  
    9.80402557306   0.000176459198996  
    9.84324166221   9.51198214788e-05  
    9.88261443541   7.33342445793e-05  
    9.92214522171    0.00018356897999  
    9.96183335024   0.000242667719795  
    10.0016808383   0.000131275846859  
     10.041687693   9.25171746084e-05  
    10.0818545982   0.000135526698835  
    10.1221815468   0.000132098307868  
    10.1626706261   9.25942762142e-05  
    10.2033211391   6.12888325333e-05  
    10.2441344948    0.00239596923182  
