      wave_micron            flux_mjy  
  0.0156853443263                 0.0  
  0.0157424663449                 0.0  
  0.0158054356507                 0.0  
  0.0158686569118                 0.0  
  0.0159321318584                 0.0  
  0.0159958604977                 0.0  
  0.0160598445808                 0.0  
  0.0161240841083                 0.0  
  0.0161885808528                 0.0  
  0.0162533348082                 0.0  
  0.0163183477691                 0.0  
  0.0163836215635                 0.0  
  0.0164491561976                 0.0  
  0.0165149516526                 0.0  
  0.0165810116545                 0.0  
  0.0166473362235                 0.0  
  0.0167139253547                 0.0  
  0.0167807809484                 0.0  
  0.0168479049407                 0.0  
  0.0169152953802                 0.0  
  0.0169829561599                 0.0  
  0.0170508892791                 0.0  
  0.0171190927561                 0.0  
  0.0171875685703                 0.0  
  0.0172563187389                 0.0  
  0.0173253453176                 0.0  
  0.0173946452152                 0.0  
  0.0174642246251                 0.0  
  0.0175340814816                 0.0  
  0.0176042178752                 0.0  
  0.0176746348662                 0.0  
  0.0177453324422                 0.0  
  0.0178163138284                 0.0  
  0.0178875790356                 0.0  
  0.0179591302593                 0.0  
   0.018030966394                 0.0  
  0.0181030896418                 0.0  
  0.0181755022485                 0.0  
  0.0182482042211                 0.0  
  0.0183211978404                 0.0  
  0.0183944819524                 0.0  
  0.0184680600153                 0.0  
  0.0185419320346                 0.0  
  0.0186161003639                 0.0  
  0.0186905650087                 0.0  
  0.0187653271533                 0.0  
  0.0188403879917                 0.0  
  0.0189157499541                 0.0  
  0.0189914130476                 0.0  
  0.0190673784962                 0.0  
  0.0191436475346                 0.0  
  0.0192202226747                 0.0  
  0.0192971026499                 0.0  
  0.0193742912707                 0.0  
  0.0194517885495                 0.0  
  0.0195295957766                 0.0  
  0.0196077142543                 0.0  
  0.0196861452965                 0.0  
  0.0197648902299                 0.0  
  0.0198439490432                 0.0  
  0.0199233257773                 0.0  
  0.0200030190859                 0.0  
  0.0200830303139                 0.0  
   0.020163362213                 0.0  
   0.020244016188                 0.0  
  0.0203249922415                 0.0  
  0.0204062917725                 0.0  
  0.0204879176333                 0.0  
  0.0205698683849                 0.0  
  0.0206521483595                 0.0  
  0.0207347575754                 0.0  
  0.0208176960197                 0.0  
  0.0209009666426                 0.0  
  0.0209845709483                 0.0  
   0.021068508935                 0.0  
  0.0211527836369                 0.0  
  0.0212373935147                 0.0  
  0.0213223431819                 0.0  
  0.0214076326548                 0.0  
  0.0214932635009                 0.0  
  0.0215792373054                 0.0  
  0.0216655540623                 0.0  
  0.0217522153544                 0.0  
  0.0218392244177                 0.0  
  0.0219265812629                 0.0  
  0.0220142875284                 0.0  
   0.022102344872                 0.0  
  0.0221907549711                 0.0  
  0.0222795178215                 0.0  
     0.0223686351                 0.0  
  0.0224581102329                 0.0  
  0.0225479432363                 0.0  
  0.0226381340923                 0.0  
    0.02272868629                 0.0  
  0.0228196016112                 0.0  
  0.0229108800607                 0.0  
  0.0230025234219                 0.0  
  0.0230945335011                 0.0  
  0.0231869121271                 0.0  
  0.0232796592944                 0.0  
  0.0233727787076                 0.0  
  0.0234662684912                 0.0  
  0.0235601342854                 0.0  
  0.0236543742035                 0.0  
  0.0237489920624                 0.0  
  0.0238439878675                 0.0  
  0.0239393635529                 0.0  
  0.0240351210781                 0.0  
  0.0241312624294                 0.0  
  0.0242277876074                 0.0  
  0.0243246986042                 0.0  
  0.0244219974394                 0.0  
  0.0245196840988                 0.0  
  0.0246177647639                 0.0  
  0.0247162353057                 0.0  
  0.0248150998684                 0.0  
  0.0249143605646                 0.0  
  0.0250140173915                 0.0  
  0.0251140746327                 0.0  
  0.0252145301323                 0.0  
  0.0253153882178                 0.0  
  0.0254166488883                 0.0  
   0.025518316569                 0.0  
  0.0256203890373                 0.0  
  0.0257228707652                 0.0  
  0.0258257617563                 0.0  
  0.0259290665849                 0.0  
  0.0260327829623                 0.0  
  0.0261369131704                 0.0  
  0.0262414618859                 0.0  
  0.0263464267569                 0.0  
  0.0264518125117                 0.0  
  0.0265576191548                 0.0  
  0.0266638490876                 0.0  
  0.0267705047483                 0.0  
  0.0268775886124                 0.0  
   0.026985098201                 0.0  
  0.0270930384635                 0.0  
  0.0272014093945                 0.0  
   0.027310216061                 0.0  
  0.0274194559189                 0.0  
  0.0275291340945                 0.0  
  0.0276392505996                 0.0  
  0.0277498080437                 0.0  
  0.0278608064171                 0.0  
  0.0279722510321                 0.0  
  0.0280841392175                 0.0  
  0.0281964763499                 0.0  
  0.0283092624414                 0.0  
  0.0284225002304                 0.0  
  0.0285361897086                 0.0  
  0.0286503336378                 0.0  
  0.0287649348254                 0.0  
  0.0288799961254                 0.0  
  0.0289955146745                 0.0  
  0.0291114961891                 0.0  
  0.0292279435974                 0.0  
  0.0293448539722                 0.0  
  0.0294622331746                 0.0  
  0.0295800842108                 0.0  
  0.0296984040898                 0.0  
  0.0298171957753                 0.0  
  0.0299364653541                 0.0  
   0.030056212869                 0.0  
  0.0301764351955                 0.0  
   0.030297141651                 0.0  
  0.0304183322902                 0.0  
   0.030540003925                 0.0  
  0.0306621628877                 0.0  
  0.0307848124195                 0.0  
  0.0309079525434                 0.0  
  0.0310315832356                 0.0  
    0.03115571108                 0.0  
  0.0312803327616                 0.0  
  0.0314054549548                 0.0  
  0.0315310776845                 0.0  
  0.0316572009275                 0.0  
  0.0317838280754                 0.0  
  0.0319109660721                 0.0  
  0.0320386079596                 0.0  
  0.0321667642428                 0.0  
  0.0322954314137                 0.0  
  0.0324246130101                 0.0  
  0.0325543090014                 0.0  
  0.0326845266313                 0.0  
  0.0328152659439                 0.0  
  0.0329465269336                 0.0  
  0.0330783132954                 0.0  
   0.033210625012                 0.0  
   0.033343469638                 0.0  
  0.0334768433941                 0.0  
  0.0336107500733                 0.0  
  0.0337451935402                 0.0  
   0.033880173797                 0.0  
  0.0340156947608                 0.0  
  0.0341517564247                 0.0  
  0.0342883627599                 0.0  
  0.0344255178135                 0.0  
  0.0345632175188                 0.0  
   0.034701474139                 0.0  
  0.0348402773911                 0.0  
  0.0349796396789                 0.0  
  0.0351195589536                 0.0  
   0.035260035177                 0.0  
  0.0354010768498                 0.0  
  0.0355426796991                 0.0  
  0.0356848523573                 0.0  
  0.0358275904781                 0.0  
  0.0359709006102                 0.0  
  0.0361147849876                 0.0  
  0.0362592436068                 0.0  
  0.0364042809523                 0.0  
  0.0365498970178                 0.0  
  0.0366960986659                 0.0  
  0.0368428812899                 0.0  
  0.0369902541514                 0.0  
  0.0371382149325                 0.0  
  0.0372867683334                 0.0  
  0.0374359143444                 0.0  
  0.0375856577413                 0.0  
  0.0377360009557                 0.0  
  0.0378869439793                 0.0  
  0.0380384917058                 0.0  
  0.0381906466288                 0.0  
  0.0383434087434                 0.0  
  0.0384967830666                 0.0  
   0.038650769597                 0.0  
  0.0388053734364                 0.0  
   0.038960594588                 0.0  
  0.0391164356184                 0.0  
  0.0392729017611                 0.0  
  0.0394299930284                 0.0  
  0.0395877147451                 0.0  
  0.0397460642231                 0.0  
  0.0399050495458                 0.0  
  0.0400646707415                 0.0  
   0.040224927778                 0.0  
  0.0403858289483                 0.0  
  0.0405473714781                 0.0  
  0.0407095609641                 0.0  
  0.0408724002575                 0.0  
  0.0410358893525                 0.0  
  0.0412000310899                 0.0  
  0.0413648312727                 0.0  
  0.0415302928712                 0.0  
  0.0416964129266                 0.0  
  0.0418631973335                 0.0  
  0.0420306521135                 0.0  
  0.0421987742598                 0.0  
   0.042367569835                 0.0  
  0.0425370388292                 0.0  
  0.0427071874205                 0.0  
  0.0428780156177                 0.0  
   0.043049526541                 0.0  
  0.0432217265482                 0.0  
  0.0433946124512                 0.0  
  0.0435681906547                 0.0  
  0.0437424644236                 0.0  
  0.0439174337544                 0.0  
   0.044093105242                 0.0  
  0.0442694755483                 0.0  
  0.0444465547052                 0.0  
  0.0446243393465                 0.0  
  0.0448028362515                 0.0  
  0.0449820488816                 0.0  
  0.0451619772443                 0.0  
  0.0453426248022                 0.0  
  0.0455239950608                 0.0  
   0.045706091569                 0.0  
  0.0458889143101                 0.0  
  0.0460724704748                 0.0  
   0.046256760079                 0.0  
   0.046441790463                 0.0  
  0.0466275542247                 0.0  
  0.0468140661927                 0.0  
  0.0470013226687                 0.0  
  0.0471893273967                 0.0  
  0.0473780841697                 0.0  
  0.0475675968309                 0.0  
  0.0477578692744                 0.0  
  0.0479488975641                 0.0  
   0.048140693455                 0.0  
  0.0483332569947                 0.0  
  0.0485265921937                 0.0  
  0.0487206949799                 0.0  
  0.0489155815836                 0.0  
   0.049111243877                 0.0  
   0.049307685897                 0.0  
  0.0495049159376                 0.0  
  0.0497029382501                 0.0  
  0.0499017486086                 0.0  
   0.050101355483                 0.0  
  0.0503017632032                 0.0  
  0.0505029674168                 0.0  
  0.0507049811828                 0.0  
   0.050907800134                 0.0  
  0.0511114331187                 0.0  
    0.05131587565                 0.0  
  0.0515211412192                 0.0  
  0.0517272253272                 0.0  
  0.0519341324971                 0.0  
  0.0521418719793                 0.0  
  0.0523504391491                 0.0  
  0.0525598386228                 0.0  
  0.0527700798601                 0.0  
  0.0529811581091                 0.0  
  0.0531930829348                 0.0  
   0.053405854351                 0.0  
   0.053619482147                 0.0  
  0.0538339564734                 0.0  
  0.0540492921197                 0.0  
  0.0542654891273                 0.0  
  0.0544825525434                 0.0  
  0.0547004823653                 0.0  
  0.0549192836769                 0.0  
  0.0551389616421                 0.0  
  0.0553595162538                 0.0  
  0.0555809580109                 0.0  
  0.0558032816516                 0.0  
  0.0560264924201                 0.0  
  0.0562506010693                 0.0  
  0.0564756022102                 0.0  
  0.0567015067269                 0.0  
  0.0569283091019                 0.0  
  0.0571560259525                 0.0  
  0.0573846461207                 0.0  
  0.0576141864508                 0.0  
  0.0578446412999                 0.0  
  0.0580760220995                 0.0  
  0.0583083230765                 0.0  
  0.0585415558071                 0.0  
  0.0587757262298                 0.0  
  0.0590108284451                 0.0  
  0.0592468683068                 0.0  
   0.059483857834                 0.0  
      0.059721791                 0.0  
   0.059960679981                 0.0  
  0.0602005248295                 0.0  
  0.0604413255067                 0.0  
  0.0606830881933                 0.0  
  0.0609258255401                 0.0  
  0.0611695248559                 0.0  
  0.0614142052735                 0.0  
  0.0616598603809                 0.0  
  0.0619065031726                 0.0  
  0.0621541271011                 0.0  
  0.0624027453381                 0.0  
  0.0626523579279                 0.0  
  0.0629029648195                 0.0  
  0.0631545727019                 0.0  
  0.0634071952761                 0.0  
  0.0636608257455                 0.0  
  0.0639154639987                 0.0  
  0.0641711310012                 0.0  
  0.0644278127187                 0.0  
  0.0646855232552                 0.0  
  0.0649442626117                 0.0  
  0.0652040452661                 0.0  
  0.0654648566764                 0.0  
  0.0657267187584                 0.0  
  0.0659896241762                 0.0  
  0.0662535878291                 0.0  
  0.0665186022408                 0.0  
  0.0667846748831                 0.0  
  0.0670518133677                 0.0  
  0.0673200176808                 0.0  
  0.0675892955364                 0.0  
  0.0678596547942                 0.0  
  0.0681310955057                 0.0  
  0.0684036176189                 0.0  
  0.0686772371465                 0.0  
  0.0689519460626                 0.0  
  0.0692277524068                 0.0  
  0.0695046643732                 0.0  
  0.0697826819665                 0.0  
  0.0700618092917                 0.0  
  0.0703420589619                 0.0  
   0.070623426789                 0.0  
  0.0709059212687                 0.0  
  0.0711895423753                 0.0  
  0.0714743031091                 0.0  
  0.0717601991258                 0.0  
  0.0720472391778                 0.0  
  0.0723354277057                 0.0  
  0.0726247691824                 0.0  
  0.0729152681139                 0.0  
    0.07320692904                 0.0  
  0.0734997565348                 0.0  
  0.0737937552076                 0.0  
  0.0740889344083                 0.0  
  0.0743852894469                 0.0  
  0.0746828297095                 0.0  
  0.0749815599532                 0.0  
  0.0752814849739                 0.0  
  0.0755826145031                 0.0  
  0.0758849436633                 0.0  
  0.0761884822289                 0.0  
  0.0764932351588                 0.0  
  0.0767992074549                 0.0  
  0.0771064092587                 0.0  
  0.0774148303731                 0.0  
  0.0777244912211                 0.0  
  0.0780353918892                 0.0  
  0.0783475323458                 0.0  
  0.0786609230457                 0.0  
  0.0789755639691                 0.0  
  0.0792914657527                 0.0  
   0.079608633823                 0.0  
  0.0799270681838                 0.0  
  0.0802467742357                 0.0  
   0.080567762995                 0.0  
  0.0808900344938                 0.0  
   0.081213594294                 0.0  
  0.0815384480128                 0.0  
  0.0818646013243                 0.0  
  0.0821920599602                 0.0  
  0.0825208297115                 0.0  
  0.0828509105458                 0.0  
  0.0831823141643                 0.0  
   0.083515046541                 0.0  
  0.0838491076875                 0.0  
  0.0841845035616                 0.0  
  0.0845212401854                 0.0  
  0.0848593236462                 0.0  
   0.085198760098                 0.0  
   0.085539555763                 0.0  
  0.0858817169328                 0.0  
  0.0862252435974                 0.0  
  0.0865701420383                 0.0  
  0.0869164250829                 0.0  
  0.0872640927855                 0.0  
  0.0876131450676                 0.0  
  0.0879636016111                 0.0  
  0.0883154558578                 0.0  
   0.088668714379                 0.0  
  0.0890233906167                 0.0  
  0.0893794846157                 0.0  
  0.0897370031866                 0.0  
  0.0900959462655                 0.0  
  0.0904563346886                 0.0  
  0.0908181615483                 0.0  
  0.0911814338254                 0.0  
  0.0915461585877                 0.0  
  0.0919123429913                 0.0  
  0.0922799869838                 0.0  
  0.0926491124422                 0.0  
   0.093019704726                 0.0  
  0.0933917859573                 0.0  
  0.0937653562234                 0.0  
  0.0941404154694                 0.0  
  0.0945169788091                 0.0  
  0.0948950462631                 0.0  
  0.0952746254872                 0.0  
  0.0956557242391                 0.0  
  0.0960383424748                 0.0  
    0.09642249594                 0.0  
  0.0968081927081                 0.0  
  0.0971954247693                 0.0  
    0.09758420003                 0.0  
  0.0979745429595                 0.0  
  0.0983664371996                 0.0  
  0.0987599075112                 0.0  
  0.0991549455969                 0.0  
  0.0995515597278                 0.0  
  0.0999497668536                 0.0  
   0.100349567056                 0.0  
   0.100750968963                 0.0  
    0.10115397256                 0.0  
   0.101558586513                 0.0  
   0.101964819616                 0.0  
   0.102372680792                 0.0  
   0.102782170036                 0.0  
   0.103193296316                 0.0  
   0.103606068731                 0.0  
   0.104020496516                 0.0  
   0.104436579694                 0.0  
   0.104854327552                 0.0  
   0.105273740019                 0.0  
   0.105694836009                 0.0  
   0.106117615583                 0.0  
   0.106542088371                 0.0  
   0.106968254342                 0.0  
    0.10739613307                 0.0  
   0.107825714704                 0.0  
   0.108257019043                 0.0  
   0.108690046111                 0.0  
    0.10912480597                 0.0  
   0.109561308842                 0.0  
   0.109999544368                 0.0  
   0.110439543503                 0.0  
   0.110881306421                 0.0  
   0.111324833128                 0.0  
   0.111770134167                 0.0  
   0.112217209458                 0.0  
   0.112666080506                 0.0  
   0.113116747406                 0.0  
   0.113569210079                 0.0  
    0.11402349056                 0.0  
    0.11447957772                 0.0  
   0.114937505188                 0.0  
   0.115397250435                 0.0  
   0.115858836044                 0.0  
    0.11632227356                 0.0  
   0.116787563027                 0.0  
   0.117254716096                 0.0  
   0.117723732736                 0.0  
   0.118194624709                 0.0  
   0.118667403978                 0.0  
    0.11914207054                 0.0  
   0.119618648741                 0.0  
   0.120097114076                 0.0  
   0.120577503377                 0.0  
   0.121059816793                 0.0  
   0.121544054295                 0.0  
   0.122030228427                 0.0  
   0.122518351955                 0.0  
   0.123008424898                 0.0  
    0.12350046016                 0.0  
   0.123994457695                 0.0  
   0.124490443835                 0.0  
   0.124988405397                 0.0  
   0.125488355577                 0.0  
   0.125990307807                 0.0  
   0.126494275758                 0.0  
   0.127000245701                 0.0  
   0.127508245074                 0.0  
    0.12801828796                 0.0  
   0.128530360378                 0.0  
   0.129044476247                 0.0  
   0.129560649739                 0.0  
   0.130078895284                 0.0  
   0.130599212962                 0.0  
   0.131121602652                 0.0  
   0.131646093737                 0.0  
   0.132172686404                 0.0  
   0.132701365544                 0.0  
   0.133232176219                 0.0  
   0.133765103397                 0.0  
   0.134300162271                 0.0  
   0.134837368321                 0.0  
   0.135376721612                 0.0  
   0.135918222001                 0.0  
   0.136461901057                 0.0  
   0.137007742892                 0.0  
   0.137555779549                 0.0  
   0.138105994852                 0.0  
   0.138658421326                 0.0  
   0.139213050809                 0.0  
   0.139769908149                 0.0  
   0.140328985025                 0.0  
   0.140890298152                 0.0  
   0.141453864571                 0.0  
   0.142019675725                 0.0  
   0.142587757413                 0.0  
   0.143158109703                 0.0  
   0.143730741295                 0.0  
   0.144305660953                 0.0  
     0.1448828865                 0.0  
   0.145462417974                 0.0  
   0.146044264332                 0.0  
   0.146628443812                 0.0  
    0.14721495644                 0.0  
   0.147803820742                 0.0  
   0.148395036739                 0.0  
   0.148988613741                 0.0  
   0.149584570717                 0.0  
    0.15018290769                 0.0  
   0.150783634197                 0.0  
   0.151386769673                 0.0  
   0.151992324049                 0.0  
   0.152600287381                 0.0  
   0.153210689412                 0.0  
    0.15382353019                 0.0  
   0.154438829972                 0.0  
   0.155056578518                 0.0  
    0.15567680657                 0.0  
   0.156299514214                 0.0  
    0.15692471185                 0.0  
   0.157552409977                 0.0  
    0.15818261919                 0.0  
   0.158815350183                 0.0  
   0.159450613755                 0.0  
   0.160088420804                 0.0  
   0.160728771267                 0.0  
   0.161371687153                 0.0  
   0.162017168434                 0.0  
   0.162665237514                 0.0  
   0.163315905841                 0.0  
   0.163969161936                 0.0  
   0.164625040157                 0.0  
   0.165283540598                 0.0  
   0.165944674901                 0.0  
   0.166608454833                 0.0  
   0.167274892283                 0.0  
   0.167943987181                 0.0  
   0.168615763567                 0.0  
   0.169290221434                 0.0  
    0.16996738528                 0.0  
   0.170647255169                 0.0  
   0.171329843488                 0.0  
   0.172015162761                 0.0  
   0.172703225652                 0.0  
   0.173394044972                 0.0  
   0.174087620686                 0.0  
   0.174783965587                 0.0  
   0.175483105814                 0.0  
   0.176185028167                 0.0  
   0.176889772394                 0.0  
   0.177597338699                 0.0  
   0.178307727023                 0.0  
   0.179020950763                 0.0  
   0.179737037323                 0.0  
   0.180455986807                 0.0  
   0.181177813108                 0.0  
   0.181902516113                 0.0  
   0.182630138307                 0.0  
   0.183360651225                 0.0  
   0.184094097823                 0.0  
   0.184830478239                 0.0  
   0.185569792332                 0.0  
   0.186312069427                 0.0  
   0.187057324515                 0.0  
   0.187805542552                 0.0  
   0.188556768668                 0.0  
   0.189311003085                 0.0  
   0.190068245741                 0.0  
   0.190828511884                 0.0  
   0.191591832701                 0.0  
   0.192358192514                 0.0  
     0.1931276228                 0.0  
   0.193900139646                 0.0  
   0.194675743117                 0.0  
    0.19545444935                 0.0  
   0.196236258206                 0.0  
    0.19702120251                 0.0  
   0.197809299078                 0.0  
   0.198600531156                 0.0  
   0.199394932263                 0.0  
   0.200192502344                 0.0  
   0.200993275664                 0.0  
   0.201797252382                 0.0  
   0.202604449942                 0.0  
   0.203414868307                 0.0  
   0.204228525003                 0.0  
    0.20504543781                 0.0  
   0.205865624771                 0.0  
   0.206689085885                 0.0  
   0.207515839287                 0.0  
   0.208345903386                 0.0  
   0.209179278109                 0.0  
   0.210016000869                 0.0  
   0.210856071857                 0.0  
   0.211699490941                 0.0  
   0.212546277026                 0.0  
   0.213396468821                 0.0  
   0.214250046937                 0.0  
   0.215107050522                 0.0  
    0.21596747968                 0.0  
   0.216831354335                 0.0  
   0.217698674411                 0.0  
   0.218569480447                 0.0  
   0.219443752038                 0.0  
   0.220321530195                 0.0  
   0.221202814979                 0.0  
    0.22208762725                 0.0  
   0.222975966893                 0.0  
   0.223867876408                 0.0  
   0.224763356022                 0.0  
    0.22566240562                 0.0  
   0.226565046741                 0.0  
   0.227471323449                 0.0  
   0.228381191466                 0.0  
   0.229294717399                 0.0  
   0.230211901517                 0.0  
   0.231132743741                 0.0  
   0.232057289795                 0.0  
    0.23298551673                 0.0  
   0.233917447399                 0.0  
   0.234853128678                 0.0  
   0.235792537111                 0.0  
   0.236735696159                 0.0  
   0.237682653894                 0.0  
   0.238633386357                 0.0  
   0.239587917649                 0.0  
   0.240546272283                 0.0  
   0.241508450202                 0.0  
   0.242474476173                 0.0  
   0.243444375393                 0.0  
   0.244418147897                 0.0  
   0.245395819152                 0.0  
   0.246377415072                 0.0  
   0.247362935807                 0.0  
   0.248352381126                 0.0  
   0.249345777063                 0.0  
   0.250343176971                 0.0  
   0.251344527244                 0.0  
   0.252349908614                 0.0  
    0.25335932151                 0.0  
   0.254372765977                 0.0  
   0.255390241673                 0.0  
   0.256411804211                 0.0  
   0.257437453804                 0.0  
   0.258467218904                 0.0  
   0.259501070763                 0.0  
   0.260539066586                 0.0  
   0.261581235703                 0.0  
   0.262627548869                 0.0  
   0.263678064881                 0.0  
   0.264732783961                 0.0  
    0.26579170593                 0.0  
   0.266854891235                 0.0  
   0.267922309574                 0.0  
   0.268993991277                 0.0  
   0.270069967242                 0.0  
   0.271150237445                 0.0  
   0.272234833207                 0.0  
   0.273323786442                 0.0  
   0.274417065131                 0.0  
   0.275514733392                 0.0  
   0.276616791411                 0.0  
   0.277723272009                 0.0  
   0.278834175318                 0.0  
   0.279949501047                 0.0  
   0.281069299253                 0.0  
   0.282193587055                 0.0  
   0.283322347287                 0.0  
   0.284455648488                 0.0  
   0.285593473589                 0.0  
   0.286735839763                 0.0  
    0.28788278206                 0.0  
   0.289034318324                 0.0  
    0.29019044848                 0.0  
    0.29135120839                 0.0  
   0.292516616291                 0.0  
   0.293686690561                 0.0  
   0.294861431089                 0.0  
   0.296040874868                 0.0  
   0.297225040705                 0.0  
   0.298413947558                 0.0  
   0.299607595302                 0.0  
    0.30080602213                 0.0  
   0.302009247464                 0.0  
    0.30321729089                 0.0  
     0.3044301523                 0.0  
   0.305647871155                 0.0  
   0.306870467543                 0.0  
   0.308097941391                 0.0  
   0.309330333157                 0.0  
   0.310567663464                 0.0  
   0.311809932292                 0.0  
   0.313057181141                 0.0  
   0.314309410034                 0.0  
   0.315566639853                 0.0  
   0.316828913182                 0.0  
   0.318096230131                 0.0  
   0.319368612178                 0.0  
   0.320646081009                 0.0  
   0.321928658521                 0.0  
   0.323216389208                 0.0  
   0.324509250809                 0.0  
   0.325807288084                 0.0  
   0.327110523813                 0.0  
   0.328418957898                 0.0  
   0.329732636328                 0.0  
   0.331051559108                 0.0  
   0.332375773078                 0.0  
   0.333705278357                 0.0  
   0.335040098608                 0.0  
   0.336380257747                 0.0  
   0.337725779946                 0.0  
   0.339076665006                 0.0  
   0.340432986705                 0.0  
   0.341794720546                 0.0  
   0.343161891185                 0.0  
   0.344534548985                 0.0  
   0.345912668488                 0.0  
   0.347296326266                 0.0  
   0.348685522677                 0.0  
   0.350080257549                 0.0  
   0.351480583114                 0.0  
   0.352886499387                 0.0  
   0.354298059636                 0.0  
   0.355715236968                 0.0  
   0.357138112398                 0.0  
   0.358566658811                 0.0  
   0.360000930978                 0.0  
   0.361440928903                 0.0  
   0.362886680252                 0.0  
   0.364338241478                 0.0  
   0.365795584278                 0.0  
   0.367258765579                 0.0  
   0.368727814453                 0.0  
   0.370202701609                 0.0  
   0.371683514657                 0.0  
   0.373170253946                 0.0  
   0.374662949342                 0.0  
   0.376161600777                 0.0  
   0.377666238169                 0.0  
    0.37917689183                 0.0  
   0.380693623523                 0.0  
   0.382216371204                 0.0  
   0.383745259568                 0.0  
   0.385280225907                 0.0  
   0.386821365205                 0.0  
   0.388368645644                 0.0  
   0.389922098941                 0.0  
   0.391481790084                 0.0  
   0.393047719354                 0.0  
   0.394619919803                 0.0  
   0.396198391308                 0.0  
   0.397783200948                 0.0  
   0.399374314825                 0.0  
   0.400971835143                 0.0  
   0.402575693153                 0.0  
   0.404186027304                 0.0  
    0.40580276818                 0.0  
   0.407425985771                 0.0  
   0.409055680001                 0.0  
   0.410691886307                 0.0  
   0.412334677075                 0.0  
   0.413984016222                 0.0  
   0.415639939898                 0.0  
   0.417302484792                 0.0  
   0.418971688138                 0.0  
    0.42064758773                 0.0  
   0.422330183714                 0.0  
   0.424019514119                 0.0  
   0.425715578715                 0.0  
    0.42741845491                 0.0  
   0.429128103577                 0.0  
   0.430844642772                 0.0  
   0.432567993229                 0.0  
   0.434298274541                 0.0  
   0.436035487278    2.5109276339e-07  
   0.437779631355                 0.0  
   0.439530747406                 0.0  
   0.441288876713                 0.0  
   0.443054019149                 0.0  
   0.444826216307   1.42151793007e-07  
   0.446605553183   1.42355842416e-07  
   0.448391944501                 0.0  
   0.450185518681                 0.0  
   0.451986276277                 0.0  
   0.453794217163                 0.0  
   0.455609384994   2.64893340563e-07  
   0.457431824142   2.78702170507e-07  
   0.459261534513   3.35784325576e-07  
   0.461098606424                 0.0  
   0.462942994629   1.61182514131e-07  
   0.464794744293   1.81715968028e-07  
   0.466653947995   3.23545478873e-07  
   0.468520559477   5.16279159726e-07  
   0.470394625092   7.27911213939e-07  
    0.47227623977   4.66793462461e-07  
   0.474165308069   4.79862271697e-07  
   0.476061973558   3.82969434626e-07  
   0.477966236859   5.17967382622e-07  
   0.479878097875   1.41736812709e-07  
    0.48179760551                 0.0  
   0.483724809516   5.24657569369e-07  
   0.485659709962   6.86006300829e-07  
   0.487602357123   3.06044624387e-07  
   0.489552750798   3.45781761406e-07  
   0.491510941797   1.62018694454e-07  
   0.493476981822   3.30188423627e-07  
   0.495450923487    3.3613001474e-07  
   0.497432714296   3.60918383717e-07  
   0.499422459632   7.48835636651e-07  
   0.501420159773   2.18225884936e-07  
   0.503425814233   1.26566354713e-06  
    0.50543953123   1.78239279193e-07  
   0.507461256159   8.56036985772e-07  
   0.509491098746   7.82676812025e-07  
   0.511529115411   1.04114623425e-06  
   0.513575194045   1.53152308197e-06  
   0.515629502992   1.01584900234e-06  
   0.517692042968   8.12934018924e-07  
   0.519762813907   1.04198550664e-06  
   0.521841873299   8.26442305589e-07  
   0.523929220874   8.08051188182e-07  
   0.526024914845   1.01101866186e-06  
   0.528129014504   1.03207549054e-06  
   0.530241520001   1.21976107386e-06  
   0.532362491404   1.92347192997e-06  
   0.534491989902   4.53652670561e-07  
    0.53662995442   4.58411153925e-07  
   0.538776445492   1.32097736268e-06  
   0.540931524796   1.06593540026e-06  
   0.543095255176    4.3606532695e-07  
   0.545267636958   6.95534646563e-07  
   0.547448733858   1.81366221327e-06  
   0.549638546073   1.62064120137e-06  
    0.55183707296   1.34021880289e-06  
   0.554044444575   1.86075322489e-06  
    0.55626059541   1.01074588365e-06  
   0.558485657495    3.9647606992e-07  
   0.560719597844   1.46646916514e-06  
   0.562962483405   2.29704505534e-06  
   0.565214313975   1.80317686114e-06  
   0.567475191987   9.40604894997e-07  
   0.569745083194   1.73243899122e-06  
   0.572024056544   9.37564813269e-07  
   0.574312146998   2.30860531877e-06  
   0.576609389767   1.24942527385e-06  
   0.578915856223   3.01605513113e-06  
   0.581231510563   1.83318143636e-06  
   0.583556424395   2.68231842763e-06  
   0.585890670752    2.8092939426e-06  
   0.588234212906   1.81145395622e-06  
   0.590587161519   2.42322739493e-06  
   0.592949516918   2.19666729794e-06  
   0.595321316499   3.39472408799e-06  
   0.597702597952   4.96555336894e-07  
   0.600093399275   1.66943673338e-06  
   0.602493758773   1.82207428208e-06  
   0.604903754268     1.379360114e-06  
   0.607323346614   2.91889019856e-06  
   0.609752653807   2.31888546784e-06  
    0.61219167626   1.94827527973e-06  
   0.614640413456   1.78313796949e-06  
   0.617098986326   2.32893553532e-06  
   0.619567395379   2.65819076639e-06  
   0.622045640186   2.35816220505e-06  
   0.624533844723   2.15155989821e-06  
   0.627031967515   1.21485394345e-06  
   0.629540092171   3.31473084784e-06  
   0.632058261237   1.84871559052e-06  
   0.634586517658   3.63441677051e-06  
   0.637124861303   3.10382413111e-06  
   0.639673334899   1.68934334697e-06  
   0.642232025774    1.5306639431e-06  
   0.644800978545   2.82484824728e-06  
   0.647380148471   2.32118167615e-06  
   0.649969669425   2.57502747393e-06  
   0.652569587365    4.5419387433e-06  
   0.655179856736   2.97832625621e-06  
   0.657800568591   3.43883096051e-06  
   0.660431769189   4.41088715865e-06  
   0.663073505274    1.9682878372e-06  
   0.665725776595   3.18903021693e-06  
   0.668388677604   2.30059862885e-06  
   0.671062256533    5.3517579305e-06  
   0.673746513503   4.43427476828e-06  
   0.676441496628   4.22566880959e-06  
   0.679147254542   4.73120261567e-06  
   0.681863836416   4.25220294154e-06  
   0.684591291962   4.66955084231e-06  
   0.687329671447   3.51916360915e-06  
   0.690078974684   4.92541147025e-06  
   0.692839303287   2.17693606615e-06  
   0.695610657402   3.67049449673e-06  
   0.698393088372   2.80994230942e-06  
   0.701186648134   2.71831420264e-06  
   0.703991389227   5.86621589996e-06  
   0.706807364806   3.45870339454e-06  
   0.709634628657   7.57800033868e-06  
   0.712473126437   6.30802070228e-06  
   0.715323020253   6.15179828845e-06  
   0.718184310573   6.11983805292e-06  
   0.721057052476   4.54333276646e-06  
   0.723941301714   5.73345314352e-06  
   0.726837058126   3.21482208199e-06  
   0.729744434544   5.64955567071e-06  
    0.73266337379   5.33238208442e-06  
   0.735594047609   7.35342348992e-06  
   0.738536398423   6.97732580332e-06  
   0.741490542374   3.87869146808e-06  
   0.744456538845   9.74958821222e-06  
   0.747434328278   6.88283930242e-06  
   0.750424089387    7.4683703023e-06  
   0.753425762242   5.52311128555e-06  
   0.756439467734   6.38268006563e-06  
   0.759465267704   8.13539040089e-06  
   0.762503100235   7.78205938877e-06  
   0.765553088621   4.86566780419e-06  
   0.768615358973   6.63718556868e-06  
   0.771689785078   6.68471423408e-06  
   0.774776557029   9.54045691678e-06  
   0.777875675396   1.30812723046e-05  
   0.780987139566     8.979827007e-06  
   0.784111079464   1.38775638348e-05  
   0.787247561611   1.32170910327e-05  
   0.790396519592   7.45396839672e-06  
   0.793558153516   9.23763583105e-06  
   0.796732328688   6.73488643124e-06  
   0.799919316178   1.18913458929e-05  
   0.803118979953   6.78504947158e-06  
   0.806331456982   1.43606330239e-05  
   0.809556747003   1.10424602249e-05  
   0.812794990065   1.16692293476e-05  
   0.816046186795    1.2807226844e-05  
   0.819310336587   1.13024382894e-05  
   0.822587582554   1.12814638621e-05  
   0.825877925024   9.50281790816e-06  
   0.829181436724   1.07474847941e-05  
   0.832498191461   7.21738966577e-06  
   0.835828189296   1.35067962256e-05  
   0.839171504458   1.11622384614e-05  
   0.842528212291   1.30850753698e-05  
   0.845898312618   1.16653434599e-05  
   0.849281881239    1.2996553178e-05  
   0.852678995109   1.93116221365e-05  
   0.856089732362   1.29471198818e-05  
   0.859514093183   1.83406969946e-05  
   0.862952156231   1.70314819002e-05  
    0.86640392096   1.38725625418e-05  
   0.869869547625   1.60125175662e-05  
   0.873349036885   1.99411450452e-05  
   0.876842470444   1.48038714497e-05  
   0.880349848266   1.51047975284e-05  
    0.88387125266   1.54833869086e-05  
   0.887406682882   1.44906215524e-05  
   0.890956306903   1.97016927242e-05  
   0.894520125299   1.70238015214e-05  
   0.898098223703   1.61642046016e-05  
   0.901690602022   1.64124813429e-05  
    0.90529734659   1.05130978964e-05  
   0.908918545144   1.85135207493e-05  
   0.912554286861    1.8359175523e-05  
    0.91620448251   1.99925061532e-05  
   0.919869310553   1.47691758441e-05  
   0.923548771048    3.0029097195e-05  
   0.927242954756   1.83350085729e-05  
   0.930951953949   1.65881639468e-05  
    0.93467576885   2.10807861838e-05  
   0.938414398252   1.73854567085e-05  
   0.942168124804   1.62203657106e-05  
   0.945936759492   1.60674149743e-05  
   0.949720492285   1.58908650498e-05  
   0.953519420436   1.82869876169e-05  
   0.957333446481   1.90138921014e-05  
   0.961162765282   1.01202277574e-05  
   0.965007476762    1.8738158731e-05  
   0.968867481426   1.59824555115e-05  
    0.97274297922   1.45810464188e-05  
   0.976633970679   1.61633185376e-05  
   0.980540454853   2.40373481139e-05  
   0.984462636942   1.34697664753e-05  
   0.988400517931    1.4441996609e-05  
   0.992354097304   1.53504453604e-05  
   0.996323479373   1.46001480313e-05  
     1.0003087703   1.32028866749e-05  
    1.00431007814   8.72329225625e-06  
    1.00832729502   1.58950453272e-05  
    1.01236052764   1.87661771144e-05  
    1.01640999533   1.03562175704e-05  
    1.02047569976   1.05614122605e-05  
    1.02455752863   1.31533966152e-05  
    1.02865581791    1.2968414541e-05  
    1.03277045575   1.36589115889e-05  
    1.03690155548   1.16131600434e-05  
    1.04104911636   1.25545750169e-05  
    1.04521325314   1.17407720193e-05  
    1.04939420063   1.59286484886e-05  
    1.05359172389   1.34999010599e-05  
    1.05780605831   1.01687425594e-05  
    1.06203732443    1.5963789427e-05  
    1.06628552323    1.4736550768e-05  
    1.07055065407   1.17249221913e-05  
    1.07483283844   1.36455905422e-05  
    1.07913220012    1.4698045804e-05  
    1.08344873944   9.17947950644e-06  
     1.0877824551   7.20531885273e-06  
    1.09213359969   6.74826585649e-06  
    1.09650217463   6.42238428691e-06  
     1.1008881797   1.18255069682e-05  
     1.1052917439   1.22569128318e-05  
    1.10971286672   1.35089804258e-05  
    1.11415174547   8.78073547712e-06  
      1.118608314   1.41544305362e-05  
    1.12308277256   1.56623910339e-05  
    1.12757512183   9.12181377436e-06  
    1.13208536077    9.6987640883e-06  
    1.13661376343    8.9409019905e-06  
    1.14116019235   8.96799681075e-06  
    1.14572485554   1.23550077351e-05  
    1.15030775326   8.72931851689e-06  
    1.15490895553    1.1692481425e-05  
    1.15952860483   1.09197081489e-05  
    1.16416670132   6.45588645227e-06  
     1.1688233897   1.01713712327e-05  
    1.17349867003   1.20359194776e-05  
     1.1781926893   1.21388016715e-05  
    1.18290544752   1.06097107787e-05  
    1.18763701844   4.92250014748e-06  
    1.19238762871   1.44792614229e-05  
    1.19715712662   1.04574194055e-05  
    1.20194581802   7.74631827973e-06  
    1.20675354877   9.64116200324e-06  
    1.21158055106   7.79398048268e-06  
    1.21642690421   1.17315934988e-05  
    1.22129260833   6.85587372897e-06  
    1.22617774218   8.67548618318e-06  
    1.23108246641   1.04027229811e-05  
    1.23600678128   7.31752104487e-06  
    1.24095085014     1.670684221e-05  
    1.24591467342   1.09706826804e-05  
    1.25089833345   1.13437722681e-05  
    1.25590191332   8.26743512379e-06  
    1.26092549688   1.08140559323e-05  
    1.26596925462   1.08138228343e-05  
    1.27103310096   1.25851457636e-05  
    1.27611720729   1.01134812439e-05  
    1.28122166071   1.25258408024e-05  
    1.28634654912   6.96825536023e-06  
     1.2914919613   9.27953713234e-06  
    1.29665789685   8.66705472731e-06  
    1.30184453495   1.75263716375e-05  
    1.30705196705   1.31504646101e-05  
    1.31228019329   9.74402603187e-06  
     1.3175293048    1.1553975522e-05  
    1.32279939364   8.20935385732e-06  
    1.32809055282   1.74041133611e-05  
    1.33340297157    1.2810115904e-05  
    1.33873655515   1.40519957751e-05  
    1.34409149405    1.6120364189e-05  
    1.34946788529   1.14850368634e-05  
    1.35486572862   1.68828622307e-05  
    1.36028521997    1.0508031507e-05  
    1.36572635965   1.41727938918e-05  
    1.37118924663    1.6344749977e-05  
    1.37667398097   2.44588854724e-05  
    1.38218066385   9.70577948155e-06  
     1.3877093976   1.19298185154e-05  
    1.39326028573   1.42404635184e-05  
    1.39883332813   1.13879243537e-05  
    1.40442862818   1.65354029148e-05  
    1.41004639701   1.31099556242e-05  
    1.41568652828   1.40570262419e-05  
    1.42134923472   1.64071981704e-05  
     1.4270347338   1.56587807364e-05  
    1.43274280789   1.02761524946e-05  
    1.43847378442   8.28220081653e-06  
    1.44422766398   8.80585589291e-06  
    1.45000455759     1.488106957e-05  
    1.45580457763   1.39927991252e-05  
    1.46162783788   1.51936259914e-05  
     1.4674743382   1.36529614579e-05  
    1.47334419247   6.12282486924e-06  
    1.47923763322   1.24961745957e-05  
    1.48515454374   1.20007978816e-05  
    1.49109515859   1.28727903551e-05  
    1.49705959758   1.07454865227e-05  
    1.50304786104   1.80979442512e-05  
    1.50905994702   9.95904520411e-06  
    1.51509622013   1.63605817487e-05  
    1.52115668254    1.8982193001e-05  
    1.52724120921   1.86551834788e-05  
    1.53335017254   1.42269154197e-05  
    1.53948357374   9.89761561819e-06  
    1.54564153965   1.54905411207e-05  
    1.55182406983    1.6667726241e-05  
    1.55803142154   1.89218974566e-05  
    1.56426359579   1.56202923356e-05  
    1.57052059122    2.2387475918e-05  
     1.5768026704   1.49632805971e-05  
    1.58310983348   6.73642983052e-06  
    1.58944234883   2.36833428878e-05  
    1.59580008182   1.51181649286e-05  
    1.60218330351   1.43256326096e-05  
    1.60859201408   1.90915646364e-05  
    1.61502635096   1.83940628131e-05  
    1.62148645356   1.02815160513e-05  
    1.62797246329   1.81651572416e-05  
    1.63448438051   2.13943751518e-05  
    1.64102234735   1.79803403823e-05  
    1.64758636258    2.2175711325e-05  
    1.65417671562   1.97695573292e-05  
    1.66079340718   1.91772894009e-05  
    1.66743658437   2.43069548152e-05  
     1.6741063965   1.71159629945e-05  
    1.68080269246   2.28856866771e-05  
    1.68752592389   2.53832780449e-05  
    1.69427609314   1.69761790156e-05  
    1.70105319998   2.36281529944e-05  
    1.70785739784   1.48650328105e-05  
    1.71468884249   1.01678117156e-05  
    1.72154753335   2.47689174578e-05  
    1.72843378724   2.40442805149e-05  
    1.73534744462   2.35465729945e-05  
    1.74228882598   1.76008486613e-05  
    1.74925809556   2.03650475764e-05  
    1.75625508976   2.15747534524e-05  
    1.76328013667   1.70801493674e-05  
    1.77033323648   2.66185398228e-05  
    1.77741455594   1.85676331262e-05  
    1.78452426446   2.02790767813e-05  
     1.7916623622   2.35695410609e-05  
    1.79882901993   2.49327668682e-05  
    1.80602423647   4.13745789805e-05  
    1.81324836008   3.18059015902e-05  
    1.82050139242   3.05210012406e-05  
     1.8277833324   1.57769682002e-05  
    1.83509453688    3.2565606073e-05  
    1.84243482592   3.70537901267e-05  
    1.84980456084   3.18949044959e-05  
    1.85720392704    4.0169446473e-05  
    1.86463274053    3.4705717773e-05  
    1.87209118398   2.44598426696e-05  
     1.8795796324   4.29276743023e-05  
    1.88709789773   3.75754401002e-05  
    1.89464616751   3.29261930161e-05  
    1.90222482632   3.27505215694e-05  
    1.90983368203   4.42781104063e-05  
    1.91747312426   4.38752390864e-05  
    1.92514295664   4.54379081172e-05  
    1.93284357391   5.51907314965e-05  
    1.94057497714   4.82908764644e-05  
    1.94833716444   5.28742330657e-05  
    1.95613054087   5.13489146453e-05  
     1.9639551083   5.45060273048e-05  
    1.97181086567   4.07927988524e-05  
    1.97969822875   6.07648668766e-05  
    1.98761698878   4.92757182826e-05  
     1.9955673539   4.95293976947e-05  
    2.00354975096   4.91988049036e-05  
    2.01156396724   7.67981693458e-05  
    2.01961021701   7.55762194509e-05  
    2.02768849818   6.39457475837e-05  
    2.03579924952   7.18451955237e-05  
    2.04394247327   7.03554362535e-05  
    2.05211839415   7.14616064319e-05  
    2.06032678619   7.25715005017e-05  
    2.06856810064    6.9794063298e-05  
    2.07684233806   7.13600348497e-05  
    2.08514972876   7.71489763371e-05  
    2.09349027249   8.60256383525e-05  
    2.10186420246   8.46917613318e-05  
    2.11027175621   8.88611554002e-05  
    2.11871293521   0.000103465368911  
     2.1271877377    0.00011440662244  
    2.13569640299   9.54072480469e-05  
    2.14423917486   0.000104618716745  
    2.15281605342   0.000105084118601  
    2.16142753599   9.79576044281e-05  
    2.17007312352   9.39782502273e-05  
     2.1787533147   0.000106009152842  
    2.18746836472   8.19558327024e-05  
    2.19621827524   0.000116048858581  
    2.20500330503   0.000109750891536  
    2.21382319273   0.000154294481801  
    2.22267845914   0.000141431823331  
    2.23156923834   0.000136555358952  
    2.24049553083   0.000141980444168  
    2.24945746922   0.000116835946164  
    2.25845532359   0.000130092385269  
    2.26748909386   0.000175279651585  
     2.2765590541     0.0001425909427  
    2.28566534384   0.000121940389618  
     2.2948079625   0.000138797164096  
    2.30398719039   0.000139607698517  
    2.31320316998   0.000166639241404  
    2.32245604483   0.000173424881021  
    2.33174581389   0.000160041170671  
    2.34107276615   0.000202683022319  
    2.35043704837   0.000196014775554  
    2.35983880845   0.000192994958643  
    2.36927819543   0.000182779627057  
    2.37875535953   0.000177281391934  
    2.38827029941   0.000146055158071  
    2.39782347203   0.000190795979957  
    2.40741472448   0.000199328983986  
    2.41704436467   0.000188424843258  
    2.42671254905   0.000208114087145  
    2.43641943535   0.000157506337567  
    2.44616502242   0.000208538486409  
       2.45594979   0.000179046930259  
    2.46577357813   0.000164488690052  
    2.47563654622   0.000202238632026  
    2.48553918601   0.000193052508198  
    2.49548133412   0.000163954856544  
    2.50546315429   0.000163691116408  
    2.51548515073   0.000176625698121  
    2.52554698583   0.000176476670048  
    2.53564916829   0.000191136718389  
    2.54579187216   0.000190565183194  
    2.55597492322   0.000205048517635  
     2.5661988433   0.000180448999403  
    2.57646363371   0.000179300662698  
    2.58676947111   0.000182980576513  
    2.59711653388   0.000172178439724  
    2.60750500219   0.000192899100041  
    2.61793505804   0.000173993440702  
    2.62840688526   0.000166929084949  
    2.63892048307   0.000142275083993  
    2.64947622269   0.000174232330441  
    2.66007410417   0.000171068759713  
    2.67071431458   0.000190978207489  
    2.68139723552   0.000178163017593  
    2.69212286854   0.000174458124317  
    2.70289121112   0.000148341850169  
    2.71370284826   0.000149351560032  
     2.7245575844   0.000196757025779  
    2.73545581473   0.000171997359088  
    2.74639774102   0.000162743262247  
    2.75738336362   0.000154781980632  
    2.76841288399    0.00015179010501  
    2.77948650585   0.000173916755609  
    2.79060443525   0.000154716099086  
    2.80176688064   0.000152762402343  
    2.81297384093   0.000126337661817  
    2.82422573799   0.000159100656426  
    2.83552278766   0.000148880631396  
    2.84686477416   0.000136087968725  
    2.85825234572   9.68321167932e-05  
     2.8696852848   0.000114621536326  
    2.88116402948   9.09670006649e-05  
    2.89268857934    8.1341280256e-05  
    2.90425938136   0.000117956007676  
    2.91587643703    0.00011908906672  
    2.92753997296    0.00010728375973  
    2.93925021859   9.91745730989e-05  
      2.951007173   9.03816098096e-05  
    2.96281106587   0.000131124159997  
    2.97466236678   0.000150076296069  
    2.98656107812   6.53642239214e-05  
     2.9985071977   0.000105275010892  
      3.010501447    0.00011605687396  
    3.02254334263   8.15708754981e-05  
    3.03463361427   8.29002580463e-05  
    3.04677201599    6.3661725354e-05  
    3.05895904115   8.47214495685e-05  
    3.07119494173   7.36313757214e-05  
    3.08347971845   0.000101260605446  
    3.09581362403   7.53886331333e-05  
    3.10819691461   7.66818781761e-05  
    3.12062958899   7.94581957371e-05  
    3.13311216706   6.62827074299e-05  
    3.14564465057   6.10632287312e-05  
    3.15822730368   4.71546941205e-05  
    3.17086012492   4.78938636191e-05  
    3.18354365085   5.69783674635e-05  
    3.19627788324   6.97575384428e-05  
    3.20906281894   4.43840097419e-05  
    3.22189900597   6.63412314145e-05  
    3.23478672482   5.93017609361e-05  
    3.24772597752   5.35703258481e-05  
    3.26071676117   4.63528802547e-05  
    3.27375964194   4.82988275318e-05  
    3.28685462056   5.67304903361e-05  
    3.30000198442   4.87229925866e-05  
    3.31320202516   3.74431080075e-05  
    3.32645503871   2.93185886087e-05  
    3.33976072794   3.45521868556e-05  
    3.35311968447   4.04946217175e-05  
    3.36653221038   4.34304094623e-05  
     3.3799983063   4.27443848762e-05  
    3.39351827618    2.4946212062e-05  
    3.40709242856   3.98304717381e-05  
    3.42072076331   3.81149537477e-05  
    3.43440359099   2.80045688707e-05  
    3.44814122692   2.71154047691e-05  
    3.46193399134   4.26970342587e-05  
    3.47578156229   3.91984139122e-05  
    3.48968490685   3.66018400119e-05  
    3.50364337402   2.37439575572e-05  
    3.51765794355   3.15580373212e-05  
    3.53172861925   2.93659831819e-05  
    3.54585573632   2.07996946845e-05  
     3.5600389564   2.31180167363e-05  
    3.57427929354   8.78311030514e-06  
    3.58857640934   2.69439704828e-05  
    3.60293064433   2.74260636446e-05  
    3.61734234457     2.067894929e-05  
    3.63181186174   1.08823143925e-05  
    3.64633884103   2.03493304869e-05  
    3.66092434656   1.74874979438e-05  
    3.67556802377   1.14990321263e-05  
    3.69027023047   1.62205568535e-05  
    3.70503133043    1.1779921337e-05  
    3.71985132286   1.25140729177e-05  
    3.73473094844   1.54641667935e-05  
    3.74966983622   2.16380841886e-05  
    3.76466835677   1.65734394478e-05  
    3.77972726954   1.55347939308e-05  
    3.79484619552   1.74850569643e-05  
    3.81002551525   2.57340776244e-05  
    3.82526561575   9.51812347313e-06  
    3.84056649563   1.43455045332e-05  
    3.85592894407   2.56844995642e-05  
    3.87135256549   1.79926292016e-05  
    3.88683815953    1.6866185953e-05  
    3.90238532204   1.04465253438e-05  
    3.91799486333   2.09273662782e-05  
    3.93366678499   1.35413079305e-05  
     3.9494015004   9.43472300267e-06  
    3.96519900909   1.65438445477e-05  
    3.98106015352   9.62227518083e-06  
    3.99698408556   5.76852476557e-06  
    4.01297208033   1.88399078141e-05  
    4.02902414361   7.36487311979e-06  
    4.04514027511   4.31307070949e-06  
    4.06132091013   6.32623784053e-06  
    4.07756604651   1.03184184763e-05  
     4.0938761247   5.71842767184e-06  
    4.11025159314   1.21413997378e-05  
    4.12669290844    1.0701079355e-05  
    4.14319961597   1.21187001277e-05  
      4.159772167   2.09076645153e-05  
    4.17641148833   1.13682957677e-05  
     4.1931171174   7.47040649072e-06  
    4.20988951967   8.11900988162e-06  
    4.22672916926   7.96382928515e-06  
    4.24363606672   7.22378958596e-06  
    4.26061069234   5.28003468452e-06  
    4.27765304529   9.86038128038e-06  
     4.2947636122   8.08597103211e-06  
    4.31194288887   2.49963652378e-06  
    4.32919037643   5.18779517688e-06  
    4.34650707141   5.36422866597e-06  
    4.36389297573   5.88366156856e-06  
    4.38134859885   1.18172594021e-05  
    4.39887394162   2.26668287061e-06  
    4.41646952064   1.38657133426e-05  
    4.43413533578   5.14881861212e-06  
    4.45187217638   8.46108896326e-06  
    4.46967951266   4.25053799152e-06  
    4.48755840908   3.50937659909e-06  
    4.50550859831   3.15325499524e-06  
     4.5235306196   3.11100025173e-06  
    4.54162474648   2.70260878895e-06  
    4.55979125434   1.28764183899e-05  
    4.57803042047   8.06343453482e-06  
    4.59634252412   1.12542684244e-05  
     4.6147278465   2.53545048356e-06  
    4.63318667084    3.1436739854e-06  
    4.65171957222   9.25815603493e-06  
    4.67032626082   3.15220289634e-06  
    4.68900760809   4.10161985666e-06  
    4.70776361606   3.02695015752e-06  
    4.72659487793   1.08280059636e-05  
    4.74550109403    1.1396482059e-05  
    4.76448316381   9.96282078674e-06  
    4.78354108914   2.76371588184e-06  
     4.8026751735   4.59301000189e-06  
    4.82188603423   1.03047702044e-05  
    4.84117335953   6.86346420606e-06  
    4.86053808574    4.1273977954e-06  
    4.87998021521   3.52531017285e-06  
    4.89950038583   3.52759552849e-06  
    4.91909827634   5.42624801358e-06  
    4.93877452759   6.91113461569e-06  
    4.95852979362   6.24698266247e-06  
    4.97836374618   9.23623069664e-06  
    4.99827737711   1.63334203052e-06  
     5.0182703536   1.37354801621e-05  
    5.03834368422   5.02631812211e-06  
    5.05849703165   9.16644565442e-06  
    5.07873073078    1.3045708601e-05  
    5.09904581601   6.88503455884e-06  
    5.11944194334   3.99870679773e-06  
    5.13991981119   8.44438802624e-06  
    5.16047941939   1.31879412093e-05  
    5.18112147886   6.59846782574e-06  
    5.20184599077   7.34524209286e-06  
    5.22265331361   1.22336626166e-05  
     5.2435438095     2.923905418e-05  
    5.26451784426   1.99806891066e-05  
    5.28557616158   1.01567696984e-05  
     5.3067183896   1.55645395621e-05  
    5.32794527679   7.08402433375e-06  
    5.34925720446   1.62398196541e-05  
    5.37065417172    1.4557031455e-05  
    5.39213655882   1.48905539109e-05  
    5.41370514258   3.61499072719e-05  
    5.43535992532   1.47074138056e-05  
    5.45710169869   3.12912706661e-05  
    5.47893006545   2.59518878749e-05  
    5.50084582284   1.17489615134e-05  
    5.52284896853   3.37749111777e-05  
    5.54494031519   2.19780900511e-05  
    5.56712027819   1.82299554409e-05  
    5.58938885932   1.94589993873e-05  
    5.61174605182   1.39175731242e-05  
    5.63419311564    3.2284307201e-05  
    5.65673005712   2.84297487193e-05  
    5.67935687409   2.16119075646e-05  
    5.70207442649   2.73245521707e-05  
    5.72488271545   2.81337211144e-05  
     5.7477821758   3.22461246155e-05  
    5.77077324765   1.85946924593e-05  
    5.79385637646   1.83349626997e-05  
     5.8170320132   2.34016989403e-05  
    5.84029970084   4.42493737141e-05  
    5.86366126104   2.09055228171e-05  
    5.88711578034   1.90090911991e-05  
    5.91066417822   3.22096870416e-05  
    5.93430692324   1.77312580866e-05  
    5.95804401457   1.67176797876e-05  
    5.98187640063   2.25675880347e-05  
    6.00580360217   3.38432660454e-05  
    6.02982706295   2.69914161884e-05  
     6.0539463008   1.21423270411e-05  
    6.07816229297   1.19210058746e-05  
    6.10247454277   3.11520716419e-05  
    6.12688453908   3.15130581299e-05  
    6.15139228923   2.32500470314e-05  
    6.17599779122   2.78567732933e-05  
    6.20070154853   2.02030965177e-05  
    6.22550459046   4.59485335942e-05  
    6.25040640037   2.49120388886e-05  
    6.27540801757   3.28147097164e-05  
    6.30050997369   2.92658784244e-05  
    6.32571173604   3.15304160254e-05  
     6.3510149058    2.5918261848e-05  
    6.37641894807   3.43112986357e-05  
    6.40192439863   2.35346485917e-05  
    6.42753235412   2.34679004259e-05  
    6.45324226357   1.16975502153e-05  
    6.47905523486   1.46496340932e-05  
    6.50497126841   1.84175513917e-05  
    6.53099149713   3.71572782069e-05  
      6.557115353   2.19823354643e-05  
    6.58334398091   3.71358948451e-05  
    6.60967738247   2.19541536635e-05  
      6.636116139   3.23297222878e-05  
    6.66266024591   3.15116678875e-05  
     6.6893108869   1.83235892077e-05  
    6.71606806547   3.48882292263e-05  
    6.74293238382   2.58585632528e-05  
    6.76990445326     3.966546734e-05  
    6.79698365696   2.75763193325e-05  
    6.82417184254   1.93841820527e-05  
    6.85146839216   2.32238183346e-05  
    6.87887455859   3.10925124489e-05  
    6.90638970817   3.37396708814e-05  
    6.93401510795   1.75127511962e-05  
    6.96175140629   8.61942040305e-06  
    6.98959860741   2.58817748921e-05  
    7.01755670493   2.99074040657e-05  
    7.04562701121   2.35460292832e-05  
    7.07380952993   2.07041041744e-05  
    7.10210492952   7.57593997007e-06  
    7.13051320818    2.2230685906e-05  
    7.15903503951   8.62800787937e-06  
      7.187671108   1.37505370839e-05  
    7.21642210919   2.62536091757e-05  
     7.2452880469   4.19894524827e-05  
    7.27426891394   1.39461687395e-05  
     7.3033661205   2.64346582354e-05  
    7.33257967105   1.18711994494e-05  
    7.36190955887   1.45681232955e-05  
    7.39135722917    1.1956887481e-05  
    7.42092268746   2.29215152213e-05  
    7.45060667143   2.05004603962e-05  
    7.48040918171   1.74510149822e-05  
     7.5103309629   1.67711571452e-05  
    7.54037201069   2.91720773751e-05  
    7.57053307674   3.69767428915e-05  
    7.60081569915   3.07426205808e-05  
     7.6312191142   1.87080827722e-05  
    7.66174409401   1.45629726528e-05  
    7.69239063155   2.32640565247e-05  
    7.72316030546   7.36771368634e-06  
    7.75405312312   9.43337356722e-06  
    7.78506908015   6.74314013451e-06  
    7.81620897836   1.61799140872e-05  
    7.84747445827   1.23576971082e-05  
    7.87886387586   1.72047408842e-05  
    7.91037971196   1.84696564573e-05  
    7.94202113658    1.1793557424e-05  
    7.97378898366   1.72808838575e-05  
    8.00568410198   2.51011896929e-05  
    8.03770735543   2.59153169841e-05  
    8.06985787909   2.99054320106e-05  
    8.10213740517   1.95766031323e-05  
    8.13454593714   2.04024223243e-05  
    8.16708435933   8.48958543725e-06  
    8.19975267166   2.39044475162e-05  
    8.23255176913   2.32558398218e-05  
    8.26548164815   2.08155715067e-05  
    8.29854321466   3.02075222709e-05  
    8.33173739122   3.98780883654e-05  
    8.36506511734   3.07012015551e-05  
      8.398524516   2.48641050457e-05  
    8.43211935001   4.04547245956e-05  
    8.46584773181   4.16802149135e-05  
    8.49971060237   4.11047133509e-05  
     8.5337098955   2.38643891389e-05  
    8.56784464499   3.03952625847e-05  
    8.60211582222   1.12569110861e-05  
    8.63652441684   2.32899339491e-05  
    8.67107043027   1.41966368366e-05  
    8.70575486565   2.07804083714e-05  
    8.74057772207   2.90784897516e-05  
    8.77554001652   2.30262170631e-05  
    8.81064278543   4.45742328313e-05  
    8.84588498917   3.25577692429e-05  
    8.88126871009   2.56760253061e-05  
    8.91679342222   4.19549467084e-05  
    8.95246071565   2.96699167758e-05  
    8.98827059515   3.57970751724e-05  
    9.02422359715   1.95251969861e-05  
    9.06032026159   3.36403947622e-05  
    9.09656168612   3.81962078025e-05  
    9.13294787279   2.43524116618e-05  
    9.16947993568   3.25282439511e-05  
    9.20615787578   3.78533979981e-06  
    9.24298225202   4.18322176392e-06  
      9.279954204   4.26789636488e-05  
    9.31707431261   2.21142348957e-05  
    9.35434257718   3.59615071216e-05  
    9.39175957335   2.33912292136e-05  
     9.4293270718   4.26655789549e-05  
    9.46704388515   2.68472339821e-05  
    9.50491240293    2.6647511238e-05  
    9.54293202825   2.68318698101e-05  
    9.58110335964   4.61873476191e-05  
    9.61942823963   4.93481603919e-05  
     9.6579060571   4.79777135358e-05  
    9.69653742549   4.61322142938e-05  
    9.73532359794   3.81624931501e-05  
    9.77426457375   2.68376529352e-05  
    9.81336162691   4.23546310206e-05  
    9.85261540749   6.81438787133e-05  
     9.8920259161   3.06829561362e-05  
    9.93159379873   5.83475168967e-05  
    9.97132037286   2.13150171106e-05  
     10.011205641   3.22571443539e-05  
    10.0512502668   4.70523360536e-05  
     10.091455602   3.36376262664e-05  
    10.1318209644   5.00927508423e-05  
    10.1723484056   2.09056002364e-05  
    10.2130379328   1.73623603064e-05  
    10.2538902416   3.26571192569e-05  
    10.2949053247   4.48186826526e-05  
    10.3360853051   4.58994521207e-05  
     10.377429474   1.73841991297e-05  
    10.4189392642   0.000994247508534  
