      wave_micron            flux_mjy  
  0.0151862453319                 0.0  
  0.0152415497594                 0.0  
  0.0153025154167                 0.0  
  0.0153637250122                 0.0  
   0.015425180221                 0.0  
  0.0154868810502                 0.0  
  0.0155488291952                 0.0  
  0.0156110246563                 0.0  
    0.01567346915                 0.0  
  0.0157361626703                 0.0  
  0.0157991069548                 0.0  
   0.015862303773                 0.0  
  0.0159257531313                 0.0  
  0.0159894550112                 0.0  
  0.0160534130204                 0.0  
  0.0161176271782                 0.0  
    0.01618209748                 0.0  
  0.0162468257657                 0.0  
  0.0163118139096                 0.0  
  0.0163770600225                 0.0  
  0.0164425678735                 0.0  
  0.0165083393984                 0.0  
  0.0165743726785                 0.0  
  0.0166406696301                 0.0  
  0.0167072322062                 0.0  
  0.0167740623974                 0.0  
  0.0168411572105                 0.0  
   0.016908522642                 0.0  
  0.0169761566919                 0.0  
  0.0170440613842                 0.0  
  0.0171122377454                 0.0  
  0.0171806857636                 0.0  
  0.0172494085612                 0.0  
  0.0173184061489                 0.0  
  0.0173876806522                 0.0  
  0.0174572310007                 0.0  
  0.0175270593267                 0.0  
  0.0175971678042                 0.0  
  0.0176675564402                 0.0  
  0.0177382274428                 0.0  
  0.0178091796948                 0.0  
  0.0178804165444                 0.0  
  0.0179519379969                 0.0  
  0.0180237463309                 0.0  
  0.0180958415518                 0.0  
  0.0181682248063                 0.0  
  0.0182408972502                 0.0  
  0.0183138612366                 0.0  
  0.0183871167722                 0.0  
  0.0184606650422                 0.0  
  0.0185345072419                 0.0  
  0.0186086458034                 0.0  
  0.0186830795002                 0.0  
  0.0187578120217                 0.0  
  0.0188328433799                 0.0  
   0.018908174824                 0.0  
  0.0189838076149                 0.0  
  0.0190597430247                 0.0  
  0.0191359823377                 0.0  
  0.0192125255433                 0.0  
  0.0192893765535                 0.0  
  0.0193665340651                 0.0  
  0.0194439993799                 0.0  
  0.0195217751624                 0.0  
  0.0195998627725                 0.0  
  0.0196782622126                 0.0  
  0.0197569748375                 0.0  
  0.0198360034085                 0.0  
  0.0199153465324                 0.0  
  0.0199950084036                 0.0  
  0.0200749890399                 0.0  
  0.0201552884287                 0.0  
  0.0202359094264                 0.0  
  0.0203168534892                 0.0  
  0.0203981206156                 0.0  
   0.020479713743                 0.0  
  0.0205616313812                 0.0  
  0.0206438779969                 0.0  
  0.0207264536059                 0.0  
  0.0208093597257                 0.0  
  0.0208925978913                 0.0  
  0.0209761680966                 0.0  
  0.0210600718742                 0.0  
  0.0211443123573                 0.0  
  0.0212288895558                 0.0  
  0.0213138050564                 0.0  
   0.021399060464                 0.0  
  0.0214846574026                 0.0  
  0.0215705958681                 0.0  
   0.021656877484                 0.0  
  0.0217435055676                 0.0  
  0.0218304801344                 0.0  
  0.0219178011671                 0.0  
  0.0220054720439                 0.0  
  0.0220934944899                 0.0  
  0.0221818685095                 0.0  
  0.0222705958296                 0.0  
  0.0223596781988                 0.0  
  0.0224491173879                 0.0  
  0.0225389133917                 0.0  
  0.0226290697965                 0.0  
  0.0227195847868                 0.0  
  0.0228104638233                 0.0  
  0.0229017050792                 0.0  
  0.0229933122501                 0.0  
  0.0230852853412                 0.0  
  0.0231776262249                 0.0  
  0.0232703367986                 0.0  
  0.0233634189851                 0.0  
  0.0234568727853                 0.0  
  0.0235507001277                 0.0  
  0.0236449029677                 0.0  
  0.0237394812916                 0.0  
  0.0238344410841                 0.0  
  0.0239297783475                 0.0  
  0.0240254970945                 0.0  
  0.0241215993701                 0.0  
  0.0242180851719                 0.0  
  0.0243149586469                 0.0  
   0.024412217708                 0.0  
  0.0245098665449                 0.0  
  0.0246079051568                 0.0  
   0.024706337828                 0.0  
  0.0248051624068                 0.0  
  0.0249043832227                 0.0  
  0.0250040002793                 0.0  
  0.0251040180052                 0.0  
  0.0252044341848                 0.0  
  0.0253052510271                 0.0  
  0.0254064730603                 0.0  
   0.025508098007                 0.0  
  0.0256101304453                 0.0  
  0.0257125703795                 0.0  
  0.0258154201345                 0.0  
  0.0259186820709                 0.0  
  0.0260223585857                 0.0  
  0.0261264472785                 0.0  
  0.0262309529415                 0.0  
  0.0263358755693                 0.0  
  0.0264412200677                 0.0  
  0.0265469839736                 0.0  
  0.0266531722503                 0.0  
   0.026759784909                 0.0  
  0.0268668244763                 0.0  
  0.0269742909428                 0.0  
  0.0270821894517                 0.0  
  0.0271905174168                 0.0  
  0.0272992800437                 0.0  
   0.027408477344                 0.0  
  0.0275181119692                 0.0  
  0.0276281839109                 0.0  
  0.0277386958433                 0.0  
  0.0278496504844                 0.0  
  0.0279610505974                 0.0  
    0.02807289341                 0.0  
  0.0281851844569                 0.0  
   0.028297926573                 0.0  
  0.0284111169242                 0.0  
  0.0285247611853                 0.0  
  0.0286388622665                 0.0  
  0.0287534172723                 0.0  
   0.028868429072                 0.0  
  0.0289839035587                 0.0  
  0.0290998407737                 0.0  
  0.0292162376922                 0.0  
  0.0293331033349                 0.0  
   0.029450437755                 0.0  
  0.0295682378656                 0.0  
  0.0296865097975                 0.0  
  0.0298052566889                 0.0  
  0.0299244785621                 0.0  
  0.0300441753939                 0.0  
  0.0301643535589                 0.0  
  0.0302850098474                 0.0  
  0.0304061507215                 0.0  
  0.0305277762053                 0.0  
  0.0306498862764                 0.0  
  0.0307724842184                 0.0  
  0.0308955767542                 0.0  
  0.0310191571473                 0.0  
  0.0311432355684                 0.0  
   0.031267808621                 0.0  
  0.0313928797303                 0.0  
  0.0315184488667                 0.0  
  0.0316445230436                 0.0  
  0.0317711023035                 0.0  
   0.031898186641                 0.0  
  0.0320257796335                 0.0  
  0.0321538812643                 0.0  
  0.0322824988477                 0.0  
  0.0324116287246                 0.0  
  0.0325412745672                 0.0  
  0.0326714401172                 0.0  
  0.0328021253768                 0.0  
  0.0329333341384                 0.0  
  0.0330650663953                 0.0  
  0.0331973259923                 0.0  
  0.0333301168478                 0.0  
  0.0334634350245                 0.0  
  0.0335972923954                 0.0  
  0.0337316790047                 0.0  
  0.0338666068614                 0.0  
  0.0340020739821                 0.0  
  0.0341380803297                 0.0  
  0.0342746341343                 0.0  
  0.0344117312592                 0.0  
  0.0345493800619                 0.0  
  0.0346875763345                 0.0  
  0.0348263264174                 0.0  
  0.0349656324733                 0.0  
   0.035105494499                 0.0  
  0.0352459168363                 0.0  
   0.035386899479                 0.0  
  0.0355284490714                 0.0  
  0.0356705611534                 0.0  
  0.0358132446918                 0.0  
  0.0359564974426                 0.0  
  0.0361003239563                 0.0  
  0.0362447242236                 0.0  
  0.0363897028683                 0.0  
  0.0365352622447                 0.0  
  0.0366814023445                 0.0  
  0.0368281279061                 0.0  
  0.0369754413435                 0.0  
   0.037123342652                 0.0  
  0.0372718366889                 0.0  
  0.0374209234529                 0.0  
  0.0375706078835                 0.0  
  0.0377208899839                 0.0  
  0.0378717722387                 0.0  
  0.0380232597152                 0.0  
  0.0381753524251                 0.0  
  0.0383280555238                 0.0  
  0.0384813664089                 0.0  
  0.0386352929064                 0.0  
  0.0387898350439                 0.0  
  0.0389449927899                 0.0  
  0.0391007741739                 0.0  
  0.0392571765096                 0.0  
  0.0394142052156                 0.0  
  0.0395718630527                 0.0  
   0.039730150015                 0.0  
   0.039889068853                 0.0  
  0.0400486251849                 0.0  
  0.0402088218867                 0.0  
  0.0403696560937                 0.0  
  0.0405311335129                 0.0  
  0.0406932599743                 0.0  
  0.0408560325667                 0.0  
  0.0410194571599                 0.0  
  0.0411835337443                 0.0  
  0.0413482683014                 0.0  
  0.0415136608397                 0.0  
  0.0416797143802                 0.0  
  0.0418464350782                 0.0  
  0.0420138198473                 0.0  
  0.0421818748882                 0.0  
  0.0423506033619                 0.0  
  0.0425200052653                 0.0  
  0.0426900869832                 0.0  
  0.0428608452837                 0.0  
  0.0430322898797                 0.0  
  0.0432044175118                 0.0  
  0.0433772347439                 0.0  
  0.0435507449271                 0.0  
  0.0437249480686                 0.0  
   0.043899847521                 0.0  
  0.0440754466782                 0.0  
   0.044251748976                 0.0  
  0.0444287543985                 0.0  
  0.0446064699073                 0.0  
  0.0447848955181                 0.0  
  0.0449640383375                 0.0  
  0.0451438911989                 0.0  
  0.0453244684591                 0.0  
  0.0455057665374                 0.0  
  0.0456877890588                 0.0  
  0.0458705396955                 0.0  
  0.0460540221685                 0.0  
  0.0462382402479                 0.0  
  0.0464231901229                 0.0  
  0.0466088831745                 0.0  
  0.0467953194487                 0.0  
  0.0469825028285                 0.0  
  0.0471704293711                 0.0  
  0.0473591147907                 0.0  
   0.047548551218                 0.0  
  0.0477387425614                 0.0  
  0.0479296968511                 0.0  
   0.048121418203                 0.0  
  0.0483139025256                 0.0  
  0.0485071580195                 0.0  
  0.0487011888768                 0.0  
  0.0488959908834                 0.0  
  0.0490915766829                 0.0  
  0.0492879420471                 0.0  
  0.0494850955426                 0.0  
  0.0496830328255                 0.0  
  0.0498817669577                 0.0  
  0.0500812935832                 0.0  
  0.0502816170811                 0.0  
  0.0504827464078                 0.0  
  0.0506846770853                 0.0  
  0.0508874135835                 0.0  
  0.0510909650607                 0.0  
  0.0512953269164                 0.0  
  0.0515005084112                 0.0  
  0.0517065095584                 0.0  
  0.0519133398359                 0.0  
  0.0521209897077                 0.0  
  0.0523294734927                 0.0  
  0.0525387912309                 0.0  
   0.052748947809                 0.0  
  0.0529599432243                 0.0  
  0.0531717823989                 0.0  
  0.0533844703326                 0.0  
  0.0535980070184                 0.0  
  0.0538124026211                 0.0  
  0.0540276520462                 0.0  
  0.0542437603713                 0.0  
  0.0544607380071                 0.0  
  0.0546785797359                 0.0  
  0.0548972960957                 0.0  
  0.0551168817443                 0.0  
  0.0553373527706                 0.0  
  0.0555586983713                 0.0  
  0.0557809348548                 0.0  
  0.0560040567579                 0.0  
  0.0562280751482                 0.0  
  0.0564529844364                 0.0  
  0.0566787958303                 0.0  
  0.0569055150795                 0.0  
  0.0571331364721                 0.0  
  0.0573616656758                 0.0  
  0.0575911143271                 0.0  
  0.0578214765912                 0.0  
  0.0580527642567                 0.0  
  0.0582849773746                 0.0  
  0.0585181159072                 0.0  
  0.0587521858386                 0.0  
  0.0589871994171                 0.0  
  0.0592231443552                 0.0  
  0.0594600391771                 0.0  
  0.0596978776747                 0.0  
  0.0599366724289                 0.0  
  0.0601764171007                 0.0  
  0.0604171244428                 0.0  
  0.0606587944978                 0.0  
  0.0609014272165                 0.0  
   0.061145029075                 0.0  
  0.0613896133384                 0.0  
  0.0616351734263                 0.0  
  0.0618817092309                 0.0  
  0.0621292410506                 0.0  
  0.0623777552976                 0.0  
  0.0626272656272                 0.0  
  0.0628777720403                 0.0  
   0.063129288554                 0.0  
  0.0633818010893                 0.0  
  0.0636353308644                 0.0  
   0.063889870777                 0.0  
  0.0641454352523                 0.0  
  0.0644020170518                 0.0  
  0.0646596234095                 0.0  
   0.064918261695                 0.0  
  0.0651779318951                 0.0  
   0.065438641478                 0.0  
  0.0657003980535                 0.0  
  0.0659632016714                 0.0  
  0.0662270522815                 0.0  
  0.0664919653869                 0.0  
   0.066757933217                 0.0  
  0.0670249635555                 0.0  
  0.0672930643361                 0.0  
  0.0675622355631                 0.0  
   0.067832481211                 0.0  
  0.0681038134915                 0.0  
  0.0683762283497                 0.0  
   0.068649734011                 0.0  
  0.0689243304506                 0.0  
  0.0692000302551                 0.0  
  0.0694768292185                 0.0  
  0.0697547358146                 0.0  
  0.0700337543427                 0.0  
  0.0703138891334                 0.0  
  0.0705951445493                 0.0  
  0.0708775249857                 0.0  
  0.0711610348713                 0.0  
  0.0714456786688                 0.0  
  0.0717314654303                 0.0  
  0.0720183906152                 0.0  
   0.072306463311                 0.0  
  0.0725956881234                 0.0  
  0.0728860696955                 0.0  
  0.0731776174494                 0.0  
  0.0734703266627                 0.0  
  0.0737642067987                 0.0  
  0.0740592626587                 0.0  
  0.0743554990853                 0.0  
  0.0746529258973                 0.0  
  0.0749515332222                 0.0  
   0.075251340833                 0.0  
  0.0755523488135                 0.0  
  0.0758545571332                 0.0  
  0.0761579759141                 0.0  
  0.0764626051371                 0.0  
  0.0767684551004                 0.0  
  0.0770755310579                 0.0  
  0.0773838330132                 0.0  
   0.077693366195                 0.0  
  0.0780041412693                 0.0  
   0.078316158267                 0.0  
   0.078629422573                 0.0  
  0.0789439396258                 0.0  
   0.079259714919                 0.0  
  0.0795767540021                 0.0  
  0.0798950624814                 0.0  
  0.0802146403258                 0.0  
  0.0805354988643                 0.0  
  0.0808576438804                 0.0  
  0.0811810753857                 0.0  
  0.0815057991484                 0.0  
  0.0818318209987                 0.0  
  0.0821591468305                 0.0  
  0.0824877826019                 0.0  
   0.082817734337                 0.0  
  0.0831490081274                 0.0  
  0.0834816039632                 0.0  
  0.0838155279262                 0.0  
  0.0841507924355                 0.0  
  0.0844873975438                 0.0  
  0.0848253431751                 0.0  
  0.0851646483849                 0.0  
  0.0855053068237                 0.0  
  0.0858473248539                 0.0  
  0.0861907154896                 0.0  
  0.0865354787741                 0.0  
  0.0868816213016                 0.0  
  0.0872291430099                 0.0  
  0.0875780640725                 0.0  
  0.0879283778012                 0.0  
  0.0882800909551                 0.0  
  0.0886332103769                 0.0  
   0.088987742995                 0.0  
  0.0893436887586                 0.0  
  0.0897010688489                 0.0  
  0.0900598690908                 0.0  
  0.0904201109028                 0.0  
  0.0907817943694                 0.0  
  0.0911449194373                 0.0  
  0.0915095007394                 0.0  
  0.0918755382958                 0.0  
  0.0922430395187                 0.0  
  0.0926120119188                 0.0  
  0.0929824554535                 0.0  
  0.0933543853675                 0.0  
  0.0937278094776                 0.0  
  0.0941027200284                 0.0  
  0.0944791246749                 0.0  
  0.0948570471081                 0.0  
  0.0952364714898                 0.0  
  0.0956174217934                 0.0  
  0.0959998899854                 0.0  
  0.0963838840736                 0.0  
  0.0967694204686                 0.0  
  0.0971564992491                 0.0  
  0.0975451287698                 0.0  
  0.0979353090143                 0.0  
  0.0983270483749                 0.0  
  0.0987203553653                 0.0  
  0.0991152386231                 0.0  
  0.0995116981457                 0.0  
  0.0999097426147                 0.0  
    0.10030938084                 0.0  
   0.100710621762                 0.0  
   0.101113465403                 0.0  
   0.101517920754                 0.0  
   0.101923987748                 0.0  
   0.102331684696                 0.0  
   0.102741011658                 0.0  
   0.103151977956                 0.0  
   0.103564583561                 0.0  
   0.103978847424                 0.0  
   0.104394760008                 0.0  
   0.104812340481                 0.0  
   0.105231588867                 0.0  
   0.105652514907                 0.0  
   0.106075128499                 0.0  
   0.106499419612                 0.0  
   0.106925418218                 0.0  
   0.107353124484                 0.0  
   0.107782538416                 0.0  
   0.108213670222                 0.0  
   0.108646519823                 0.0  
   0.109081108043                 0.0  
   0.109517434971                 0.0  
   0.109955500532                 0.0  
   0.110395326059                 0.0  
   0.110836900777                 0.0  
   0.111280257246                 0.0  
   0.111725373653                 0.0  
   0.112172271863                 0.0  
   0.112620963053                 0.0  
   0.113071447266                 0.0  
   0.113523735783                 0.0  
   0.113977828572                 0.0  
   0.114433737023                 0.0  
   0.114891472716                 0.0  
    0.11535103565                 0.0  
   0.115812449396                 0.0  
   0.116275690229                 0.0  
   0.116740793807                 0.0  
   0.117207760277                 0.0  
   0.117676589609                 0.0  
   0.118147293948                 0.0  
   0.118619885655                 0.0  
   0.119094364748                 0.0  
   0.119570743719                 0.0  
   0.120049022526                 0.0  
    0.12052922666                 0.0  
   0.121011343361                 0.0  
   0.121495385402                 0.0  
   0.121981365789                 0.0  
   0.122469297759                 0.0  
   0.122959168018                 0.0  
   0.123451003131                 0.0  
   0.123944816734                 0.0  
   0.124440595291                 0.0  
   0.124938352277                 0.0  
   0.125438101413                 0.0  
   0.125939856671                 0.0  
   0.126443618128                 0.0  
   0.126949385666                 0.0  
   0.127457187735                 0.0  
   0.127967024514                 0.0  
   0.128478881376                 0.0  
   0.128992801948                 0.0  
   0.129508771677                 0.0  
   0.130026805273                 0.0  
   0.130546917724                 0.0  
    0.13106910909                 0.0  
   0.131593379236                 0.0  
   0.132119758725                 0.0  
   0.132648232174                 0.0  
   0.133178830608                 0.0  
   0.133711538364                 0.0  
   0.134246386932                 0.0  
   0.134783368412                 0.0  
   0.135322506858                 0.0  
   0.135863794217                 0.0  
    0.13640724667                 0.0  
   0.136952880717                 0.0  
   0.137500688072                 0.0  
   0.138050693715                 0.0  
   0.138602897709                 0.0  
   0.139157308481                 0.0  
   0.139713934513                 0.0  
   0.140272793062                 0.0  
   0.140833884164                 0.0  
   0.141397216493                 0.0  
   0.141962807704                 0.0  
   0.142530657824                 0.0  
   0.143100784789                 0.0  
    0.14367318862                 0.0  
   0.144247878329                 0.0  
   0.144824872283                 0.0  
   0.145404170505                 0.0  
   0.145985782226                 0.0  
   0.146569726264                 0.0  
   0.147156012234                 0.0  
   0.147744630509                 0.0  
   0.148335609884                 0.0  
   0.148928950407                 0.0  
   0.149524671689                 0.0  
   0.150122763818                 0.0  
   0.150723256556                 0.0  
   0.151326149986                 0.0  
   0.151931454179                 0.0  
   0.152539179298                 0.0  
   0.153149335602                 0.0  
   0.153761933445                 0.0  
    0.15437698328                 0.0  
   0.154994495661                 0.0  
   0.155614470527                 0.0  
   0.156236929183                 0.0  
   0.156861871606                 0.0  
   0.157489319487                 0.0  
   0.158119283907                 0.0  
   0.158751753754                 0.0  
   0.159386762292                 0.0  
   0.160024309612                 0.0  
   0.160664406987                 0.0  
   0.161307065808                 0.0  
   0.161952297587                 0.0  
   0.162600102255                 0.0  
   0.163250503087                 0.0  
   0.163903500077                 0.0  
   0.164559116943                 0.0  
   0.165217353748                 0.0  
   0.165878222483                 0.0  
   0.166541735275                 0.0  
   0.167207904386                 0.0  
   0.167876742216                 0.0  
   0.168548248734                 0.0  
   0.169222436325                 0.0  
   0.169899330296                 0.0  
   0.170578917867                 0.0  
   0.171261237522                 0.0  
   0.171946289458                 0.0  
   0.172634073617                 0.0  
   0.173324602972                 0.0  
   0.174017904054                 0.0  
   0.174713976962                 0.0  
   0.175412835149                 0.0  
   0.176114478504                 0.0  
   0.176818948161                 0.0  
   0.177526216562                 0.0  
   0.178236325294                 0.0  
   0.178949274492                 0.0  
   0.179665064019                 0.0  
   0.180383722267                 0.0  
    0.18110526375                 0.0  
   0.181829673902                 0.0  
   0.182556996418                 0.0  
   0.183287231512                 0.0  
   0.184020379125                 0.0  
    0.18475645402                 0.0  
   0.185495486389                 0.0  
   0.186237461056                 0.0  
   0.186982408495                 0.0  
   0.187730344282                 0.0  
   0.188481268478                 0.0  
    0.18923519671                 0.0  
    0.18999212884                 0.0  
   0.190752096649                 0.0  
   0.191515116419                 0.0  
    0.19228117193                 0.0  
   0.193050295632                 0.0  
   0.193822487473                 0.0  
   0.194597780629                 0.0  
   0.195376175252                 0.0  
   0.196157688231                 0.0  
   0.196942319531                 0.0  
    0.19773008612                 0.0  
   0.198521005214                 0.0  
   0.199315094279                 0.0  
   0.200112353314                 0.0  
    0.20091279988                 0.0  
   0.201716451797                 0.0  
   0.202523308997                 0.0  
   0.203333407701                 0.0  
   0.204146748093                 0.0  
   0.204963330048                 0.0  
   0.205783171868                 0.0  
   0.206606311029                 0.0  
   0.207432728761                 0.0  
   0.208262462965                 0.0  
   0.209095513742                 0.0  
   0.209931900383                 0.0  
   0.210771622814                 0.0  
   0.211614720282                 0.0  
   0.212461173033                 0.0  
   0.213311020775                 0.0  
   0.214164263564                 0.0  
   0.215020921596                 0.0  
   0.215880994763                 0.0  
    0.21674452421                 0.0  
   0.217611510156                 0.0  
   0.218481952493                 0.0  
   0.219355872072                 0.0  
   0.220233311555                 0.0  
   0.221114228075                 0.0  
   0.221998686117                 0.0  
   0.222886685943                 0.0  
   0.223778227476                 0.0  
   0.224673354985                 0.0  
   0.225572046251                 0.0  
   0.226474323402                 0.0  
   0.227380231819                 0.0  
   0.228289748794                 0.0  
   0.229202897043                 0.0  
   0.230119723105                 0.0  
   0.231040203786                 0.0  
   0.231964362419                 0.0  
   0.232892222738                 0.0  
   0.233823784687                 0.0  
   0.234759072245                 0.0  
   0.235698109808                 0.0  
   0.236640897408                 0.0  
   0.237587459704                 0.0  
   0.238537821784                 0.0  
   0.239491983793                 0.0  
   0.240449945509                 0.0  
   0.241411732136                 0.0  
   0.242377395329                 0.0  
   0.243346883189                 0.0  
    0.24432027388                 0.0  
   0.245297567815                 0.0  
   0.246278765038                 0.0  
    0.24726386522                 0.0  
   0.248252922202                 0.0  
   0.249245936192                 0.0  
   0.250242934734                 0.0  
   0.251243889998                 0.0  
   0.252248857367                 0.0  
   0.253257865238                 0.0  
   0.254270885298                 0.0  
   0.255287974471                 0.0  
   0.256309132972                 0.0  
   0.257334360629                 0.0  
   0.258363715964                 0.0  
   0.259397169641                 0.0  
   0.260434751023                 0.0  
   0.261476490028                 0.0  
   0.262522386629                 0.0  
   0.263572471153                 0.0  
   0.264626774498                 0.0  
   0.265685265663                 0.0  
   0.266748006725                 0.0  
   0.267814997867                 0.0  
   0.268886270863                 0.0  
   0.269961825843                 0.0  
   0.271041662523                 0.0  
   0.272125829369                 0.0  
   0.273214342954                 0.0  
   0.274307186659                 0.0  
   0.275404426841                 0.0  
   0.276506046976                 0.0  
   0.277612063688                 0.0  
   0.278722510916                 0.0  
   0.279837405931                 0.0  
   0.280956748664                 0.0  
   0.282080573835                 0.0  
     0.2832088991                 0.0  
   0.284341742253                 0.0  
   0.285479103186                 0.0  
   0.286621017715                 0.0  
    0.28776750405                 0.0  
   0.288918580543                 0.0  
   0.290074247075                 0.0  
   0.291234540623                 0.0  
   0.292399479992                 0.0  
   0.293569084143                 0.0  
   0.294743352973                 0.0  
   0.295922324686                 0.0  
   0.297106018732                 0.0  
    0.29829443504                 0.0  
    0.29948761278                 0.0  
   0.300685571921                 0.0  
   0.301888312441                 0.0  
    0.30309587452                 0.0  
   0.304308258181                 0.0  
   0.305525483642                 0.0  
   0.306747592131                 0.0  
   0.307974583754                 0.0  
   0.309206479307                 0.0  
   0.310443299785                 0.0  
   0.311685066389                 0.0  
   0.312931822196                 0.0  
   0.314183545656                 0.0  
   0.315440280101                 0.0  
   0.316702047589                 0.0  
   0.317968848024                 0.0  
   0.319240725932                 0.0  
   0.320517681318                 0.0  
    0.32179975953                 0.0  
   0.323086960685                 0.0  
   0.324379307693                 0.0  
   0.325676823708                 0.0  
   0.326979532134                 0.0  
   0.328287432778                 0.0  
   0.329600597068                 0.0  
   0.330919001291                 0.0  
   0.332242669315                 0.0  
   0.333571649902                 0.0  
   0.334905918403                 0.0  
   0.336245548955                 0.0  
   0.337590541904                 0.0  
   0.338940897082                 0.0  
   0.340296665061                 0.0  
   0.341657845854                 0.0  
   0.343024491036                 0.0  
   0.344396574568                 0.0  
   0.345774174887                 0.0  
   0.347157265742                 0.0  
   0.348545900161                 0.0  
   0.349940078147                 0.0  
   0.351339826487                 0.0  
   0.352745199837                 0.0  
   0.354156170793                 0.0  
   0.355572794473                 0.0  
   0.356995099023                 0.0  
   0.358423056085                 0.0  
   0.359856750479                 0.0  
   0.361296182545                 0.0  
   0.362741381197                 0.0  
   0.364192346371                 0.0  
   0.365649107033                 0.0  
   0.367111692529                 0.0  
   0.368580162657                 0.0  
   0.370054457347                 0.0  
   0.371534697329                 0.0  
   0.373020821886                 0.0  
   0.374512922982                 0.0  
   0.376010969812                 0.0  
   0.377514993083                 0.0  
   0.379025055715                 0.0  
   0.380541157981                 0.0  
    0.38206333188                 0.0  
   0.383591577294                 0.0  
   0.385125959166   2.59740762285e-06  
   0.386666444678                 0.0  
   0.388213132782                 0.0  
   0.389765956915                 0.0  
   0.391325051123                 0.0  
   0.392890348197                 0.0  
   0.394461915901                 0.0  
   0.396039754161                 0.0  
   0.397623897285                 0.0  
   0.399214415358                 0.0  
   0.400811273444                 0.0  
   0.402414506544                 0.0  
   0.404024150177                 0.0  
   0.405640240394                 0.0  
   0.407262813787                 0.0  
   0.408891870496                 0.0  
    0.41052744734                 0.0  
   0.412169544098                 0.0  
   0.413818235712                 0.0  
   0.415473484303                 0.0  
   0.417135404168                 0.0  
   0.418803918566   2.87196544206e-06  
   0.420479143282   2.59223987025e-06  
    0.42216107887                 0.0  
   0.423849725244                 0.0  
    0.42554512175                 0.0  
   0.427247308353   1.02002255873e-05  
   0.428956284932                 0.0  
   0.430672091755                 0.0  
   0.432394811114   6.28131919196e-06  
   0.434124360447                 0.0  
   0.435860864087   5.39804886799e-06  
   0.437604322571                 0.0  
   0.439354735776                 0.0  
   0.441112145969   3.22202674268e-06  
    0.44287659611                 0.0  
   0.444648086107   2.85779624159e-06  
   0.446426703405   4.12680111484e-06  
   0.448212404196                 0.0  
   0.450005232208                 0.0  
   0.451805277075   6.80275267508e-06  
    0.45361249401   9.37697242207e-06  
   0.455426927892   2.83706241636e-06  
    0.45724867063   2.86832515033e-06  
    0.45907762982                 0.0  
    0.46091394446    1.0302313777e-05  
   0.462757615155                 0.0  
   0.464608641808                 0.0  
   0.466467071771    4.1270649835e-06  
   0.468332953209   8.44601454989e-06  
   0.470206286192                 0.0  
   0.472087119393   4.88862793167e-06  
   0.473975452618   1.59053484319e-05  
   0.475871335061   1.54334229351e-05  
   0.477774816778   2.29046886963e-05  
    0.47968594871     8.031341105e-06  
   0.481604680029   1.20443235841e-05  
   0.483531112768   1.26939395188e-05  
   0.485465247193   1.65977041275e-05  
   0.487407082836    2.3477905585e-05  
    0.48935672447   1.76434888311e-05  
   0.491314119229   7.71763373014e-06  
   0.493279373346   2.21335531943e-05  
   0.495252541446   3.10066792528e-05  
   0.497233514987   1.33911612718e-05  
   0.499222456958    5.1723338956e-06  
   0.501219368051   2.99460182211e-05  
   0.503224248203   1.83591568667e-05  
   0.505237153073   9.22086930571e-06  
   0.507258082401   1.38264154097e-05  
   0.509287092547   2.37907447713e-05  
   0.511324240917   1.33435942779e-05  
   0.513369527656   1.93828166735e-05  
    0.51542301092   1.84972462589e-05  
   0.517484749951                 0.0  
   0.519554685619   3.72539914341e-05  
    0.52163287653   1.56623488358e-05  
   0.523719382401   1.88659496926e-05  
   0.525814264075   3.23309442208e-05  
   0.527917521869   1.55637950395e-05  
    0.53002921747   2.08635826138e-05  
   0.532149351069    2.4945256891e-05  
   0.534277922046   1.50237472808e-05  
   0.536415056314   2.67617944984e-05  
   0.538560690453   2.73929276011e-05  
   0.540714952292   1.45920163185e-05  
   0.542877809892   3.29848425051e-05  
   0.545049328073   3.11407408335e-05  
   0.547229506639   2.84873256376e-05  
    0.54941844476   2.13544561599e-05  
   0.551616109283   3.26856911886e-05  
   0.553822566959   2.26819160878e-05  
   0.556037851638    4.1903054488e-05  
   0.558261997412   3.30461326193e-05  
   0.560495073378   2.90327393942e-05  
   0.562737044876   6.30975881588e-05  
   0.564987981235   2.21130226722e-05  
   0.567247953161   4.12053539664e-05  
   0.569516925098   2.53716582145e-05  
   0.571795004185   1.85802495758e-05  
    0.57408219074    4.7247920475e-05  
   0.576378520968   3.26645566517e-05  
   0.578684031361   3.41025111711e-05  
   0.580998758706   6.19464005606e-05  
    0.58332274009   4.88517145474e-05  
   0.585656050859   5.17036204956e-05  
   0.587998653113   5.82833377542e-05  
   0.590350661093   4.52233831374e-05  
   0.592712075199   7.41258212273e-05  
   0.595082894929   3.01235959789e-05  
   0.597463237368   4.66320763805e-05  
   0.599853103008   4.43325343581e-05  
   0.602252491434   2.56557439912e-05  
   0.604661522677   4.72582012122e-05  
   0.607080156581   4.40490215798e-05  
   0.609508474096   6.12268734279e-05  
   0.611946516412   7.20561843976e-05  
   0.614394325111    4.8944461636e-05  
   0.616851900062   6.05138847167e-05  
   0.619319282636   6.10919013051e-05  
   0.621796557381    8.4803830416e-05  
   0.624283767493   6.36910926019e-05  
   0.626780869656   5.81709616129e-05  
   0.629287993483   4.04170979768e-05  
    0.63180518347   9.41512959503e-05  
   0.634332395511   5.33941104334e-05  
   0.636869717762   6.33546250393e-05  
   0.639417195011   6.78520823067e-05  
   0.641974872512   7.87993046382e-05  
   0.644542750024   6.98225950172e-05  
   0.647120918993   0.000103913124272  
   0.649709426118   0.000112447174121  
   0.652308271514   0.000103477546943  
   0.654917501763   0.000137308582787  
   0.657537163955   6.53808587579e-05  
   0.660167305694    7.2085655293e-05  
    0.66280797511   5.36374215615e-05  
   0.665459220872    2.0652278996e-05  
   0.668121042799   4.90025460314e-05  
    0.67079353927   0.000112508475599  
   0.673476710427   0.000101501055349  
   0.676170605981   9.23437250399e-05  
   0.678875276214   0.000150109670201  
   0.681590771994   0.000173925457765  
   0.684317144785   0.000154162211988  
   0.687054446662   0.000154014801921  
    0.68980262501   0.000101402997297  
   0.692561836779   0.000141244068725  
   0.695332082421   0.000163736429439  
   0.698113415263   8.85997113409e-05  
   0.700905889283   0.000153801653631  
   0.703709504325   6.86727609804e-05  
   0.706524369631     0.0001581068519  
   0.709350429842   0.000146190341558  
   0.712187851239   0.000147336018264  
   0.715036578075   0.000194333581646  
   0.717896722797   0.000153765457436  
   0.720768342898   0.000204453088976  
   0.723651380715   0.000164857510456  
   0.726546009278   0.000225661445963  
    0.72945217056   0.000240542483042  
   0.732369981607   0.000222379508103  
   0.735299502293   0.000265915404219  
   0.738240672671   0.000218139843554  
   0.741193612111   0.000232500961807  
   0.744158442711   0.000209550461138  
   0.747135042275   0.000234229072691  
   0.750123594847   0.000313715439722  
   0.753124100979    0.00023413973423  
   0.756136560078   0.000280880647203  
   0.759161097933   0.000304979834318  
    0.76219777895   0.000261546678752  
   0.765246538827   0.000345327014624  
   0.768307571306   0.000338292039292  
   0.771380745977   0.000292753860228  
   0.774466325285   0.000307072822553  
   0.777564177525   0.000308266803536  
    0.78067443531   0.000332868959821  
   0.783797098384   0.000402185105143  
   0.786932302339   0.000359148042118  
   0.790080047785   0.000289595425077  
   0.793240334132   0.000306779592606  
   0.796413299943   0.000368309061708  
   0.799598945532   0.000233966828679  
   0.802797341314   0.000304377118268  
   0.806008558748   0.000284908087233  
   0.809232597891   0.000378505683028  
    0.81246953061   0.000400455594435  
   0.815719429854   0.000296047500762  
    0.81898229545   0.000283583119693  
   0.822258200786   0.000327339261601  
   0.825547220369   0.000416774809236  
   0.828849429845   0.000412554276912  
   0.832164829396   0.000502190042569  
   0.835493495177   0.000379981562675  
   0.838835426658   0.000399714839393  
   0.842190778997   0.000310457474275  
    0.84555955283    0.00044209457876  
   0.848941827263   0.000380478425166  
   0.852337602258   0.000504543073025  
    0.85574695751   0.000474980271759  
   0.859169892294   0.000393267987338  
   0.862606569239   0.000439345407012  
   0.866056988902   0.000331612515612  
   0.869521234191   0.000418247581132  
   0.872999305016   0.000561443224687  
   0.876491284963   0.000542064762765  
   0.879997258979   0.000402568058754  
   0.883517313402   0.000542620662025  
   0.887051361841   0.000408958764282  
    0.89059957708   0.000506362980871  
   0.894161959174   0.000537534020904  
   0.897738595996   0.000534308631084  
   0.901329576884   0.000484775013997  
   0.904934902051   0.000527020179123  
    0.90855457033   0.000429352752622  
   0.912188855376   0.000627246374964  
    0.91583757419   0.000433404912478  
   0.919500910695   0.000451359267085  
    0.92317895905   0.000381748127706  
   0.926871624892    0.00054506594245  
   0.930579096884   0.000532645606642  
   0.934301471767   0.000385450120752  
   0.938038653215    0.00042360537855  
   0.941790834809   0.000449240211696  
   0.945558017068   0.000439336848657  
   0.949340199073   0.000457855697609  
   0.953137579495   0.000323665967838  
   0.956950159285   0.000369320742944  
   0.960777937946   0.000483607499627  
   0.964621016469   0.000600437671055  
   0.968479497641   0.000403078177326  
   0.972353486075   0.000502917153148  
    0.97624287733   0.000407292633807  
   0.980147774721   0.000465283409704  
   0.984068390582   0.000531293857025  
   0.988004726545   0.000495440723689  
   0.991956673874   0.000311977936329  
   0.995924557853   0.000382706547543  
    0.99990827019   0.000369221102298  
     1.0039079206    0.00033005172344  
    1.00792350839   0.000388660486608  
    1.01195514463   0.000427688814932  
    1.01600305669   0.000440473507012  
    1.02006701708   0.000367303353799  
     1.0241472537    0.00033521155124  
    1.02824388327   0.000280438766028  
    1.03235690673   0.000369841854812  
    1.03648632346   0.000560873107216  
    1.04063225109   0.000267175176946  
    1.04479480945   0.000531764787653  
    1.04897399887   0.000294589057769  
     1.0531698181   0.000388519697545  
    1.05738251166   0.000438125382855  
    1.06161208096   0.000361988412038  
    1.06585852578   0.000419888183986  
    1.07012197099   0.000357782015387  
    1.07440241613   0.000332517591073  
    1.07870005221    0.00048010961695  
    1.08301481519   0.000340626473205  
    1.08734689895   0.000343425158177  
    1.09169630414   0.000360972580446  
    1.09606302978   0.000326368010637  
    1.10044734116   0.000320635569799  
    1.10484910523   0.000344074119708  
    1.10926852335   0.000321893602883  
     1.1137055958   0.000288017342662  
    1.11816039035   0.000269150532617  
    1.12263304497   0.000286046248349  
    1.12712355978   0.000338089578032  
    1.13163207491    0.00044017604636  
    1.13615859041   0.000264286465474  
    1.14070324858   0.000255177592536  
    1.14526604943   0.000269294400804  
    1.14984706437    0.00027194144787  
    1.15444651285   0.000279963762651  
    1.15906424797   0.000402449844611  
    1.16370056586   0.000204759379761  
    1.16835531727   0.000123664191503  
    1.17302872701   0.000227768836488  
    1.17772087188   0.000255915410684  
    1.18243175198   0.000356747184399  
    1.18716144357   0.000198127550165  
    1.19191010218   0.000378640977899  
    1.19667772807   0.000321255948193  
     1.2014644794   0.000405638675542  
    1.20627035656   0.000290850901302  
    1.21109543928   0.000315439901195  
      1.215939808   0.000259637065755  
    1.22080354391   0.000402137514414  
    1.22568681206   0.000331022971328  
     1.2305895296   0.000363245915234  
    1.23551186248   0.000439318017986  
    1.24045389501   0.000375087977183  
     1.2454157123   0.000229749691687  
     1.2503974003   0.000211863430277  
    1.25539895864   0.000346132799746  
    1.26042056078   0.000406153498124  
    1.26546229526   0.000325136839945  
    1.27052416224   0.000327397765694  
    1.27560624992   0.000380256252113  
    1.28070864744   0.000320930065399  
    1.28583144485   0.000292477388037  
    1.29097482537   0.000406946384863  
    1.29613869727    0.00031266232461  
    1.30132324497   0.000293797529864  
    1.30652856241   0.000253192625212  
    1.31175464935   0.000339344140282  
    1.31700169547   0.000445975311005  
     1.3222697011   0.000484637655246  
    1.32755876203   0.000253016104126  
    1.33286897515   0.000345637178734  
    1.33820043842   0.000252831915725  
    1.34355325091   0.000407906295922  
    1.34892751285   0.000490995393538  
    1.35432322412   0.000356678162366  
    1.35974048482   0.000279905109853  
    1.36517949934   0.000301366497429  
    1.37064016475   0.000458788711145  
      1.376122687   0.000340412696237  
    1.38162727663   0.000367529362364  
    1.38715372296   0.000443453761461  
    1.39270234299    0.00044945892617  
    1.39827313727    0.00029851165639  
    1.40386621331   0.000284659842311  
    1.40948167992   0.000320965456509  
    1.41511964725   0.000276469447477  
    1.42078011516    0.00023611405183  
    1.42646319391   0.000209747910462  
    1.43216910863   0.000283329075747  
    1.43789774632   0.000493362193496  
    1.44364933409   0.000518247833628  
    1.44942398792    0.00018982964692  
    1.45522170815   0.000286309069262  
    1.46104249287   0.000373222123368  
     1.4668866951   0.000245921006583  
    1.47275431694   0.000367750355305  
    1.47864523734   0.000338791965923  
    1.48455981683   0.000404980068697  
    1.49049805659   0.000308484431149  
    1.49646007942   0.000302084004793  
    1.50244588491   0.000354093710297  
    1.50845572211   0.000394270789925  
    1.51448959202   0.000460977624291  
    1.52054749331   0.000567610884626  
     1.5266296802   0.000447418451595  
    1.53273615283   0.000469418432599  
    1.53886717105   0.000289584303959  
    1.54502260448   0.000229070833931  
    1.55120271558   0.000358796799489  
    1.55740750452    0.00040631377402  
    1.56363710436   0.000387356946981  
    1.56989165006   0.000319627827557  
    1.57617127854   0.000390502207126  
    1.58247599015   0.000287546416728  
    1.58880592249   0.000498768578007  
    1.59516107439   0.000477225101886  
    1.60154172603   0.000537792053392  
    1.60794787812   0.000417890172737  
    1.61437967308   0.000498120937237  
    1.62083725547   0.000541228401031  
    1.62732047899   0.000567175740003  
    1.63382978091   0.000381723280226  
     1.6403651635   0.000590728502401  
    1.64692662655    0.00046311303518  
    1.65351431859   0.000569793319448  
    1.66012839044    0.00032346950526  
    1.66676884154   0.000588953115133  
    1.67343597864   0.000484900286162  
    1.68012964726   0.000602527261367  
     1.6868501577   0.000559749049658  
    1.69359766897   0.000681831569663  
    1.70037202268   0.000488176555234  
    1.70717353647   0.000455785870667  
    1.71400221054   0.000635609443445  
    1.72085820633   0.000524100504473  
    1.72774168785   0.000595445055375  
    1.73465265526   0.000658433835163  
    1.74159127391   0.000505673725598  
    1.74855754262   0.000442107593238  
    1.75555179861   0.000370248146304  
    1.76257404347   0.000717527530567  
    1.76962427614   0.000656158596591  
    1.77670284213   0.000632069765376  
    1.78380956722   0.000833408867851  
    1.79094480125   0.000706991071729  
    1.79810872371    0.00106735880342  
    1.80530115645   0.000523455481831  
    1.81252227635   0.000952682630228  
    1.81977244648   0.000962350706076  
    1.82705148476   0.000665963947409  
    1.83435957276    0.00101552391635  
    1.84169708283   0.000961258985143  
    1.84906382895    0.00106182634055  
    1.85646018835   0.000980711374298  
     1.8638859709   0.000952385766379  
    1.87134155879    0.00107309487884  
    1.87882695303   0.000867911994301  
    1.88634215182     0.0010171946694  
    1.89388754731   0.000898285699437  
    1.90146314133   0.000852292701211  
    1.90906893284    0.00119188080808  
    1.91670532438    0.00152647306747  
    1.92437211384    0.00112142947254  
    1.93206950273    0.00131772127458  
    1.93979790433    0.00157329444502  
    1.94755711267    0.00170570616572  
    1.95534733522    0.00212433990614  
    1.96316856994    0.00169491903548  
    1.97102124165    0.00174508942293  
    1.97890535251    0.00164916563101  
    1.98682112011    0.00187250191091  
    1.99476832565    0.00164962990415  
    2.00274740602    0.00158899896958  
    2.01075836178    0.00209546715597  
    2.01880141589    0.00165253700093  
    2.02687656812    0.00171147724297  
    2.03498404427    0.00222747533298  
    2.04312407431    0.00160450343169  
    2.05129665965    0.00243396708451  
     2.0595017986    0.00297048754067  
    2.06773972286    0.00263082179174  
    2.07601066845    0.00302293963873  
    2.08431463547     0.0031055680012  
    2.09265210542    0.00229599692656  
    2.10102259513    0.00271767687466  
    2.10942658742    0.00282012275992  
    2.11786432936    0.00294590062375  
    2.12633582256    0.00315585603101  
    2.13484131755    0.00283813089053  
     2.1433805613    0.00323074730417  
    2.15195405802    0.00246595822327  
    2.16056193754    0.00310872692305  
    2.16920420033     0.0037611030198  
    2.17788097479    0.00399776739321  
     2.1865925224    0.00397870792603  
    2.19533884309    0.00375936784406  
    2.20412020221    0.00380004904842  
    2.21293673483    0.00402159667965  
    2.22178844042    0.00424821103082  
    2.23067559034    0.00414805049054  
    2.23959832256    0.00469136118706  
    2.24855677603    0.00412457409709  
    2.25755094977    0.00458988827965  
    2.26658112356     0.0035292053294  
    2.27564743949    0.00388468102111  
    2.28475004076    0.00409926817704  
    2.29388907166    0.00369308850674  
    2.30306467764    0.00358075282199  
    2.31227685738    0.00434674225087  
    2.32152605332     0.0050712732103  
    2.33081211742    0.00413717113361  
    2.34013534778    0.00457690783894  
    2.34949589586    0.00468035557337  
     2.3588939144    0.00445314034899  
    2.36832940228    0.00441878579999  
    2.37780282395    0.00515258292847  
    2.38731402457    0.00443289066719  
    2.39686315846    0.00485439486187  
    2.40645070173    0.00454015459693  
    2.41607649617    0.00486231532709  
    2.42574070034    0.00458094424905  
    2.43544380238    0.00488500121792  
    2.44518547545    0.00500201947755  
    2.45496621204       0.00383804473  
    2.46478618067    0.00417725238291  
    2.47464521268    0.00449220238435  
    2.48454381326    0.00402661794812  
    2.49448198371    0.00401980966472  
    2.50445989506    0.00421991243725  
       2.51447772    0.00353708764399  
    2.52453563299    0.00381866294195  
    2.53463381022    0.00427992678337  
    2.54477242968    0.00446629978189  
    2.55495149062    0.00402703774621  
    2.56517135243    0.00356150874339  
    2.57543201517    0.00391312462696  
    2.58573365996    0.00291015264708  
    2.59607665626    0.00344624626671  
    2.60646100556    0.00424147184207  
    2.61688670542    0.00345790059835  
    2.62735432224    0.00357298133493  
    2.63786366667    0.00293999833072  
    2.64841512134    0.00371405130764  
    2.65900888157    0.00375010527225  
    2.66964494773    0.00333383780832  
    2.68032351485    0.00298118459698  
    2.69104478018    0.00306113589096  
    2.70180894321    0.00354038476887  
    2.71261620574    0.00310626075493  
    2.72346656674    0.00268410244707  
    2.73436043466    0.00271196473912  
    2.74529801844    0.00226365325957  
     2.7562791092    0.00211015857093  
    2.76730433452    0.00218572955148  
    2.77837348379    0.00250617547368  
    2.78948698116    0.00234085042223  
    2.80064482621      0.002794061688  
     2.8118474517    0.00335397126997  
    2.82309485907    0.00201381130274  
    2.83438726773    0.00190101455304  
    2.84572489981    0.00283705663862  
    2.85710775442    0.00240557668514  
    2.86853605393    0.00266616781482  
      2.880010253    0.00248023882913  
    2.89153035391    0.00181358976488  
    2.90309635457    0.00213239681352  
    2.91470895348     0.0020144473888  
    2.92636768263    0.00200932250229  
    2.93807324851     0.0018190284388  
    2.94982541299    0.00150992366076  
    2.96162465374    0.00185971132943  
    2.97347121472    0.00136377753173  
    2.98536509663    0.00200797259344  
    2.99730654414    0.00128783091004  
    3.00929580525    0.00120209847288  
    3.02133287881    0.00146126444753  
    3.03341826813    0.00083515427009  
    3.04555197494    0.00123219625415  
    3.05773425498   0.000906572673595  
    3.06996510682   0.000645588434243  
    3.08224504996    0.00104804235847  
    3.09457408611    0.00102463349267  
    3.10695221222    0.00100498544148  
    3.11937995887   0.000762361343587  
    3.13185759762   0.000728578345623  
    3.14438513044    0.00092515849046  
    3.15696255453    0.00093202483956  
    3.16959041803    0.00044803532083  
    3.18226872167     0.0006272689931  
    3.19499774367   0.000630659701313  
     3.2077777664   0.000785180540223  
    3.22060907639   0.000942507903393  
    3.23349138593   0.000835661169781  
    3.24642526784   0.000755691965313  
    3.25941101458   0.000607358325008  
    3.27244862677   0.000907736881976  
    3.28553839867    0.00121755694662  
    3.29868062902   0.000457462768285  
    3.31187531768    0.00110709811158  
    3.32512276534   0.000635268220179  
    3.33842327728    0.00119777435666  
    3.35177716355   0.000337386699003  
    3.36518411244    0.00048303377307  
    3.37864506026   0.000543788424381  
    3.39215937671   0.000812207422158  
    3.40572801038   0.000577871953638  
    3.41935096495   0.000596825469357  
    3.43302856495   0.000412217838466  
     3.4467604828   0.000325663860112  
    3.46054770028   0.000527031166958  
    3.47438988975   0.000563837893575  
    3.48828738091   0.000382470028725  
    3.50224050881   0.000260869925703  
    3.51624961393   0.000394849392162  
    3.53031435276   0.000514597182708  
    3.54443575556   0.000193680978616  
    3.55861347905   0.000502739691327  
    3.57284786965   0.000558128228691  
    3.58713927957   0.000115500079646  
    3.60148770802   0.000243899290393  
    3.61589387213   0.000394662090985  
    3.63035741275   0.000294111633505  
    3.64487868866    0.00011517550305  
    3.65945843514   0.000528851550414  
    3.67409628525    0.00024209270679  
     3.6887926074   0.000373023239303  
    3.70354777632   0.000193233907001  
    3.71836179065   0.000259427377039  
    3.73323541447   0.000242433844244  
    3.74816826477   0.000182604573406  
    3.76316111576   0.000397141677003  
    3.77821357615   0.000105557885142  
    3.79332643045   0.000159829416095  
    3.80849968022   0.000175480399608  
    3.82373372567   0.000111207296325  
    3.83902856636   0.000167292929384  
    3.85438501793   0.000237376905383  
    3.86980225926   0.000272078489132  
    3.88528152486    0.00031410999974  
    3.90082282035   0.000244384298159  
    3.91642614544   0.000170063495923  
     3.9320919216   0.000232312160022  
    3.94782014671   0.000302350095196  
    3.96361124722   0.000209650186089  
     3.9794656573   0.000145887275445  
    3.99538381902   5.69703387082e-05  
    4.01136529223   0.000271564908217  
    4.02741051384   0.000210943521479  
    4.04352038115   0.000256604091958  
    4.05969444633   0.000157717675408  
    4.07593316003   0.000243376806792  
    4.09223698126   0.000193221163963  
    4.10860591058   0.000228889781045  
    4.12504041299   0.000267044014873  
    4.14154048768                 0.0  
    4.15810660581   0.000127957111959  
    4.17473924737   5.24137872427e-05  
     4.1914379294    0.00011577473266  
    4.20820361671   0.000257960077109  
    4.22503631116   0.000264220629423  
    4.24193650599   0.000301848777461  
    4.25890420203   0.000398452924491  
    4.27593989945                 0.0  
    4.29304359811   0.000153615729516  
    4.31021606223   5.78774435422e-05  
    4.32745677891   0.000195124885175  
    4.34476677871   6.92354102944e-05  
    4.36214580283   0.000160437720091  
    4.37959437336   6.88546269022e-05  
    4.39711275511   7.00715254738e-05  
    4.41470121473                 0.0  
    4.43236002067   5.53461084268e-05  
    4.45008944329   0.000156700544278  
    4.46788975486   0.000143416024047  
     4.4857612296   0.000249913281058  
     4.5037044243   0.000148538413031  
    4.52171905834   6.29877329842e-05  
    4.53980597546   6.98417319578e-05  
    4.55796517761   3.11893910017e-05  
    4.57619723913   0.000146400936385  
    4.59450186987   5.35725737227e-05  
    4.61287994068   3.55146084489e-05  
    4.63133145335   0.000377688407696  
    4.64985670171   7.85660441504e-05  
    4.66845628346   6.63849424544e-05  
    4.68712989672   0.000120345949274  
    4.70587844804   0.000215380006177  
    4.72470193969                 0.0  
    4.74360098925   8.42908976759e-05  
    4.76257528571   7.84432124878e-05  
    4.78162544951   7.62994536463e-05  
    4.80075211388   0.000203247816867  
    4.81995496102   0.000140561191518  
    4.83923495122    7.8523753277e-05  
    4.85859176224   7.10713033969e-05  
    4.87802637057                 0.0  
    4.89753844961    0.00015543936586  
     4.9171283236   0.000213019536263  
    4.93679699404   0.000148188289486  
    4.95654412786   0.000142322082079  
    4.97637040127   0.000170750902375  
    4.99627581409    4.0836383755e-05  
    5.01626105463   0.000120710198849  
    5.03632612401   0.000100264479649  
    5.05647136933   0.000180715992257  
    5.07669714118   0.000269727747938  
    5.09700379373   0.000212952978588  
    5.11739204703   0.000218802866743  
    5.13786154103     0.0003392616969  
    5.15841300039   0.000175140998043  
    5.17904679429   0.000317646657096  
    5.19976292187   0.000534671003002  
    5.22056175127   0.000247626114515  
    5.24144403461   0.000269892793606  
    5.26240977412   0.000395087382371  
    5.28345973627   0.000188671730598  
    5.30459353645   0.000577359081701  
    5.32581194655   0.000386932519516  
    5.34711496429   0.000309644945174  
     5.3685033765    0.00031455118917  
    5.38997758533   0.000109908559254  
     5.4115375925   0.000250032514341  
    5.43318339149    0.00021199739758  
    5.45491620212   0.000465162193208  
    5.47673603057   0.000307597994983  
    5.49864287472   0.000399539399124  
    5.52063756715   0.000449767859156  
    5.54272010896   0.000684912394743  
    5.56489092113   0.000227992834624  
    5.58715042976   0.000180913494353  
    5.60949906616   0.000478201301315  
    5.63193726694   0.000253177567638  
    5.65446458961   0.000269286753611  
    5.67708279786   0.000337698549534  
    5.69979100731   0.000502569895117  
    5.72259010817   0.000546704008486  
    5.74548055411   0.000296244642042  
    5.76846234429   0.000129444548393  
      5.791536397   0.000407522386535  
    5.81470224819   0.000452621993577  
    5.83796129572   0.000343017616277  
    5.86131307274   0.000683696271504  
    5.88475852542   0.000575357123072  
    5.90829717285   0.000407477387384  
    5.93193045656   0.000488215506469  
    5.95565838363   0.000660290931527  
    5.97948095214   0.000304132841344  
    6.00339864953   0.000372106452194  
    6.02741247236   0.000448678812509  
    6.05152192044   0.000616125788248  
    6.07572799998   0.000738803078794  
    6.10003122573   0.000194011972501  
    6.12443108191    0.00054641142861  
    6.14892911878   0.000394214548026  
    6.17352481846   0.000383886725947  
    6.19821869966   0.000513945084662  
    6.22301182415   0.000628008870295  
    6.24790365848   0.000230461815091  
    6.27289527528   0.000691863204997  
    6.29798667496   0.000674803452349  
    6.32317895437   0.000471611043956  
    6.34847156357   0.000496592799913  
    6.37386561103    0.00050602583496  
    6.39936109829    0.00042753141305  
    6.42495858819   0.000406839984478  
    6.45065807628   0.000352755825831  
    6.47646070858   9.22809313799e-05  
    6.50236648851   0.000506925907087  
    6.52837599909   0.000392159379267  
    6.55448983217   0.000422202204082  
    6.58070739056   0.000584463188128  
     6.6070304631   0.000481037399133  
    6.63345845158   0.000404199659645  
    6.65999256893   0.000276706870649  
    6.68663220164   0.000492635221058  
    6.71337857646   0.000368854747214  
     6.7402323211   0.000184455397651  
    6.76719343966   0.000296868486793  
    6.79426192596   0.000343249476365  
    6.82143905059    0.00032610021102  
    6.84872481713    0.00031354625988  
    6.87611987273   0.000184451680035  
    6.90362421565   0.000208091777375  
    6.93123849806   0.000198496387971  
    6.95896338267    8.6060231132e-05  
    6.98679954287   0.000345559446073  
    7.01474698239   4.45437257724e-05  
    7.04280569424   7.77867896808e-05  
    7.07097704376   0.000111386589496  
    7.09926103526    4.4005000431e-05  
    7.12765766225   0.000238567275945  
    7.15616832394   0.000203645864781  
    7.18479302568   0.000476317810773  
    7.21353248167   0.000108565023851  
    7.24238669254   0.000429347498867  
    7.27135637916   9.95447381982e-05  
    7.30044153741   0.000149191566627  
    7.32964289499   0.000125619808193  
    7.35896194108   0.000391286302956  
    7.38839793625                 0.0  
    7.41795162807   0.000177293123397  
     7.4476230097   0.000196062706027  
    7.47741360958   0.000112380129466  
    7.50732343484   0.000153808023368  
    7.53735248125   0.000266704713622  
    7.56750152509    0.00013809819515  
     7.5977721547   0.000224756395445  
    7.62816277835   0.000113447608945  
    7.65867579796   0.000168290734991  
    7.68931040992   0.000323164861931  
    7.72006742165   0.000278044499996  
    7.75094765492    0.00047901218279  
    7.78195194613   0.000244823450695  
    7.81307945788   0.000418840192346  
    7.84433186727   0.000403631599804  
    7.87570917764   0.000785977645943  
    7.90721224521   0.000468603586767  
    7.93884106988   0.000425429044187  
    7.97059651818   0.000444662265678  
    8.00247858663   0.000238171801794  
    8.03448815236   0.000398073670781  
    8.06662610855   0.000370811632485  
    8.09889336484   0.000564655437262  
     8.1312881039   0.000597751569389  
    8.16381396885   0.000653005349287  
    8.19646913217   0.000300867794335  
    8.22925450488   0.000209058347572  
    8.26217195928    0.00037135053974  
     8.2952205599    0.00021010594158  
    8.32840124719   0.000445890679663  
    8.36171497933   0.000228614357232  
    8.39516175769   0.000301354175575  
    8.42874255349   0.000734171112487  
    8.46245736585   0.000321988020074  
     8.4963071794   0.000611517645599  
    8.53029299759   0.000985327396855  
    8.56441381387   0.000175684006975  
    8.59867164433   0.000662522906712  
    8.63306597974   0.000780133100822  
    8.66759835958   0.000359139621647  
    8.70226878849   8.79224867916e-05  
    8.73707778582   0.000422212930955  
    8.77202587434   0.000539058511565  
    8.80711411676   0.000526255577161  
    8.84234251506    0.00075290614482  
    8.87771214789   0.000286381478118  
    8.91322301618   0.000501712555249  
    8.94887566111   0.000558133652358  
    8.98467118599   0.000723393505291  
    9.02061015324   0.000382700021629  
    9.05669256222   0.000616205516091  
    9.09291897023   0.000527468622723  
    9.12929109163   0.000305868095235  
    9.16580777681   0.000116404063944  
    9.20247133927   0.000747868875956  
     9.2392812011   0.000632333943382  
    9.27623794181   0.000501065892211  
    9.31334334528   0.000955232553048  
    9.35059681985   0.000253016247919  
    9.38799895942   0.000877864644278  
    9.42555097729   0.000477435521651  
    9.46325287276   0.000305135856419  
    9.50110587927    0.00100095242431  
    9.53911062623   0.000226560784207  
    9.57726711423   0.000344308002747  
    9.61557596868    0.00050294417486  
    9.65403846516   0.000308885957732  
    9.69265460608    0.00062953205042  
    9.73142503402   0.000630765701887  
    9.77035105768   0.000368107968434  
    9.80943201648    0.00038194192369  
    9.84866989689    0.00060164716118  
    9.88806470579    0.00130128021247  
    9.92761711669   0.000757664879264  
    9.96732712253   0.000693519901689  
    10.0071967787    0.00026339709675  
    10.0472253989   0.000629880702027  
    10.0874143706     0.0115512094314  
