      wave_micron            flux_mjy  
  0.0151862453319                 0.0  
  0.0152415497594                 0.0  
  0.0153025154167                 0.0  
  0.0153637250122                 0.0  
   0.015425180221                 0.0  
  0.0154868810502                 0.0  
  0.0155488291952                 0.0  
  0.0156110246563                 0.0  
    0.01567346915                 0.0  
  0.0157361626703                 0.0  
  0.0157991069548                 0.0  
   0.015862303773                 0.0  
  0.0159257531313                 0.0  
  0.0159894550112                 0.0  
  0.0160534130204                 0.0  
  0.0161176271782                 0.0  
    0.01618209748                 0.0  
  0.0162468257657                 0.0  
  0.0163118139096                 0.0  
  0.0163770600225                 0.0  
  0.0164425678735                 0.0  
  0.0165083393984                 0.0  
  0.0165743726785                 0.0  
  0.0166406696301                 0.0  
  0.0167072322062                 0.0  
  0.0167740623974                 0.0  
  0.0168411572105                 0.0  
   0.016908522642                 0.0  
  0.0169761566919                 0.0  
  0.0170440613842                 0.0  
  0.0171122377454                 0.0  
  0.0171806857636                 0.0  
  0.0172494085612                 0.0  
  0.0173184061489                 0.0  
  0.0173876806522                 0.0  
  0.0174572310007                 0.0  
  0.0175270593267                 0.0  
  0.0175971678042                 0.0  
  0.0176675564402                 0.0  
  0.0177382274428                 0.0  
  0.0178091796948                 0.0  
  0.0178804165444                 0.0  
  0.0179519379969                 0.0  
  0.0180237463309                 0.0  
  0.0180958415518                 0.0  
  0.0181682248063                 0.0  
  0.0182408972502                 0.0  
  0.0183138612366                 0.0  
  0.0183871167722                 0.0  
  0.0184606650422                 0.0  
  0.0185345072419                 0.0  
  0.0186086458034                 0.0  
  0.0186830795002                 0.0  
  0.0187578120217                 0.0  
  0.0188328433799                 0.0  
   0.018908174824                 0.0  
  0.0189838076149                 0.0  
  0.0190597430247                 0.0  
  0.0191359823377                 0.0  
  0.0192125255433                 0.0  
  0.0192893765535                 0.0  
  0.0193665340651                 0.0  
  0.0194439993799                 0.0  
  0.0195217751624                 0.0  
  0.0195998627725                 0.0  
  0.0196782622126                 0.0  
  0.0197569748375                 0.0  
  0.0198360034085                 0.0  
  0.0199153465324                 0.0  
  0.0199950084036                 0.0  
  0.0200749890399                 0.0  
  0.0201552884287                 0.0  
  0.0202359094264                 0.0  
  0.0203168534892                 0.0  
  0.0203981206156                 0.0  
   0.020479713743                 0.0  
  0.0205616313812                 0.0  
  0.0206438779969                 0.0  
  0.0207264536059                 0.0  
  0.0208093597257                 0.0  
  0.0208925978913                 0.0  
  0.0209761680966                 0.0  
  0.0210600718742                 0.0  
  0.0211443123573                 0.0  
  0.0212288895558                 0.0  
  0.0213138050564                 0.0  
   0.021399060464                 0.0  
  0.0214846574026                 0.0  
  0.0215705958681                 0.0  
   0.021656877484                 0.0  
  0.0217435055676                 0.0  
  0.0218304801344                 0.0  
  0.0219178011671                 0.0  
  0.0220054720439                 0.0  
  0.0220934944899                 0.0  
  0.0221818685095                 0.0  
  0.0222705958296                 0.0  
  0.0223596781988                 0.0  
  0.0224491173879                 0.0  
  0.0225389133917                 0.0  
  0.0226290697965                 0.0  
  0.0227195847868                 0.0  
  0.0228104638233                 0.0  
  0.0229017050792                 0.0  
  0.0229933122501                 0.0  
  0.0230852853412                 0.0  
  0.0231776262249                 0.0  
  0.0232703367986                 0.0  
  0.0233634189851                 0.0  
  0.0234568727853                 0.0  
  0.0235507001277                 0.0  
  0.0236449029677                 0.0  
  0.0237394812916                 0.0  
  0.0238344410841                 0.0  
  0.0239297783475                 0.0  
  0.0240254970945                 0.0  
  0.0241215993701                 0.0  
  0.0242180851719                 0.0  
  0.0243149586469                 0.0  
   0.024412217708                 0.0  
  0.0245098665449                 0.0  
  0.0246079051568                 0.0  
   0.024706337828                 0.0  
  0.0248051624068                 0.0  
  0.0249043832227                 0.0  
  0.0250040002793                 0.0  
  0.0251040180052                 0.0  
  0.0252044341848                 0.0  
  0.0253052510271                 0.0  
  0.0254064730603                 0.0  
   0.025508098007                 0.0  
  0.0256101304453                 0.0  
  0.0257125703795                 0.0  
  0.0258154201345                 0.0  
  0.0259186820709                 0.0  
  0.0260223585857                 0.0  
  0.0261264472785                 0.0  
  0.0262309529415                 0.0  
  0.0263358755693                 0.0  
  0.0264412200677                 0.0  
  0.0265469839736                 0.0  
  0.0266531722503                 0.0  
   0.026759784909                 0.0  
  0.0268668244763                 0.0  
  0.0269742909428                 0.0  
  0.0270821894517                 0.0  
  0.0271905174168                 0.0  
  0.0272992800437                 0.0  
   0.027408477344                 0.0  
  0.0275181119692                 0.0  
  0.0276281839109                 0.0  
  0.0277386958433                 0.0  
  0.0278496504844                 0.0  
  0.0279610505974                 0.0  
    0.02807289341                 0.0  
  0.0281851844569                 0.0  
   0.028297926573                 0.0  
  0.0284111169242                 0.0  
  0.0285247611853                 0.0  
  0.0286388622665                 0.0  
  0.0287534172723                 0.0  
   0.028868429072                 0.0  
  0.0289839035587                 0.0  
  0.0290998407737                 0.0  
  0.0292162376922                 0.0  
  0.0293331033349                 0.0  
   0.029450437755                 0.0  
  0.0295682378656                 0.0  
  0.0296865097975                 0.0  
  0.0298052566889                 0.0  
  0.0299244785621                 0.0  
  0.0300441753939                 0.0  
  0.0301643535589                 0.0  
  0.0302850098474                 0.0  
  0.0304061507215                 0.0  
  0.0305277762053                 0.0  
  0.0306498862764                 0.0  
  0.0307724842184                 0.0  
  0.0308955767542                 0.0  
  0.0310191571473                 0.0  
  0.0311432355684                 0.0  
   0.031267808621                 0.0  
  0.0313928797303                 0.0  
  0.0315184488667                 0.0  
  0.0316445230436                 0.0  
  0.0317711023035                 0.0  
   0.031898186641                 0.0  
  0.0320257796335                 0.0  
  0.0321538812643                 0.0  
  0.0322824988477                 0.0  
  0.0324116287246                 0.0  
  0.0325412745672                 0.0  
  0.0326714401172                 0.0  
  0.0328021253768                 0.0  
  0.0329333341384                 0.0  
  0.0330650663953                 0.0  
  0.0331973259923                 0.0  
  0.0333301168478                 0.0  
  0.0334634350245                 0.0  
  0.0335972923954                 0.0  
  0.0337316790047                 0.0  
  0.0338666068614                 0.0  
  0.0340020739821                 0.0  
  0.0341380803297                 0.0  
  0.0342746341343                 0.0  
  0.0344117312592                 0.0  
  0.0345493800619                 0.0  
  0.0346875763345                 0.0  
  0.0348263264174                 0.0  
  0.0349656324733                 0.0  
   0.035105494499                 0.0  
  0.0352459168363                 0.0  
   0.035386899479                 0.0  
  0.0355284490714                 0.0  
  0.0356705611534                 0.0  
  0.0358132446918                 0.0  
  0.0359564974426                 0.0  
  0.0361003239563                 0.0  
  0.0362447242236                 0.0  
  0.0363897028683                 0.0  
  0.0365352622447                 0.0  
  0.0366814023445                 0.0  
  0.0368281279061                 0.0  
  0.0369754413435                 0.0  
   0.037123342652                 0.0  
  0.0372718366889                 0.0  
  0.0374209234529                 0.0  
  0.0375706078835                 0.0  
  0.0377208899839                 0.0  
  0.0378717722387                 0.0  
  0.0380232597152                 0.0  
  0.0381753524251                 0.0  
  0.0383280555238                 0.0  
  0.0384813664089                 0.0  
  0.0386352929064                 0.0  
  0.0387898350439                 0.0  
  0.0389449927899                 0.0  
  0.0391007741739                 0.0  
  0.0392571765096                 0.0  
  0.0394142052156                 0.0  
  0.0395718630527                 0.0  
   0.039730150015                 0.0  
   0.039889068853                 0.0  
  0.0400486251849                 0.0  
  0.0402088218867                 0.0  
  0.0403696560937                 0.0  
  0.0405311335129                 0.0  
  0.0406932599743                 0.0  
  0.0408560325667                 0.0  
  0.0410194571599                 0.0  
  0.0411835337443                 0.0  
  0.0413482683014                 0.0  
  0.0415136608397                 0.0  
  0.0416797143802                 0.0  
  0.0418464350782                 0.0  
  0.0420138198473                 0.0  
  0.0421818748882                 0.0  
  0.0423506033619                 0.0  
  0.0425200052653                 0.0  
  0.0426900869832                 0.0  
  0.0428608452837                 0.0  
  0.0430322898797                 0.0  
  0.0432044175118                 0.0  
  0.0433772347439                 0.0  
  0.0435507449271                 0.0  
  0.0437249480686                 0.0  
   0.043899847521                 0.0  
  0.0440754466782                 0.0  
   0.044251748976                 0.0  
  0.0444287543985                 0.0  
  0.0446064699073                 0.0  
  0.0447848955181                 0.0  
  0.0449640383375                 0.0  
  0.0451438911989                 0.0  
  0.0453244684591                 0.0  
  0.0455057665374                 0.0  
  0.0456877890588                 0.0  
  0.0458705396955                 0.0  
  0.0460540221685                 0.0  
  0.0462382402479                 0.0  
  0.0464231901229                 0.0  
  0.0466088831745                 0.0  
  0.0467953194487                 0.0  
  0.0469825028285                 0.0  
  0.0471704293711                 0.0  
  0.0473591147907                 0.0  
   0.047548551218                 0.0  
  0.0477387425614                 0.0  
  0.0479296968511                 0.0  
   0.048121418203                 0.0  
  0.0483139025256                 0.0  
  0.0485071580195                 0.0  
  0.0487011888768                 0.0  
  0.0488959908834                 0.0  
  0.0490915766829                 0.0  
  0.0492879420471                 0.0  
  0.0494850955426                 0.0  
  0.0496830328255                 0.0  
  0.0498817669577                 0.0  
  0.0500812935832                 0.0  
  0.0502816170811                 0.0  
  0.0504827464078                 0.0  
  0.0506846770853                 0.0  
  0.0508874135835                 0.0  
  0.0510909650607                 0.0  
  0.0512953269164                 0.0  
  0.0515005084112                 0.0  
  0.0517065095584                 0.0  
  0.0519133398359                 0.0  
  0.0521209897077                 0.0  
  0.0523294734927                 0.0  
  0.0525387912309                 0.0  
   0.052748947809                 0.0  
  0.0529599432243                 0.0  
  0.0531717823989                 0.0  
  0.0533844703326                 0.0  
  0.0535980070184                 0.0  
  0.0538124026211                 0.0  
  0.0540276520462                 0.0  
  0.0542437603713                 0.0  
  0.0544607380071                 0.0  
  0.0546785797359                 0.0  
  0.0548972960957                 0.0  
  0.0551168817443                 0.0  
  0.0553373527706                 0.0  
  0.0555586983713                 0.0  
  0.0557809348548                 0.0  
  0.0560040567579                 0.0  
  0.0562280751482                 0.0  
  0.0564529844364                 0.0  
  0.0566787958303                 0.0  
  0.0569055150795                 0.0  
  0.0571331364721                 0.0  
  0.0573616656758                 0.0  
  0.0575911143271                 0.0  
  0.0578214765912                 0.0  
  0.0580527642567                 0.0  
  0.0582849773746                 0.0  
  0.0585181159072                 0.0  
  0.0587521858386                 0.0  
  0.0589871994171                 0.0  
  0.0592231443552                 0.0  
  0.0594600391771                 0.0  
  0.0596978776747                 0.0  
  0.0599366724289                 0.0  
  0.0601764171007                 0.0  
  0.0604171244428                 0.0  
  0.0606587944978                 0.0  
  0.0609014272165                 0.0  
   0.061145029075                 0.0  
  0.0613896133384                 0.0  
  0.0616351734263                 0.0  
  0.0618817092309                 0.0  
  0.0621292410506                 0.0  
  0.0623777552976                 0.0  
  0.0626272656272                 0.0  
  0.0628777720403                 0.0  
   0.063129288554                 0.0  
  0.0633818010893                 0.0  
  0.0636353308644                 0.0  
   0.063889870777                 0.0  
  0.0641454352523                 0.0  
  0.0644020170518                 0.0  
  0.0646596234095                 0.0  
   0.064918261695                 0.0  
  0.0651779318951                 0.0  
   0.065438641478                 0.0  
  0.0657003980535                 0.0  
  0.0659632016714                 0.0  
  0.0662270522815                 0.0  
  0.0664919653869                 0.0  
   0.066757933217                 0.0  
  0.0670249635555                 0.0  
  0.0672930643361                 0.0  
  0.0675622355631                 0.0  
   0.067832481211                 0.0  
  0.0681038134915                 0.0  
  0.0683762283497                 0.0  
   0.068649734011                 0.0  
  0.0689243304506                 0.0  
  0.0692000302551                 0.0  
  0.0694768292185                 0.0  
  0.0697547358146                 0.0  
  0.0700337543427                 0.0  
  0.0703138891334                 0.0  
  0.0705951445493                 0.0  
  0.0708775249857                 0.0  
  0.0711610348713                 0.0  
  0.0714456786688                 0.0  
  0.0717314654303                 0.0  
  0.0720183906152                 0.0  
   0.072306463311                 0.0  
  0.0725956881234                 0.0  
  0.0728860696955                 0.0  
  0.0731776174494                 0.0  
  0.0734703266627                 0.0  
  0.0737642067987                 0.0  
  0.0740592626587                 0.0  
  0.0743554990853                 0.0  
  0.0746529258973                 0.0  
  0.0749515332222                 0.0  
   0.075251340833                 0.0  
  0.0755523488135                 0.0  
  0.0758545571332                 0.0  
  0.0761579759141                 0.0  
  0.0764626051371                 0.0  
  0.0767684551004                 0.0  
  0.0770755310579                 0.0  
  0.0773838330132                 0.0  
   0.077693366195                 0.0  
  0.0780041412693                 0.0  
   0.078316158267                 0.0  
   0.078629422573                 0.0  
  0.0789439396258                 0.0  
   0.079259714919                 0.0  
  0.0795767540021                 0.0  
  0.0798950624814                 0.0  
  0.0802146403258                 0.0  
  0.0805354988643                 0.0  
  0.0808576438804                 0.0  
  0.0811810753857                 0.0  
  0.0815057991484                 0.0  
  0.0818318209987                 0.0  
  0.0821591468305                 0.0  
  0.0824877826019                 0.0  
   0.082817734337                 0.0  
  0.0831490081274                 0.0  
  0.0834816039632                 0.0  
  0.0838155279262                 0.0  
  0.0841507924355                 0.0  
  0.0844873975438                 0.0  
  0.0848253431751                 0.0  
  0.0851646483849                 0.0  
  0.0855053068237                 0.0  
  0.0858473248539                 0.0  
  0.0861907154896                 0.0  
  0.0865354787741                 0.0  
  0.0868816213016                 0.0  
  0.0872291430099                 0.0  
  0.0875780640725                 0.0  
  0.0879283778012                 0.0  
  0.0882800909551                 0.0  
  0.0886332103769                 0.0  
   0.088987742995                 0.0  
  0.0893436887586                 0.0  
  0.0897010688489                 0.0  
  0.0900598690908                 0.0  
  0.0904201109028                 0.0  
  0.0907817943694                 0.0  
  0.0911449194373                 0.0  
  0.0915095007394                 0.0  
  0.0918755382958                 0.0  
  0.0922430395187                 0.0  
  0.0926120119188                 0.0  
  0.0929824554535                 0.0  
  0.0933543853675                 0.0  
  0.0937278094776                 0.0  
  0.0941027200284                 0.0  
  0.0944791246749                 0.0  
  0.0948570471081                 0.0  
  0.0952364714898                 0.0  
  0.0956174217934                 0.0  
  0.0959998899854                 0.0  
  0.0963838840736                 0.0  
  0.0967694204686                 0.0  
  0.0971564992491                 0.0  
  0.0975451287698                 0.0  
  0.0979353090143                 0.0  
  0.0983270483749                 0.0  
  0.0987203553653                 0.0  
  0.0991152386231                 0.0  
  0.0995116981457                 0.0  
  0.0999097426147                 0.0  
    0.10030938084                 0.0  
   0.100710621762                 0.0  
   0.101113465403                 0.0  
   0.101517920754                 0.0  
   0.101923987748                 0.0  
   0.102331684696                 0.0  
   0.102741011658                 0.0  
   0.103151977956                 0.0  
   0.103564583561                 0.0  
   0.103978847424                 0.0  
   0.104394760008                 0.0  
   0.104812340481                 0.0  
   0.105231588867                 0.0  
   0.105652514907                 0.0  
   0.106075128499                 0.0  
   0.106499419612                 0.0  
   0.106925418218                 0.0  
   0.107353124484                 0.0  
   0.107782538416                 0.0  
   0.108213670222                 0.0  
   0.108646519823                 0.0  
   0.109081108043                 0.0  
   0.109517434971                 0.0  
   0.109955500532                 0.0  
   0.110395326059                 0.0  
   0.110836900777                 0.0  
   0.111280257246                 0.0  
   0.111725373653                 0.0  
   0.112172271863                 0.0  
   0.112620963053                 0.0  
   0.113071447266                 0.0  
   0.113523735783                 0.0  
   0.113977828572                 0.0  
   0.114433737023                 0.0  
   0.114891472716                 0.0  
    0.11535103565                 0.0  
   0.115812449396                 0.0  
   0.116275690229                 0.0  
   0.116740793807                 0.0  
   0.117207760277                 0.0  
   0.117676589609                 0.0  
   0.118147293948                 0.0  
   0.118619885655                 0.0  
   0.119094364748                 0.0  
   0.119570743719                 0.0  
   0.120049022526                 0.0  
    0.12052922666                 0.0  
   0.121011343361                 0.0  
   0.121495385402                 0.0  
   0.121981365789                 0.0  
   0.122469297759                 0.0  
   0.122959168018                 0.0  
   0.123451003131                 0.0  
   0.123944816734                 0.0  
   0.124440595291                 0.0  
   0.124938352277                 0.0  
   0.125438101413                 0.0  
   0.125939856671                 0.0  
   0.126443618128                 0.0  
   0.126949385666                 0.0  
   0.127457187735                 0.0  
   0.127967024514                 0.0  
   0.128478881376                 0.0  
   0.128992801948                 0.0  
   0.129508771677                 0.0  
   0.130026805273                 0.0  
   0.130546917724                 0.0  
    0.13106910909                 0.0  
   0.131593379236                 0.0  
   0.132119758725                 0.0  
   0.132648232174                 0.0  
   0.133178830608                 0.0  
   0.133711538364                 0.0  
   0.134246386932                 0.0  
   0.134783368412                 0.0  
   0.135322506858                 0.0  
   0.135863794217                 0.0  
    0.13640724667                 0.0  
   0.136952880717                 0.0  
   0.137500688072                 0.0  
   0.138050693715                 0.0  
   0.138602897709                 0.0  
   0.139157308481                 0.0  
   0.139713934513                 0.0  
   0.140272793062                 0.0  
   0.140833884164                 0.0  
   0.141397216493                 0.0  
   0.141962807704                 0.0  
   0.142530657824                 0.0  
   0.143100784789                 0.0  
    0.14367318862                 0.0  
   0.144247878329                 0.0  
   0.144824872283                 0.0  
   0.145404170505                 0.0  
   0.145985782226                 0.0  
   0.146569726264                 0.0  
   0.147156012234                 0.0  
   0.147744630509                 0.0  
   0.148335609884                 0.0  
   0.148928950407                 0.0  
   0.149524671689                 0.0  
   0.150122763818                 0.0  
   0.150723256556                 0.0  
   0.151326149986                 0.0  
   0.151931454179                 0.0  
   0.152539179298                 0.0  
   0.153149335602                 0.0  
   0.153761933445                 0.0  
    0.15437698328                 0.0  
   0.154994495661                 0.0  
   0.155614470527                 0.0  
   0.156236929183                 0.0  
   0.156861871606                 0.0  
   0.157489319487                 0.0  
   0.158119283907                 0.0  
   0.158751753754                 0.0  
   0.159386762292                 0.0  
   0.160024309612                 0.0  
   0.160664406987                 0.0  
   0.161307065808                 0.0  
   0.161952297587                 0.0  
   0.162600102255                 0.0  
   0.163250503087                 0.0  
   0.163903500077                 0.0  
   0.164559116943                 0.0  
   0.165217353748                 0.0  
   0.165878222483                 0.0  
   0.166541735275                 0.0  
   0.167207904386                 0.0  
   0.167876742216                 0.0  
   0.168548248734                 0.0  
   0.169222436325                 0.0  
   0.169899330296                 0.0  
   0.170578917867                 0.0  
   0.171261237522                 0.0  
   0.171946289458                 0.0  
   0.172634073617                 0.0  
   0.173324602972                 0.0  
   0.174017904054                 0.0  
   0.174713976962                 0.0  
   0.175412835149                 0.0  
   0.176114478504                 0.0  
   0.176818948161                 0.0  
   0.177526216562                 0.0  
   0.178236325294                 0.0  
   0.178949274492                 0.0  
   0.179665064019                 0.0  
   0.180383722267                 0.0  
    0.18110526375                 0.0  
   0.181829673902                 0.0  
   0.182556996418                 0.0  
   0.183287231512                 0.0  
   0.184020379125                 0.0  
    0.18475645402                 0.0  
   0.185495486389                 0.0  
   0.186237461056                 0.0  
   0.186982408495                 0.0  
   0.187730344282                 0.0  
   0.188481268478                 0.0  
    0.18923519671                 0.0  
    0.18999212884                 0.0  
   0.190752096649                 0.0  
   0.191515116419                 0.0  
    0.19228117193                 0.0  
   0.193050295632                 0.0  
   0.193822487473                 0.0  
   0.194597780629                 0.0  
   0.195376175252                 0.0  
   0.196157688231                 0.0  
   0.196942319531                 0.0  
    0.19773008612                 0.0  
   0.198521005214                 0.0  
   0.199315094279                 0.0  
   0.200112353314                 0.0  
    0.20091279988                 0.0  
   0.201716451797                 0.0  
   0.202523308997                 0.0  
   0.203333407701                 0.0  
   0.204146748093                 0.0  
   0.204963330048                 0.0  
   0.205783171868                 0.0  
   0.206606311029                 0.0  
   0.207432728761                 0.0  
   0.208262462965                 0.0  
   0.209095513742                 0.0  
   0.209931900383                 0.0  
   0.210771622814                 0.0  
   0.211614720282                 0.0  
   0.212461173033                 0.0  
   0.213311020775                 0.0  
   0.214164263564                 0.0  
   0.215020921596                 0.0  
   0.215880994763                 0.0  
    0.21674452421                 0.0  
   0.217611510156                 0.0  
   0.218481952493                 0.0  
   0.219355872072                 0.0  
   0.220233311555                 0.0  
   0.221114228075                 0.0  
   0.221998686117                 0.0  
   0.222886685943                 0.0  
   0.223778227476                 0.0  
   0.224673354985                 0.0  
   0.225572046251                 0.0  
   0.226474323402                 0.0  
   0.227380231819                 0.0  
   0.228289748794                 0.0  
   0.229202897043                 0.0  
   0.230119723105                 0.0  
   0.231040203786                 0.0  
   0.231964362419                 0.0  
   0.232892222738                 0.0  
   0.233823784687                 0.0  
   0.234759072245                 0.0  
   0.235698109808                 0.0  
   0.236640897408                 0.0  
   0.237587459704                 0.0  
   0.238537821784                 0.0  
   0.239491983793                 0.0  
   0.240449945509                 0.0  
   0.241411732136                 0.0  
   0.242377395329                 0.0  
   0.243346883189                 0.0  
    0.24432027388                 0.0  
   0.245297567815                 0.0  
   0.246278765038                 0.0  
    0.24726386522                 0.0  
   0.248252922202                 0.0  
   0.249245936192                 0.0  
   0.250242934734                 0.0  
   0.251243889998                 0.0  
   0.252248857367                 0.0  
   0.253257865238                 0.0  
   0.254270885298                 0.0  
   0.255287974471                 0.0  
   0.256309132972                 0.0  
   0.257334360629                 0.0  
   0.258363715964                 0.0  
   0.259397169641                 0.0  
   0.260434751023                 0.0  
   0.261476490028                 0.0  
   0.262522386629                 0.0  
   0.263572471153                 0.0  
   0.264626774498                 0.0  
   0.265685265663                 0.0  
   0.266748006725                 0.0  
   0.267814997867                 0.0  
   0.268886270863                 0.0  
   0.269961825843                 0.0  
   0.271041662523                 0.0  
   0.272125829369                 0.0  
   0.273214342954                 0.0  
   0.274307186659                 0.0  
   0.275404426841                 0.0  
   0.276506046976                 0.0  
   0.277612063688                 0.0  
   0.278722510916                 0.0  
   0.279837405931                 0.0  
   0.280956748664                 0.0  
   0.282080573835                 0.0  
     0.2832088991                 0.0  
   0.284341742253                 0.0  
   0.285479103186                 0.0  
   0.286621017715                 0.0  
    0.28776750405                 0.0  
   0.288918580543                 0.0  
   0.290074247075                 0.0  
   0.291234540623                 0.0  
   0.292399479992                 0.0  
   0.293569084143                 0.0  
   0.294743352973                 0.0  
   0.295922324686                 0.0  
   0.297106018732                 0.0  
    0.29829443504                 0.0  
    0.29948761278                 0.0  
   0.300685571921                 0.0  
   0.301888312441                 0.0  
    0.30309587452                 0.0  
   0.304308258181                 0.0  
   0.305525483642                 0.0  
   0.306747592131                 0.0  
   0.307974583754                 0.0  
   0.309206479307                 0.0  
   0.310443299785                 0.0  
   0.311685066389                 0.0  
   0.312931822196                 0.0  
   0.314183545656                 0.0  
   0.315440280101                 0.0  
   0.316702047589                 0.0  
   0.317968848024                 0.0  
   0.319240725932                 0.0  
   0.320517681318                 0.0  
    0.32179975953                 0.0  
   0.323086960685                 0.0  
   0.324379307693                 0.0  
   0.325676823708                 0.0  
   0.326979532134                 0.0  
   0.328287432778                 0.0  
   0.329600597068                 0.0  
   0.330919001291                 0.0  
   0.332242669315                 0.0  
   0.333571649902                 0.0  
   0.334905918403                 0.0  
   0.336245548955                 0.0  
   0.337590541904                 0.0  
   0.338940897082                 0.0  
   0.340296665061                 0.0  
   0.341657845854                 0.0  
   0.343024491036                 0.0  
   0.344396574568                 0.0  
   0.345774174887                 0.0  
   0.347157265742                 0.0  
   0.348545900161                 0.0  
   0.349940078147                 0.0  
   0.351339826487                 0.0  
   0.352745199837                 0.0  
   0.354156170793                 0.0  
   0.355572794473                 0.0  
   0.356995099023                 0.0  
   0.358423056085                 0.0  
   0.359856750479                 0.0  
   0.361296182545                 0.0  
   0.362741381197                 0.0  
   0.364192346371                 0.0  
   0.365649107033                 0.0  
   0.367111692529                 0.0  
   0.368580162657                 0.0  
   0.370054457347                 0.0  
   0.371534697329                 0.0  
   0.373020821886                 0.0  
   0.374512922982                 0.0  
   0.376010969812   1.20931111758e-05  
   0.377514993083                 0.0  
   0.379025055715                 0.0  
   0.380541157981                 0.0  
    0.38206333188                 0.0  
   0.383591577294                 0.0  
   0.385125959166                 0.0  
   0.386666444678                 0.0  
   0.388213132782                 0.0  
   0.389765956915                 0.0  
   0.391325051123                 0.0  
   0.392890348197                 0.0  
   0.394461915901   7.44542601232e-06  
   0.396039754161                 0.0  
   0.397623897285                 0.0  
   0.399214415358                 0.0  
   0.400811273444                 0.0  
   0.402414506544                 0.0  
   0.404024150177                 0.0  
   0.405640240394   8.15668410889e-06  
   0.407262813787                 0.0  
   0.408891870496                 0.0  
    0.41052744734                 0.0  
   0.412169544098                 0.0  
   0.413818235712                 0.0  
   0.415473484303                 0.0  
   0.417135404168                 0.0  
   0.418803918566                 0.0  
   0.420479143282                 0.0  
    0.42216107887   9.45387002458e-06  
   0.423849725244   1.05478574198e-05  
    0.42554512175                 0.0  
   0.427247308353   1.03557836518e-05  
   0.428956284932                 0.0  
   0.430672091755   7.60142049747e-06  
   0.432394811114   1.96295517602e-05  
   0.434124360447                 0.0  
   0.435860864087   9.78780215855e-06  
   0.437604322571                 0.0  
   0.439354735776   1.05822152387e-05  
   0.441112145969                 0.0  
    0.44287659611   8.94424619013e-06  
   0.444648086107                 0.0  
   0.446426703405   1.00538956568e-05  
   0.448212404196                 0.0  
   0.450005232208                 0.0  
   0.451805277075                 0.0  
    0.45361249401                 0.0  
   0.455426927892   1.08942660757e-05  
    0.45724867063                 0.0  
    0.45907762982   1.03368187246e-05  
    0.46091394446                 0.0  
   0.462757615155   2.30633526512e-05  
   0.464608641808                 0.0  
   0.466467071771     1.108204548e-05  
   0.468332953209                 0.0  
   0.470206286192                 0.0  
   0.472087119393                 0.0  
   0.473975452618                 0.0  
   0.475871335061   1.08554848142e-05  
   0.477774816778   2.19374062878e-05  
    0.47968594871                 0.0  
   0.481604680029                 0.0  
   0.483531112768                 0.0  
   0.485465247193   1.10687346795e-05  
   0.487407082836   2.53283514313e-05  
    0.48935672447   1.12525616435e-05  
   0.491314119229   1.14032602966e-05  
   0.493279373346   2.51162462912e-05  
   0.495252541446                 0.0  
   0.497233514987   2.67203642293e-05  
   0.499222456958   1.16057169496e-05  
   0.501219368051   1.40360967638e-05  
   0.503224248203   1.34090997259e-05  
   0.505237153073   6.63317430875e-05  
   0.507258082401   4.18637393659e-05  
   0.509287092547   5.33978810916e-05  
   0.511324240917   7.67254068656e-05  
   0.513369527656   2.79618387884e-05  
    0.51542301092   5.30190686897e-05  
   0.517484749951                 0.0  
   0.519554685619   0.000112988072511  
    0.52163287653   4.35801132391e-05  
   0.523719382401   2.78940026841e-05  
   0.525814264075   0.000116365967755  
   0.527917521869   8.66565721159e-05  
    0.53002921747   4.26309494312e-05  
   0.532149351069   8.80678860738e-05  
   0.534277922046   1.62629166137e-05  
   0.536415056314   1.40918942802e-05  
   0.538560690453   8.72148808098e-05  
   0.540714952292                 0.0  
   0.542877809892   7.36760734386e-05  
   0.545049328073   9.26689222714e-05  
   0.547229506639   6.07906583267e-05  
    0.54941844476      3.12428497e-05  
   0.551616109283   6.52224775565e-05  
   0.553822566959   7.79224030944e-05  
   0.556037851638   9.58981129158e-05  
   0.558261997412   8.12583120461e-05  
   0.560495073378   1.45994024009e-05  
   0.562737044876   0.000191340608432  
   0.564987981235   0.000110566224838  
   0.567247953161   0.000124807684751  
   0.569516925098   5.19193602684e-05  
   0.571795004185   0.000112861960237  
    0.57408219074   0.000159745882399  
   0.576378520968   0.000148369163005  
   0.578684031361   0.000173122034423  
   0.580998758706   9.53614350014e-05  
    0.58332274009   0.000124446201496  
   0.585656050859   0.000151908581081  
   0.587998653113   0.000142191560781  
   0.590350661093   0.000146723587542  
   0.592712075199   0.000325159854604  
   0.595082894929   0.000132771992005  
   0.597463237368   6.59795323741e-05  
   0.599853103008   0.000138028614016  
   0.602252491434   0.000255584313751  
   0.604661522677   0.000106850174754  
   0.607080156581   0.000260492724719  
   0.609508474096   0.000247630563933  
   0.611946516412    0.00021023968058  
   0.614394325111   0.000265315170612  
   0.616851900062    0.00017835050052  
   0.619319282636   0.000215828371777  
   0.621796557381   0.000181197147493  
   0.624283767493   0.000145354128349  
   0.626780869656   0.000252013913258  
   0.629287993483   0.000328075624272  
    0.63180518347   0.000244683339015  
   0.634332395511   0.000403842556575  
   0.636869717762   0.000313892811643  
   0.639417195011   0.000291079403148  
   0.641974872512   0.000340346523632  
   0.644542750024   0.000507078418187  
   0.647120918993   0.000387193912656  
   0.649709426118   0.000364733878809  
   0.652308271514   0.000385137611903  
   0.654917501763   0.000427783295947  
   0.657537163955   0.000444091768328  
   0.660167305694   0.000554565949033  
    0.66280797511   0.000605729722626  
   0.665459220872   0.000479859176121  
   0.668121042799   0.000411932278379  
    0.67079353927    0.00031625264768  
   0.673476710427   0.000426379738548  
   0.676170605981   0.000367544509249  
   0.678875276214   0.000348253508158  
   0.681590771994   0.000532603560769  
   0.684317144785   0.000544626812584  
   0.687054446662   0.000339970108622  
    0.68980262501   0.000441046664647  
   0.692561836779   0.000546214225915  
   0.695332082421   0.000688679975153  
   0.698113415263   0.000516745883316  
   0.700905889283   0.000483426758096  
   0.703709504325   0.000767926572415  
   0.706524369631   0.000700311899952  
   0.709350429842   0.000815461873041  
   0.712187851239   0.000752007830624  
   0.715036578075   0.000984630677545  
   0.717896722797   0.000798195347811  
   0.720768342898   0.000905889029217  
   0.723651380715   0.000853509506259  
   0.726546009278   0.000642927914262  
    0.72945217056   0.000936938148451  
   0.732369981607   0.000891447623498  
   0.735299502293    0.00105822042464  
   0.738240672671    0.00109151574968  
   0.741193612111     0.0010090600576  
   0.744158442711   0.000972627626312  
   0.747135042275     0.0010877722518  
   0.750123594847   0.000854089197136  
   0.753124100979   0.000913062485396  
   0.756136560078   0.000904883689423  
   0.759161097933    0.00107383429927  
    0.76219777895    0.00129516056617  
   0.765246538827    0.00112497762592  
   0.768307571306   0.000821042809842  
   0.771380745977    0.00100037056176  
   0.774466325285    0.00114714018203  
   0.777564177525    0.00122226389018  
    0.78067443531    0.00119012766219  
   0.783797098384    0.00120302615197  
   0.786932302339    0.00118143341502  
   0.790080047785    0.00139100261354  
   0.793240334132    0.00148609030566  
   0.796413299943    0.00147898677176  
   0.799598945532     0.0016425451468  
   0.802797341314    0.00137826640441  
   0.806008558748    0.00111952307525  
   0.809232597891     0.0017439861715  
    0.81246953061    0.00214065684137  
   0.815719429854    0.00136646635854  
    0.81898229545     0.0010755443676  
   0.822258200786    0.00151524033575  
   0.825547220369    0.00199511280675  
   0.828849429845    0.00172787475552  
   0.832164829396    0.00156874310978  
   0.835493495177    0.00170960474362  
   0.838835426658    0.00141020386047  
   0.842190778997    0.00119865561376  
    0.84555955283    0.00208730576125  
   0.848941827263    0.00158269465077  
   0.852337602258    0.00181358581645  
    0.85574695751     0.0014894581646  
   0.859169892294    0.00184651909282  
   0.862606569239    0.00184835319202  
   0.866056988902    0.00237695229582  
   0.869521234191     0.0021083943551  
   0.872999305016    0.00203793836602  
   0.876491284963    0.00210593328873  
   0.879997258979    0.00188052992498  
   0.883517313402    0.00213488688327  
   0.887051361841    0.00210998332023  
    0.89059957708    0.00190886830339  
   0.894161959174    0.00167859325362  
   0.897738595996    0.00213208235513  
   0.901329576884    0.00169321952275  
   0.904934902051    0.00195953261657  
    0.90855457033    0.00206730442979  
   0.912188855376     0.0016771154278  
    0.91583757419     0.0023693193713  
   0.919500910695    0.00200688733308  
    0.92317895905    0.00217548342528  
   0.926871624892    0.00237367057923  
   0.930579096884    0.00200696172111  
   0.934301471767    0.00235836615329  
   0.938038653215    0.00244592517623  
   0.941790834809    0.00203729228643  
   0.945558017068     0.0026916530247  
   0.949340199073    0.00206977505911  
   0.953137579495    0.00233599163067  
   0.956950159285    0.00215382156661  
   0.960777937946    0.00232689581877  
   0.964621016469    0.00201782859262  
   0.968479497641    0.00192837188738  
   0.972353486075    0.00239296279676  
    0.97624287733    0.00242951521089  
   0.980147774721    0.00193715708111  
   0.984068390582    0.00237133779413  
   0.988004726545    0.00240267473364  
   0.991956673874    0.00212556151848  
   0.995924557853     0.0021392949058  
    0.99990827019     0.0017182101556  
     1.0039079206    0.00188813130246  
    1.00792350839      0.002015744432  
    1.01195514463    0.00219218251919  
    1.01600305669    0.00224808015372  
    1.02006701708    0.00246875234591  
     1.0241472537    0.00268180820078  
    1.02824388327    0.00178313228962  
    1.03235690673    0.00188656072497  
    1.03648632346    0.00194310698353  
    1.04063225109    0.00223647307162  
    1.04479480945    0.00187301685164  
    1.04897399887    0.00207110815156  
     1.0531698181    0.00225695851824  
    1.05738251166    0.00159650481149  
    1.06161208096    0.00199308191568  
    1.06585852578    0.00212876189574  
    1.07012197099    0.00201555325206  
    1.07440241613    0.00222959123197  
    1.07870005221       0.00205533605  
    1.08301481519    0.00186732128759  
    1.08734689895    0.00205868859207  
    1.09169630414    0.00163007810677  
    1.09606302978    0.00183006635978  
    1.10044734116    0.00210665837856  
    1.10484910523    0.00240518448775  
    1.10926852335    0.00174518510142  
     1.1137055958    0.00183448762138  
    1.11816039035    0.00206638956685  
    1.12263304497      0.001986259375  
    1.12712355978     0.0021809988369  
    1.13163207491    0.00208641342418  
    1.13615859041    0.00175587021466  
    1.14070324858    0.00189150941054  
    1.14526604943    0.00222545383008  
    1.14984706437     0.0016980106625  
    1.15444651285     0.0017423276906  
    1.15906424797    0.00196076584837  
    1.16370056586     0.0020525949086  
    1.16835531727    0.00187180417109  
    1.17302872701    0.00174180143684  
    1.17772087188    0.00183863424305  
    1.18243175198    0.00176138151732  
    1.18716144357    0.00203925043886  
    1.19191010218    0.00164345698759  
    1.19667772807    0.00174263180246  
     1.2014644794    0.00192740737856  
    1.20627035656    0.00165584441908  
    1.21109543928    0.00199255074639  
      1.215939808    0.00170942562948  
    1.22080354391    0.00169575308323  
    1.22568681206    0.00132340872893  
     1.2305895296    0.00176531604289  
    1.23551186248    0.00204062270979  
    1.24045389501    0.00182135628625  
     1.2454157123    0.00131237119612  
     1.2503974003    0.00172521943043  
    1.25539895864    0.00145357015629  
    1.26042056078    0.00162452891433  
    1.26546229526    0.00198591474026  
    1.27052416224     0.0017126859338  
    1.27560624992    0.00125261087187  
    1.28070864744    0.00136143972886  
    1.28583144485    0.00179079743879  
    1.29097482537    0.00193328714939  
    1.29613869727    0.00155133768975  
    1.30132324497    0.00188500740308  
    1.30652856241    0.00144281626556  
    1.31175464935    0.00198004163121  
    1.31700169547    0.00194459730192  
     1.3222697011    0.00141231749565  
    1.32755876203    0.00163332891548  
    1.33286897515    0.00171984933398  
    1.33820043842    0.00139053647706  
    1.34355325091    0.00179368526132  
    1.34892751285    0.00225806430612  
    1.35432322412    0.00150260217123  
    1.35974048482    0.00139760041402  
    1.36517949934    0.00162669438797  
    1.37064016475    0.00153755401725  
      1.376122687    0.00143642290977  
    1.38162727663     0.0014728606022  
    1.38715372296    0.00118598739576  
    1.39270234299    0.00126251035355  
    1.39827313727    0.00102714090871  
    1.40386621331    0.00139054362087  
    1.40948167992    0.00176011357766  
    1.41511964725    0.00114222558404  
    1.42078011516    0.00161948435865  
    1.42646319391    0.00123848819867  
    1.43216910863    0.00166497761429  
    1.43789774632     0.0011642220796  
    1.44364933409    0.00129896879716  
    1.44942398792    0.00108098299084  
    1.45522170815    0.00134301467256  
    1.46104249287    0.00118883970453  
     1.4668866951     0.0013686499471  
    1.47275431694    0.00101121226187  
    1.47864523734    0.00118691635248  
    1.48455981683    0.00114105953254  
    1.49049805659    0.00111721182447  
    1.49646007942    0.00108479614856  
    1.50244588491    0.00145969639776  
    1.50845572211    0.00122631471498  
    1.51448959202    0.00122425894881  
    1.52054749331    0.00153935865882  
     1.5266296802   0.000936883100303  
    1.53273615283    0.00107639123066  
    1.53886717105    0.00134624230988  
    1.54502260448    0.00152111975876  
    1.55120271558    0.00098625880924  
    1.55740750452    0.00091560627667  
    1.56363710436    0.00107804389581  
    1.56989165006    0.00115930592754  
    1.57617127854    0.00128411140808  
    1.58247599015    0.00157527628755  
    1.58880592249   0.000947550621984  
    1.59516107439    0.00104842464264  
    1.60154172603    0.00164818552891  
    1.60794787812    0.00139688560299  
    1.61437967308    0.00126168565921  
    1.62083725547    0.00148358978736  
    1.62732047899    0.00190962016846  
    1.63382978091    0.00134944937268  
     1.6403651635    0.00105792282627  
    1.64692662655     0.0017969353422  
    1.65351431859    0.00140388385561  
    1.66012839044    0.00173668023891  
    1.66676884154    0.00143243491003  
    1.67343597864    0.00166881827407  
    1.68012964726    0.00154131590807  
     1.6868501577    0.00139254508123  
    1.69359766897     0.0011696042901  
    1.70037202268    0.00163672773089  
    1.70717353647    0.00195740794457  
    1.71400221054    0.00204239271819  
    1.72085820633    0.00218321393067  
    1.72774168785    0.00167402115636  
    1.73465265526    0.00198345468856  
    1.74159127391    0.00271695220213  
    1.74855754262    0.00199923907116  
    1.75555179861    0.00205798651019  
    1.76257404347     0.0015624890929  
    1.76962427614    0.00161855859889  
    1.77670284213    0.00253208678663  
    1.78380956722    0.00232295317264  
    1.79094480125    0.00235926449181  
    1.79810872371    0.00209248278401  
    1.80530115645    0.00278208743736  
    1.81252227635    0.00337453402784  
    1.81977244648    0.00433343171492  
    1.82705148476    0.00377770203542  
    1.83435957276    0.00361868269162  
    1.84169708283      0.003661463725  
    1.84906382895    0.00402116488758  
    1.85646018835    0.00354637603825  
     1.8638859709    0.00395578380723  
    1.87134155879     0.0045395800929  
    1.87882695303    0.00385681545113  
    1.88634215182    0.00430624382508  
    1.89388754731    0.00459276355881  
    1.90146314133    0.00459566334788  
    1.90906893284    0.00443493441095  
    1.91670532438    0.00493557881482  
    1.92437211384     0.0049550533727  
    1.93206950273    0.00598692953833  
    1.93979790433    0.00712980781397  
    1.94755711267    0.00724471709935  
    1.95534733522    0.00680292037368  
    1.96316856994    0.00652146095395  
    1.97102124165     0.0067484629767  
    1.97890535251    0.00640893322728  
    1.98682112011    0.00788812384011  
    1.99476832565    0.00636760333762  
    2.00274740602    0.00675079363588  
    2.01075836178    0.00730084276667  
    2.01880141589    0.00717717712217  
    2.02687656812    0.00767750817559  
    2.03498404427    0.00694573376207  
    2.04312407431    0.00796478334247  
    2.05129665965    0.00597560064807  
     2.0595017986    0.00769192193912  
    2.06773972286    0.00816118565186  
    2.07601066845    0.00973973874251  
    2.08431463547    0.00858237046903  
    2.09265210542    0.00935910727981  
    2.10102259513    0.00867804974488  
    2.10942658742      0.010935997228  
    2.11786432936     0.0102079045364  
    2.12633582256    0.00995293518884  
    2.13484131755     0.0092760750918  
     2.1433805613    0.00986945120812  
    2.15195405802     0.0115411586555  
    2.16056193754     0.0095138417456  
    2.16920420033    0.00955860799493  
    2.17788097479     0.0105957539527  
     2.1865925224    0.00967677217982  
    2.19533884309     0.0108313542086  
    2.20412020221     0.0116569990127  
    2.21293673483     0.0101383761491  
    2.22178844042     0.0108111594663  
    2.23067559034     0.0125165191581  
    2.23959832256     0.0102577095449  
    2.24855677603     0.0117892868068  
    2.25755094977     0.0118071453217  
    2.26658112356     0.0107238244493  
    2.27564743949     0.0111175335239  
    2.28475004076       0.01123900424  
    2.29388907166     0.0100030246375  
    2.30306467764     0.0112342315353  
    2.31227685738     0.0122141636614  
    2.32152605332     0.0097745498833  
    2.33081211742     0.0110325636984  
    2.34013534778      0.010786084374  
    2.34949589586    0.00921023781085  
     2.3588939144     0.0107797891182  
    2.36832940228     0.0111618439293  
    2.37780282395     0.0107886474455  
    2.38731402457    0.00918567907026  
    2.39686315846     0.0118177051807  
    2.40645070173     0.0113277175872  
    2.41607649617      0.010605954989  
    2.42574070034    0.00997584428662  
    2.43544380238     0.0092825719008  
    2.44518547545     0.0101069283835  
    2.45496621204    0.00824186901201  
    2.46478618067    0.00946510326098  
    2.47464521268     0.0110030247337  
    2.48454381326     0.0090463423755  
    2.49448198371    0.00894182252082  
    2.50445989506    0.00903237322719  
       2.51447772    0.00760360635495  
    2.52453563299     0.0080156055132  
    2.53463381022    0.00613709114296  
    2.54477242968     0.0085156187507  
    2.55495149062    0.00791843328991  
    2.56517135243    0.00689979366035  
    2.57543201517    0.00727723542745  
    2.58573365996    0.00700246611096  
    2.59607665626    0.00738799860004  
    2.60646100556    0.00601576115983  
    2.61688670542    0.00837143568093  
    2.62735432224    0.00604769960705  
    2.63786366667    0.00569124450278  
    2.64841512134    0.00689301720918  
    2.65900888157    0.00615132390776  
    2.66964494773    0.00699049128073  
    2.68032351485    0.00636654589884  
    2.69104478018    0.00608895235817  
    2.70180894321    0.00610684223427  
    2.71261620574    0.00490835393099  
    2.72346656674    0.00515555055876  
    2.73436043466    0.00533207343186  
    2.74529801844    0.00540809779193  
     2.7562791092    0.00416551334496  
    2.76730433452    0.00386492587134  
    2.77837348379    0.00325751692655  
    2.78948698116    0.00410028251023  
    2.80064482621    0.00277534218091  
     2.8118474517    0.00399588279117  
    2.82309485907    0.00399965141541  
    2.83438726773    0.00369677551066  
    2.84572489981    0.00376081795537  
    2.85710775442    0.00259290056425  
    2.86853605393    0.00308047862501  
      2.880010253    0.00232072636691  
    2.89153035391    0.00273155044884  
    2.90309635457    0.00320112921228  
    2.91470895348    0.00329859960424  
    2.92636768263    0.00301790492552  
    2.93807324851    0.00359724976404  
    2.94982541299    0.00220058061705  
    2.96162465374     0.0036312658551  
    2.97347121472    0.00284493320311  
    2.98536509663     0.0022157516419  
    2.99730654414    0.00269671068551  
    3.00929580525    0.00150800184577  
    3.02133287881    0.00279742377439  
    3.03341826813    0.00186988970076  
    3.04555197494    0.00127578324597  
    3.05773425498    0.00195683138458  
    3.06996510682    0.00103333016384  
    3.08224504996    0.00149648644044  
    3.09457408611   0.000780889542147  
    3.10695221222   0.000868015725068  
    3.11937995887    0.00104727320424  
    3.13185759762    0.00134174294606  
    3.14438513044    0.00117688206309  
    3.15696255453    0.00160316348129  
    3.16959041803    0.00119686195486  
    3.18226872167    0.00147071617658  
    3.19499774367    0.00147118740702  
     3.2077777664    0.00156321352271  
    3.22060907639    0.00110439086655  
    3.23349138593    0.00142310702658  
    3.24642526784    0.00116970573517  
    3.25941101458    0.00101249092535  
    3.27244862677    0.00111742436917  
    3.28553839867    0.00115203010953  
    3.29868062902    0.00121820686929  
    3.31187531768    0.00133538397946  
    3.32512276534    0.00124182994565  
    3.33842327728    0.00102449388339  
    3.35177716355   0.000924508515913  
    3.36518411244    0.00115157702017  
    3.37864506026    0.00165612418518  
    3.39215937671   0.000640672745384  
    3.40572801038   0.000947792416586  
    3.41935096495   0.000623593446594  
    3.43302856495    0.00136844108517  
     3.4467604828   0.000729225158075  
    3.46054770028   0.000441146220199  
    3.47438988975   0.000322359502289  
    3.48828738091   0.000769896006121  
    3.50224050881   0.000668047332701  
    3.51624961393    0.00120124517699  
    3.53031435276   0.000437945855802  
    3.54443575556   0.000312410349047  
    3.55861347905   0.000780014387553  
    3.57284786965   0.000669986472325  
    3.58713927957                 0.0  
    3.60148770802   0.000558673826464  
    3.61589387213    0.00076668356849  
    3.63035741275   0.000329174007978  
    3.64487868866   0.000672195997984  
    3.65945843514   0.000789715390143  
    3.67409628525    0.00055362550441  
     3.6887926074   0.000892318168643  
    3.70354777632   0.000676959684575  
    3.71836179065   0.000232595821415  
    3.73323541447   0.000813292170689  
    3.74816826477   0.000548936991946  
    3.76316111576   0.000474630079007  
    3.77821357615   0.000493706881361  
    3.79332643045   0.000937008366886  
    3.80849968022   0.000703395417878  
    3.82373372567   0.000229396257736  
    3.83902856636   0.000358025953583  
    3.85438501793    0.00022811325422  
    3.86980225926   0.000820424145701  
    3.88528152486    0.00037726576153  
    3.90082282035    0.00011556793808  
    3.91642614544   0.000571934487993  
     3.9320919216   0.000293167815278  
    3.94782014671   0.000129734501707  
    3.96361124722    0.00025224107001  
     3.9794656573                 0.0  
    3.99538381902   0.000372346351613  
    4.01136529223   0.000128430179469  
    4.02741051384    0.00025388376444  
    4.04352038115   0.000376308737461  
    4.05969444633    0.00013871158665  
    4.07593316003   0.000122309571318  
    4.09223698126                 0.0  
    4.10860591058                 0.0  
    4.12504041299   0.000246984786574  
    4.14154048768                 0.0  
    4.15810660581                 0.0  
    4.17473924737   0.000513392338525  
     4.1914379294   0.000266575412672  
    4.20820361671   0.000273291716701  
    4.22503631116                 0.0  
    4.24193650599   9.07366004242e-05  
    4.25890420203   0.000128443422579  
    4.27593989945    0.00027170170258  
    4.29304359811                 0.0  
    4.31021606223   0.000252453210723  
    4.32745677891                 0.0  
    4.34476677871   0.000499086004387  
    4.36214580283   0.000134145119986  
    4.37959437336   0.000223743798247  
    4.39711275511                 0.0  
    4.41470121473   0.000147773463132  
    4.43236002067   0.000142908720702  
    4.45008944329                 0.0  
    4.46788975486   0.000145128940917  
     4.4857612296   0.000136857995826  
     4.5037044243   0.000125911477016  
    4.52171905834   0.000143124619309  
    4.53980597546   0.000504924129756  
    4.55796517761                 0.0  
    4.57619723913   0.000217697882292  
    4.59450186987    0.00023261379055  
    4.61287994068                 0.0  
    4.63133145335   0.000125773494642  
    4.64985670171   0.000204499637595  
    4.66845628346   0.000112083009334  
    4.68712989672                 0.0  
    4.70587844804   0.000141942209826  
    4.72470193969   0.000150817171827  
    4.74360098925    0.00023687000977  
    4.76257528571   0.000125800587819  
    4.78162544951                 0.0  
    4.80075211388                 0.0  
    4.81995496102   0.000151553840424  
    4.83923495122   0.000410342539055  
    4.85859176224   0.000411236189498  
    4.87802637057                 0.0  
    4.89753844961                 0.0  
     4.9171283236   0.000339268947461  
    4.93679699404   0.000266203507781  
    4.95654412786                 0.0  
    4.97637040127   0.000157743491254  
    4.99627581409   0.000274059389655  
    5.01626105463                 0.0  
    5.03632612401   0.000273190100887  
    5.05647136933   0.000431360960768  
    5.07669714118   0.000276311263959  
    5.09700379373   0.000137816049419  
    5.11739204703   0.000160758319863  
    5.13786154103   0.000425883316261  
    5.15841300039                 0.0  
    5.17904679429                 0.0  
    5.19976292187   0.000138182292537  
    5.22056175127   0.000159213238821  
    5.24144403461   0.000335669794887  
    5.26240977412   0.000165982623892  
    5.28345973627    0.00016279139795  
    5.30459353645   0.000472503341494  
    5.32581194655   0.000335850102496  
    5.34711496429   0.000137942320111  
     5.3685033765                 0.0  
    5.38997758533    0.00016581640558  
     5.4115375925                 0.0  
    5.43318339149   0.000165706158927  
    5.45491620212   0.000331915141267  
    5.47673603057   0.000165575021625  
    5.49864287472   0.000151223839475  
    5.52063756715   0.000171871703207  
    5.54272010896   0.000331651686764  
    5.56489092113   0.000327982792346  
    5.58715042976                 0.0  
    5.60949906616   0.000171202139953  
    5.63193726694   0.000691751401126  
    5.65446458961                 0.0  
    5.67708279786    0.00017479584004  
    5.69979100731   0.000325182040877  
    5.72259010817   0.000555078318748  
    5.74548055411                 0.0  
    5.76846234429                 0.0  
      5.791536397   0.000182904050281  
    5.81470224819   0.000351669670054  
    5.83796129572   0.000553629742779  
    5.86131307274   0.000185097329824  
    5.88475852542   0.000340645928421  
    5.90829717285                 0.0  
    5.93193045656   0.000369151956454  
    5.95565838363   0.000184828208551  
    5.97948095214   0.000376640752215  
    6.00339864953                 0.0  
    6.02741247236                 0.0  
    6.05152192044   0.000647794904673  
    6.07572799998   0.000193449765448  
    6.10003122573   0.000199226364206  
    6.12443108191                 0.0  
    6.14892911878   0.000409523424311  
    6.17352481846   0.000566160229154  
    6.19821869966   0.000399525074208  
    6.22301182415   0.000594383584956  
    6.24790365848   0.000388520722505  
    6.27289527528   0.000408497298967  
    6.29798667496   0.000416227182058  
    6.32317895437                 0.0  
    6.34847156357   0.000199134099881  
    6.37386561103   0.000610129178007  
    6.39936109829   0.000402348071967  
    6.42495858819   0.000212241564323  
    6.45065807628                 0.0  
    6.47646070858                 0.0  
    6.50236648851    0.00059841978431  
    6.52837599909                 0.0  
    6.55448983217                 0.0  
    6.58070739056   0.000204129580102  
     6.6070304631                 0.0  
    6.63345845158                 0.0  
    6.65999256893   0.000200192398814  
    6.68663220164   0.000205282726001  
    6.71337857646   0.000408008781588  
     6.7402323211    0.00023600216783  
    6.76719343966                 0.0  
    6.79426192596                 0.0  
    6.82143905059   0.000204449521963  
    6.84872481713   0.000122998754492  
    6.87611987273                 0.0  
    6.90362421565                 0.0  
    6.93123849806   0.000147743184964  
    6.95896338267   0.000319656000633  
    6.98679954287   0.000366105204212  
    7.01474698239   0.000222644961352  
    7.04280569424                 0.0  
    7.07097704376                 0.0  
    7.09926103526   0.000589001116663  
    7.12765766225   0.000219278130567  
    7.15616832394   0.000147810599171  
    7.18479302568                 0.0  
    7.21353248167   0.000285122806818  
    7.24238669254   0.000241035260315  
    7.27135637916   0.000371387364876  
    7.30044153741   0.000385587079478  
    7.32964289499   0.000179147876762  
    7.35896194108                 0.0  
    7.38839793625                 0.0  
    7.41795162807   0.000458217112343  
     7.4476230097   0.000394791305939  
    7.47741360958                 0.0  
    7.50732343484                 0.0  
    7.53735248125   0.000173017307961  
    7.56750152509                 0.0  
     7.5977721547                 0.0  
    7.62816277835                 0.0  
    7.65867579796   0.000468136830011  
    7.68931040992                 0.0  
    7.72006742165   0.000244289087277  
    7.75094765492   0.000624890831737  
    7.78195194613                 0.0  
    7.81307945788   0.000358479086344  
    7.84433186727                 0.0  
    7.87570917764   0.000741522660417  
    7.90721224521                 0.0  
    7.93884106988   0.000220359868578  
    7.97059651818   0.000642654012393  
    8.00247858663   0.000478930626738  
    8.03448815236   0.000220932087789  
    8.06662610855   0.000434121655612  
    8.09889336484     0.0002478178524  
     8.1312881039   0.000466022390894  
    8.16381396885                 0.0  
    8.19646913217   0.000728273888707  
    8.22925450488                 0.0  
    8.26217195928   0.000672081951381  
     8.2952205599   0.000463484401601  
    8.32840124719                 0.0  
    8.36171497933    0.00122289436997  
    8.39516175769                 0.0  
    8.42874255349                 0.0  
    8.46245736585   0.000254988777068  
     8.4963071794                 0.0  
    8.53029299759   0.000264959025475  
    8.56441381387   0.000220930716774  
    8.59867164433                 0.0  
    8.63306597974                 0.0  
    8.66759835958   0.000279093398227  
    8.70226878849   0.000791206812966  
    8.73707778582   0.000220759354113  
    8.77202587434                 0.0  
    8.80711411676   0.000557452976181  
    8.84234251506    0.00027946207877  
    8.87771214789   0.000279986872694  
    8.91322301618   0.000278912031078  
    8.94887566111   0.000817015777914  
    8.98467118599    0.00026087830241  
    9.02061015324   0.000561967999221  
    9.05669256222   0.000265337560528  
    9.09291897023   0.000264983022762  
    9.12929109163    0.00030191867783  
    9.16580777681                 0.0  
    9.20247133927                 0.0  
     9.2392812011                 0.0  
    9.27623794181                 0.0  
    9.31334334528                 0.0  
    9.35059681985   0.000295307867131  
    9.38799895942   0.000586581554983  
    9.42555097729   0.000289098763671  
    9.46325287276                 0.0  
    9.50110587927    0.00059140006879  
    9.53911062623   0.000309067865619  
    9.57726711423                 0.0  
    9.61557596868                 0.0  
    9.65403846516                 0.0  
    9.69265460608                 0.0  
    9.73142503402                 0.0  
    9.77035105768   0.000317478033386  
    9.80943201648                 0.0  
    9.84866989689                 0.0  
    9.88806470579   0.000299854066217  
    9.92761711669                 0.0  
    9.96732712253                 0.0  
    10.0071967787                 0.0  
    10.0472253989                 0.0  
    10.0874143706    0.00304884355126  
