      wave_micron            flux_mjy  
  0.0156853443263                 0.0  
  0.0157424663449                 0.0  
  0.0158054356507                 0.0  
  0.0158686569118                 0.0  
  0.0159321318584                 0.0  
  0.0159958604977                 0.0  
  0.0160598445808                 0.0  
  0.0161240841083                 0.0  
  0.0161885808528                 0.0  
  0.0162533348082                 0.0  
  0.0163183477691                 0.0  
  0.0163836215635                 0.0  
  0.0164491561976                 0.0  
  0.0165149516526                 0.0  
  0.0165810116545                 0.0  
  0.0166473362235                 0.0  
  0.0167139253547                 0.0  
  0.0167807809484                 0.0  
  0.0168479049407                 0.0  
  0.0169152953802                 0.0  
  0.0169829561599                 0.0  
  0.0170508892791                 0.0  
  0.0171190927561                 0.0  
  0.0171875685703                 0.0  
  0.0172563187389                 0.0  
  0.0173253453176                 0.0  
  0.0173946452152                 0.0  
  0.0174642246251                 0.0  
  0.0175340814816                 0.0  
  0.0176042178752                 0.0  
  0.0176746348662                 0.0  
  0.0177453324422                 0.0  
  0.0178163138284                 0.0  
  0.0178875790356                 0.0  
  0.0179591302593                 0.0  
   0.018030966394                 0.0  
  0.0181030896418                 0.0  
  0.0181755022485                 0.0  
  0.0182482042211                 0.0  
  0.0183211978404                 0.0  
  0.0183944819524                 0.0  
  0.0184680600153                 0.0  
  0.0185419320346                 0.0  
  0.0186161003639                 0.0  
  0.0186905650087                 0.0  
  0.0187653271533                 0.0  
  0.0188403879917                 0.0  
  0.0189157499541                 0.0  
  0.0189914130476                 0.0  
  0.0190673784962                 0.0  
  0.0191436475346                 0.0  
  0.0192202226747                 0.0  
  0.0192971026499                 0.0  
  0.0193742912707                 0.0  
  0.0194517885495                 0.0  
  0.0195295957766                 0.0  
  0.0196077142543                 0.0  
  0.0196861452965                 0.0  
  0.0197648902299                 0.0  
  0.0198439490432                 0.0  
  0.0199233257773                 0.0  
  0.0200030190859                 0.0  
  0.0200830303139                 0.0  
   0.020163362213                 0.0  
   0.020244016188                 0.0  
  0.0203249922415                 0.0  
  0.0204062917725                 0.0  
  0.0204879176333                 0.0  
  0.0205698683849                 0.0  
  0.0206521483595                 0.0  
  0.0207347575754                 0.0  
  0.0208176960197                 0.0  
  0.0209009666426                 0.0  
  0.0209845709483                 0.0  
   0.021068508935                 0.0  
  0.0211527836369                 0.0  
  0.0212373935147                 0.0  
  0.0213223431819                 0.0  
  0.0214076326548                 0.0  
  0.0214932635009                 0.0  
  0.0215792373054                 0.0  
  0.0216655540623                 0.0  
  0.0217522153544                 0.0  
  0.0218392244177                 0.0  
  0.0219265812629                 0.0  
  0.0220142875284                 0.0  
   0.022102344872                 0.0  
  0.0221907549711                 0.0  
  0.0222795178215                 0.0  
     0.0223686351                 0.0  
  0.0224581102329                 0.0  
  0.0225479432363                 0.0  
  0.0226381340923                 0.0  
    0.02272868629                 0.0  
  0.0228196016112                 0.0  
  0.0229108800607                 0.0  
  0.0230025234219                 0.0  
  0.0230945335011                 0.0  
  0.0231869121271                 0.0  
  0.0232796592944                 0.0  
  0.0233727787076                 0.0  
  0.0234662684912                 0.0  
  0.0235601342854                 0.0  
  0.0236543742035                 0.0  
  0.0237489920624                 0.0  
  0.0238439878675                 0.0  
  0.0239393635529                 0.0  
  0.0240351210781                 0.0  
  0.0241312624294                 0.0  
  0.0242277876074                 0.0  
  0.0243246986042                 0.0  
  0.0244219974394                 0.0  
  0.0245196840988                 0.0  
  0.0246177647639                 0.0  
  0.0247162353057                 0.0  
  0.0248150998684                 0.0  
  0.0249143605646                 0.0  
  0.0250140173915                 0.0  
  0.0251140746327                 0.0  
  0.0252145301323                 0.0  
  0.0253153882178                 0.0  
  0.0254166488883                 0.0  
   0.025518316569                 0.0  
  0.0256203890373                 0.0  
  0.0257228707652                 0.0  
  0.0258257617563                 0.0  
  0.0259290665849                 0.0  
  0.0260327829623                 0.0  
  0.0261369131704                 0.0  
  0.0262414618859                 0.0  
  0.0263464267569                 0.0  
  0.0264518125117                 0.0  
  0.0265576191548                 0.0  
  0.0266638490876                 0.0  
  0.0267705047483                 0.0  
  0.0268775886124                 0.0  
   0.026985098201                 0.0  
  0.0270930384635                 0.0  
  0.0272014093945                 0.0  
   0.027310216061                 0.0  
  0.0274194559189                 0.0  
  0.0275291340945                 0.0  
  0.0276392505996                 0.0  
  0.0277498080437                 0.0  
  0.0278608064171                 0.0  
  0.0279722510321                 0.0  
  0.0280841392175                 0.0  
  0.0281964763499                 0.0  
  0.0283092624414                 0.0  
  0.0284225002304                 0.0  
  0.0285361897086                 0.0  
  0.0286503336378                 0.0  
  0.0287649348254                 0.0  
  0.0288799961254                 0.0  
  0.0289955146745                 0.0  
  0.0291114961891                 0.0  
  0.0292279435974                 0.0  
  0.0293448539722                 0.0  
  0.0294622331746                 0.0  
  0.0295800842108                 0.0  
  0.0296984040898                 0.0  
  0.0298171957753                 0.0  
  0.0299364653541                 0.0  
   0.030056212869                 0.0  
  0.0301764351955                 0.0  
   0.030297141651                 0.0  
  0.0304183322902                 0.0  
   0.030540003925                 0.0  
  0.0306621628877                 0.0  
  0.0307848124195                 0.0  
  0.0309079525434                 0.0  
  0.0310315832356                 0.0  
    0.03115571108                 0.0  
  0.0312803327616                 0.0  
  0.0314054549548                 0.0  
  0.0315310776845                 0.0  
  0.0316572009275                 0.0  
  0.0317838280754                 0.0  
  0.0319109660721                 0.0  
  0.0320386079596                 0.0  
  0.0321667642428                 0.0  
  0.0322954314137                 0.0  
  0.0324246130101                 0.0  
  0.0325543090014                 0.0  
  0.0326845266313                 0.0  
  0.0328152659439                 0.0  
  0.0329465269336                 0.0  
  0.0330783132954                 0.0  
   0.033210625012                 0.0  
   0.033343469638                 0.0  
  0.0334768433941                 0.0  
  0.0336107500733                 0.0  
  0.0337451935402                 0.0  
   0.033880173797                 0.0  
  0.0340156947608                 0.0  
  0.0341517564247                 0.0  
  0.0342883627599                 0.0  
  0.0344255178135                 0.0  
  0.0345632175188                 0.0  
   0.034701474139                 0.0  
  0.0348402773911                 0.0  
  0.0349796396789                 0.0  
  0.0351195589536                 0.0  
   0.035260035177                 0.0  
  0.0354010768498                 0.0  
  0.0355426796991                 0.0  
  0.0356848523573                 0.0  
  0.0358275904781                 0.0  
  0.0359709006102                 0.0  
  0.0361147849876                 0.0  
  0.0362592436068                 0.0  
  0.0364042809523                 0.0  
  0.0365498970178                 0.0  
  0.0366960986659                 0.0  
  0.0368428812899                 0.0  
  0.0369902541514                 0.0  
  0.0371382149325                 0.0  
  0.0372867683334                 0.0  
  0.0374359143444                 0.0  
  0.0375856577413                 0.0  
  0.0377360009557                 0.0  
  0.0378869439793                 0.0  
  0.0380384917058                 0.0  
  0.0381906466288                 0.0  
  0.0383434087434                 0.0  
  0.0384967830666                 0.0  
   0.038650769597                 0.0  
  0.0388053734364                 0.0  
   0.038960594588                 0.0  
  0.0391164356184                 0.0  
  0.0392729017611                 0.0  
  0.0394299930284                 0.0  
  0.0395877147451                 0.0  
  0.0397460642231                 0.0  
  0.0399050495458                 0.0  
  0.0400646707415                 0.0  
   0.040224927778                 0.0  
  0.0403858289483                 0.0  
  0.0405473714781                 0.0  
  0.0407095609641                 0.0  
  0.0408724002575                 0.0  
  0.0410358893525                 0.0  
  0.0412000310899                 0.0  
  0.0413648312727                 0.0  
  0.0415302928712                 0.0  
  0.0416964129266                 0.0  
  0.0418631973335                 0.0  
  0.0420306521135                 0.0  
  0.0421987742598                 0.0  
   0.042367569835                 0.0  
  0.0425370388292                 0.0  
  0.0427071874205                 0.0  
  0.0428780156177                 0.0  
   0.043049526541                 0.0  
  0.0432217265482                 0.0  
  0.0433946124512                 0.0  
  0.0435681906547                 0.0  
  0.0437424644236                 0.0  
  0.0439174337544                 0.0  
   0.044093105242                 0.0  
  0.0442694755483                 0.0  
  0.0444465547052                 0.0  
  0.0446243393465                 0.0  
  0.0448028362515                 0.0  
  0.0449820488816                 0.0  
  0.0451619772443                 0.0  
  0.0453426248022                 0.0  
  0.0455239950608                 0.0  
   0.045706091569                 0.0  
  0.0458889143101                 0.0  
  0.0460724704748                 0.0  
   0.046256760079                 0.0  
   0.046441790463                 0.0  
  0.0466275542247                 0.0  
  0.0468140661927                 0.0  
  0.0470013226687                 0.0  
  0.0471893273967                 0.0  
  0.0473780841697                 0.0  
  0.0475675968309                 0.0  
  0.0477578692744                 0.0  
  0.0479488975641                 0.0  
   0.048140693455                 0.0  
  0.0483332569947                 0.0  
  0.0485265921937                 0.0  
  0.0487206949799                 0.0  
  0.0489155815836                 0.0  
   0.049111243877                 0.0  
   0.049307685897                 0.0  
  0.0495049159376                 0.0  
  0.0497029382501                 0.0  
  0.0499017486086                 0.0  
   0.050101355483                 0.0  
  0.0503017632032                 0.0  
  0.0505029674168                 0.0  
  0.0507049811828                 0.0  
   0.050907800134                 0.0  
  0.0511114331187                 0.0  
    0.05131587565                 0.0  
  0.0515211412192                 0.0  
  0.0517272253272                 0.0  
  0.0519341324971                 0.0  
  0.0521418719793                 0.0  
  0.0523504391491                 0.0  
  0.0525598386228                 0.0  
  0.0527700798601                 0.0  
  0.0529811581091                 0.0  
  0.0531930829348                 0.0  
   0.053405854351                 0.0  
   0.053619482147                 0.0  
  0.0538339564734                 0.0  
  0.0540492921197                 0.0  
  0.0542654891273                 0.0  
  0.0544825525434                 0.0  
  0.0547004823653                 0.0  
  0.0549192836769                 0.0  
  0.0551389616421                 0.0  
  0.0553595162538                 0.0  
  0.0555809580109                 0.0  
  0.0558032816516                 0.0  
  0.0560264924201                 0.0  
  0.0562506010693                 0.0  
  0.0564756022102                 0.0  
  0.0567015067269                 0.0  
  0.0569283091019                 0.0  
  0.0571560259525                 0.0  
  0.0573846461207                 0.0  
  0.0576141864508                 0.0  
  0.0578446412999                 0.0  
  0.0580760220995                 0.0  
  0.0583083230765                 0.0  
  0.0585415558071                 0.0  
  0.0587757262298                 0.0  
  0.0590108284451                 0.0  
  0.0592468683068                 0.0  
   0.059483857834                 0.0  
      0.059721791                 0.0  
   0.059960679981                 0.0  
  0.0602005248295                 0.0  
  0.0604413255067                 0.0  
  0.0606830881933                 0.0  
  0.0609258255401                 0.0  
  0.0611695248559                 0.0  
  0.0614142052735                 0.0  
  0.0616598603809                 0.0  
  0.0619065031726                 0.0  
  0.0621541271011                 0.0  
  0.0624027453381                 0.0  
  0.0626523579279                 0.0  
  0.0629029648195                 0.0  
  0.0631545727019                 0.0  
  0.0634071952761                 0.0  
  0.0636608257455                 0.0  
  0.0639154639987                 0.0  
  0.0641711310012                 0.0  
  0.0644278127187                 0.0  
  0.0646855232552                 0.0  
  0.0649442626117                 0.0  
  0.0652040452661                 0.0  
  0.0654648566764                 0.0  
  0.0657267187584                 0.0  
  0.0659896241762                 0.0  
  0.0662535878291                 0.0  
  0.0665186022408                 0.0  
  0.0667846748831                 0.0  
  0.0670518133677                 0.0  
  0.0673200176808                 0.0  
  0.0675892955364                 0.0  
  0.0678596547942                 0.0  
  0.0681310955057                 0.0  
  0.0684036176189                 0.0  
  0.0686772371465                 0.0  
  0.0689519460626                 0.0  
  0.0692277524068                 0.0  
  0.0695046643732                 0.0  
  0.0697826819665                 0.0  
  0.0700618092917                 0.0  
  0.0703420589619                 0.0  
   0.070623426789                 0.0  
  0.0709059212687                 0.0  
  0.0711895423753                 0.0  
  0.0714743031091                 0.0  
  0.0717601991258                 0.0  
  0.0720472391778                 0.0  
  0.0723354277057                 0.0  
  0.0726247691824                 0.0  
  0.0729152681139                 0.0  
    0.07320692904                 0.0  
  0.0734997565348                 0.0  
  0.0737937552076                 0.0  
  0.0740889344083                 0.0  
  0.0743852894469                 0.0  
  0.0746828297095                 0.0  
  0.0749815599532                 0.0  
  0.0752814849739                 0.0  
  0.0755826145031                 0.0  
  0.0758849436633                 0.0  
  0.0761884822289                 0.0  
  0.0764932351588                 0.0  
  0.0767992074549                 0.0  
  0.0771064092587                 0.0  
  0.0774148303731                 0.0  
  0.0777244912211                 0.0  
  0.0780353918892                 0.0  
  0.0783475323458                 0.0  
  0.0786609230457                 0.0  
  0.0789755639691                 0.0  
  0.0792914657527                 0.0  
   0.079608633823                 0.0  
  0.0799270681838                 0.0  
  0.0802467742357                 0.0  
   0.080567762995                 0.0  
  0.0808900344938                 0.0  
   0.081213594294                 0.0  
  0.0815384480128                 0.0  
  0.0818646013243                 0.0  
  0.0821920599602                 0.0  
  0.0825208297115                 0.0  
  0.0828509105458                 0.0  
  0.0831823141643                 0.0  
   0.083515046541                 0.0  
  0.0838491076875                 0.0  
  0.0841845035616                 0.0  
  0.0845212401854                 0.0  
  0.0848593236462                 0.0  
   0.085198760098                 0.0  
   0.085539555763                 0.0  
  0.0858817169328                 0.0  
  0.0862252435974                 0.0  
  0.0865701420383                 0.0  
  0.0869164250829                 0.0  
  0.0872640927855                 0.0  
  0.0876131450676                 0.0  
  0.0879636016111                 0.0  
  0.0883154558578                 0.0  
   0.088668714379                 0.0  
  0.0890233906167                 0.0  
  0.0893794846157                 0.0  
  0.0897370031866                 0.0  
  0.0900959462655                 0.0  
  0.0904563346886                 0.0  
  0.0908181615483                 0.0  
  0.0911814338254                 0.0  
  0.0915461585877                 0.0  
  0.0919123429913                 0.0  
  0.0922799869838                 0.0  
  0.0926491124422                 0.0  
   0.093019704726                 0.0  
  0.0933917859573                 0.0  
  0.0937653562234                 0.0  
  0.0941404154694                 0.0  
  0.0945169788091                 0.0  
  0.0948950462631                 0.0  
  0.0952746254872                 0.0  
  0.0956557242391                 0.0  
  0.0960383424748                 0.0  
    0.09642249594                 0.0  
  0.0968081927081                 0.0  
  0.0971954247693                 0.0  
    0.09758420003                 0.0  
  0.0979745429595                 0.0  
  0.0983664371996                 0.0  
  0.0987599075112                 0.0  
  0.0991549455969                 0.0  
  0.0995515597278                 0.0  
  0.0999497668536                 0.0  
   0.100349567056                 0.0  
   0.100750968963                 0.0  
    0.10115397256                 0.0  
   0.101558586513                 0.0  
   0.101964819616                 0.0  
   0.102372680792                 0.0  
   0.102782170036                 0.0  
   0.103193296316                 0.0  
   0.103606068731                 0.0  
   0.104020496516                 0.0  
   0.104436579694                 0.0  
   0.104854327552                 0.0  
   0.105273740019                 0.0  
   0.105694836009                 0.0  
   0.106117615583                 0.0  
   0.106542088371                 0.0  
   0.106968254342                 0.0  
    0.10739613307                 0.0  
   0.107825714704                 0.0  
   0.108257019043                 0.0  
   0.108690046111                 0.0  
    0.10912480597                 0.0  
   0.109561308842                 0.0  
   0.109999544368                 0.0  
   0.110439543503                 0.0  
   0.110881306421                 0.0  
   0.111324833128                 0.0  
   0.111770134167                 0.0  
   0.112217209458                 0.0  
   0.112666080506                 0.0  
   0.113116747406                 0.0  
   0.113569210079                 0.0  
    0.11402349056                 0.0  
    0.11447957772                 0.0  
   0.114937505188                 0.0  
   0.115397250435                 0.0  
   0.115858836044                 0.0  
    0.11632227356                 0.0  
   0.116787563027                 0.0  
   0.117254716096                 0.0  
   0.117723732736                 0.0  
   0.118194624709                 0.0  
   0.118667403978                 0.0  
    0.11914207054                 0.0  
   0.119618648741                 0.0  
   0.120097114076                 0.0  
   0.120577503377                 0.0  
   0.121059816793                 0.0  
   0.121544054295                 0.0  
   0.122030228427                 0.0  
   0.122518351955                 0.0  
   0.123008424898                 0.0  
    0.12350046016                 0.0  
   0.123994457695                 0.0  
   0.124490443835                 0.0  
   0.124988405397                 0.0  
   0.125488355577                 0.0  
   0.125990307807                 0.0  
   0.126494275758                 0.0  
   0.127000245701                 0.0  
   0.127508245074                 0.0  
    0.12801828796                 0.0  
   0.128530360378                 0.0  
   0.129044476247                 0.0  
   0.129560649739                 0.0  
   0.130078895284                 0.0  
   0.130599212962                 0.0  
   0.131121602652                 0.0  
   0.131646093737                 0.0  
   0.132172686404                 0.0  
   0.132701365544                 0.0  
   0.133232176219                 0.0  
   0.133765103397                 0.0  
   0.134300162271                 0.0  
   0.134837368321                 0.0  
   0.135376721612                 0.0  
   0.135918222001                 0.0  
   0.136461901057                 0.0  
   0.137007742892                 0.0  
   0.137555779549                 0.0  
   0.138105994852                 0.0  
   0.138658421326                 0.0  
   0.139213050809                 0.0  
   0.139769908149                 0.0  
   0.140328985025                 0.0  
   0.140890298152                 0.0  
   0.141453864571                 0.0  
   0.142019675725                 0.0  
   0.142587757413                 0.0  
   0.143158109703                 0.0  
   0.143730741295                 0.0  
   0.144305660953                 0.0  
     0.1448828865                 0.0  
   0.145462417974                 0.0  
   0.146044264332                 0.0  
   0.146628443812                 0.0  
    0.14721495644                 0.0  
   0.147803820742                 0.0  
   0.148395036739                 0.0  
   0.148988613741                 0.0  
   0.149584570717                 0.0  
    0.15018290769                 0.0  
   0.150783634197                 0.0  
   0.151386769673                 0.0  
   0.151992324049                 0.0  
   0.152600287381                 0.0  
   0.153210689412                 0.0  
    0.15382353019                 0.0  
   0.154438829972                 0.0  
   0.155056578518                 0.0  
    0.15567680657                 0.0  
   0.156299514214                 0.0  
    0.15692471185                 0.0  
   0.157552409977                 0.0  
    0.15818261919                 0.0  
   0.158815350183                 0.0  
   0.159450613755                 0.0  
   0.160088420804                 0.0  
   0.160728771267                 0.0  
   0.161371687153                 0.0  
   0.162017168434                 0.0  
   0.162665237514                 0.0  
   0.163315905841                 0.0  
   0.163969161936                 0.0  
   0.164625040157                 0.0  
   0.165283540598                 0.0  
   0.165944674901                 0.0  
   0.166608454833                 0.0  
   0.167274892283                 0.0  
   0.167943987181                 0.0  
   0.168615763567                 0.0  
   0.169290221434                 0.0  
    0.16996738528                 0.0  
   0.170647255169                 0.0  
   0.171329843488                 0.0  
   0.172015162761                 0.0  
   0.172703225652                 0.0  
   0.173394044972                 0.0  
   0.174087620686                 0.0  
   0.174783965587                 0.0  
   0.175483105814                 0.0  
   0.176185028167                 0.0  
   0.176889772394                 0.0  
   0.177597338699                 0.0  
   0.178307727023                 0.0  
   0.179020950763                 0.0  
   0.179737037323                 0.0  
   0.180455986807                 0.0  
   0.181177813108                 0.0  
   0.181902516113                 0.0  
   0.182630138307                 0.0  
   0.183360651225                 0.0  
   0.184094097823                 0.0  
   0.184830478239                 0.0  
   0.185569792332                 0.0  
   0.186312069427                 0.0  
   0.187057324515                 0.0  
   0.187805542552                 0.0  
   0.188556768668                 0.0  
   0.189311003085                 0.0  
   0.190068245741                 0.0  
   0.190828511884                 0.0  
   0.191591832701                 0.0  
   0.192358192514                 0.0  
     0.1931276228                 0.0  
   0.193900139646                 0.0  
   0.194675743117                 0.0  
    0.19545444935                 0.0  
   0.196236258206                 0.0  
    0.19702120251                 0.0  
   0.197809299078                 0.0  
   0.198600531156                 0.0  
   0.199394932263                 0.0  
   0.200192502344                 0.0  
   0.200993275664                 0.0  
   0.201797252382                 0.0  
   0.202604449942                 0.0  
   0.203414868307                 0.0  
   0.204228525003                 0.0  
    0.20504543781                 0.0  
   0.205865624771                 0.0  
   0.206689085885                 0.0  
   0.207515839287                 0.0  
   0.208345903386                 0.0  
   0.209179278109                 0.0  
   0.210016000869                 0.0  
   0.210856071857                 0.0  
   0.211699490941                 0.0  
   0.212546277026                 0.0  
   0.213396468821                 0.0  
   0.214250046937                 0.0  
   0.215107050522                 0.0  
    0.21596747968                 0.0  
   0.216831354335                 0.0  
   0.217698674411                 0.0  
   0.218569480447                 0.0  
   0.219443752038                 0.0  
   0.220321530195                 0.0  
   0.221202814979                 0.0  
    0.22208762725                 0.0  
   0.222975966893                 0.0  
   0.223867876408                 0.0  
   0.224763356022                 0.0  
    0.22566240562                 0.0  
   0.226565046741                 0.0  
   0.227471323449                 0.0  
   0.228381191466                 0.0  
   0.229294717399                 0.0  
   0.230211901517                 0.0  
   0.231132743741                 0.0  
   0.232057289795                 0.0  
    0.23298551673                 0.0  
   0.233917447399                 0.0  
   0.234853128678                 0.0  
   0.235792537111                 0.0  
   0.236735696159                 0.0  
   0.237682653894                 0.0  
   0.238633386357                 0.0  
   0.239587917649                 0.0  
   0.240546272283                 0.0  
   0.241508450202                 0.0  
   0.242474476173                 0.0  
   0.243444375393                 0.0  
   0.244418147897                 0.0  
   0.245395819152                 0.0  
   0.246377415072                 0.0  
   0.247362935807                 0.0  
   0.248352381126                 0.0  
   0.249345777063                 0.0  
   0.250343176971                 0.0  
   0.251344527244                 0.0  
   0.252349908614                 0.0  
    0.25335932151                 0.0  
   0.254372765977                 0.0  
   0.255390241673                 0.0  
   0.256411804211                 0.0  
   0.257437453804                 0.0  
   0.258467218904                 0.0  
   0.259501070763                 0.0  
   0.260539066586                 0.0  
   0.261581235703                 0.0  
   0.262627548869                 0.0  
   0.263678064881                 0.0  
   0.264732783961                 0.0  
    0.26579170593                 0.0  
   0.266854891235                 0.0  
   0.267922309574                 0.0  
   0.268993991277                 0.0  
   0.270069967242                 0.0  
   0.271150237445                 0.0  
   0.272234833207                 0.0  
   0.273323786442                 0.0  
   0.274417065131                 0.0  
   0.275514733392                 0.0  
   0.276616791411                 0.0  
   0.277723272009                 0.0  
   0.278834175318                 0.0  
   0.279949501047                 0.0  
   0.281069299253                 0.0  
   0.282193587055                 0.0  
   0.283322347287                 0.0  
   0.284455648488                 0.0  
   0.285593473589                 0.0  
   0.286735839763                 0.0  
    0.28788278206                 0.0  
   0.289034318324                 0.0  
    0.29019044848                 0.0  
    0.29135120839                 0.0  
   0.292516616291                 0.0  
   0.293686690561                 0.0  
   0.294861431089                 0.0  
   0.296040874868                 0.0  
   0.297225040705                 0.0  
   0.298413947558                 0.0  
   0.299607595302                 0.0  
    0.30080602213                 0.0  
   0.302009247464                 0.0  
    0.30321729089                 0.0  
     0.3044301523                 0.0  
   0.305647871155                 0.0  
   0.306870467543                 0.0  
   0.308097941391                 0.0  
   0.309330333157                 0.0  
   0.310567663464                 0.0  
   0.311809932292                 0.0  
   0.313057181141                 0.0  
   0.314309410034                 0.0  
   0.315566639853                 0.0  
   0.316828913182                 0.0  
   0.318096230131                 0.0  
   0.319368612178                 0.0  
   0.320646081009                 0.0  
   0.321928658521                 0.0  
   0.323216389208                 0.0  
   0.324509250809                 0.0  
   0.325807288084                 0.0  
   0.327110523813                 0.0  
   0.328418957898                 0.0  
   0.329732636328                 0.0  
   0.331051559108                 0.0  
   0.332375773078                 0.0  
   0.333705278357                 0.0  
   0.335040098608                 0.0  
   0.336380257747                 0.0  
   0.337725779946                 0.0  
   0.339076665006                 0.0  
   0.340432986705                 0.0  
   0.341794720546                 0.0  
   0.343161891185                 0.0  
   0.344534548985                 0.0  
   0.345912668488                 0.0  
   0.347296326266                 0.0  
   0.348685522677                 0.0  
   0.350080257549                 0.0  
   0.351480583114                 0.0  
   0.352886499387                 0.0  
   0.354298059636                 0.0  
   0.355715236968                 0.0  
   0.357138112398                 0.0  
   0.358566658811                 0.0  
   0.360000930978                 0.0  
   0.361440928903                 0.0  
   0.362886680252                 0.0  
   0.364338241478                 0.0  
   0.365795584278                 0.0  
   0.367258765579                 0.0  
   0.368727814453                 0.0  
   0.370202701609                 0.0  
   0.371683514657                 0.0  
   0.373170253946                 0.0  
   0.374662949342                 0.0  
   0.376161600777                 0.0  
   0.377666238169                 0.0  
    0.37917689183                 0.0  
   0.380693623523                 0.0  
   0.382216371204                 0.0  
   0.383745259568                 0.0  
   0.385280225907                 0.0  
   0.386821365205                 0.0  
   0.388368645644                 0.0  
   0.389922098941                 0.0  
   0.391481790084                 0.0  
   0.393047719354                 0.0  
   0.394619919803                 0.0  
   0.396198391308                 0.0  
   0.397783200948                 0.0  
   0.399374314825                 0.0  
   0.400971835143                 0.0  
   0.402575693153                 0.0  
   0.404186027304                 0.0  
    0.40580276818                 0.0  
   0.407425985771                 0.0  
   0.409055680001                 0.0  
   0.410691886307                 0.0  
   0.412334677075                 0.0  
   0.413984016222                 0.0  
   0.415639939898                 0.0  
   0.417302484792                 0.0  
   0.418971688138                 0.0  
    0.42064758773                 0.0  
   0.422330183714                 0.0  
   0.424019514119                 0.0  
   0.425715578715                 0.0  
    0.42741845491                 0.0  
   0.429128103577                 0.0  
   0.430844642772                 0.0  
   0.432567993229                 0.0  
   0.434298274541                 0.0  
   0.436035487278                 0.0  
   0.437779631355                 0.0  
   0.439530747406                 0.0  
   0.441288876713                 0.0  
   0.443054019149                 0.0  
   0.444826216307                 0.0  
   0.446605553183                 0.0  
   0.448391944501                 0.0  
   0.450185518681                 0.0  
   0.451986276277                 0.0  
   0.453794217163                 0.0  
   0.455609384994                 0.0  
   0.457431824142                 0.0  
   0.459261534513                 0.0  
   0.461098606424                 0.0  
   0.462942994629                 0.0  
   0.464794744293                 0.0  
   0.466653947995                 0.0  
   0.468520559477                 0.0  
   0.470394625092                 0.0  
    0.47227623977                 0.0  
   0.474165308069                 0.0  
   0.476061973558                 0.0  
   0.477966236859                 0.0  
   0.479878097875                 0.0  
    0.48179760551                 0.0  
   0.483724809516                 0.0  
   0.485659709962                 0.0  
   0.487602357123                 0.0  
   0.489552750798                 0.0  
   0.491510941797                 0.0  
   0.493476981822                 0.0  
   0.495450923487                 0.0  
   0.497432714296                 0.0  
   0.499422459632                 0.0  
   0.501420159773                 0.0  
   0.503425814233                 0.0  
    0.50543953123                 0.0  
   0.507461256159                 0.0  
   0.509491098746                 0.0  
   0.511529115411                 0.0  
   0.513575194045                 0.0  
   0.515629502992                 0.0  
   0.517692042968                 0.0  
   0.519762813907                 0.0  
   0.521841873299                 0.0  
   0.523929220874                 0.0  
   0.526024914845                 0.0  
   0.528129014504                 0.0  
   0.530241520001                 0.0  
   0.532362491404                 0.0  
   0.534491989902                 0.0  
    0.53662995442                 0.0  
   0.538776445492                 0.0  
   0.540931524796                 0.0  
   0.543095255176                 0.0  
   0.545267636958                 0.0  
   0.547448733858                 0.0  
   0.549638546073                 0.0  
    0.55183707296                 0.0  
   0.554044444575                 0.0  
    0.55626059541                 0.0  
   0.558485657495                 0.0  
   0.560719597844                 0.0  
   0.562962483405                 0.0  
   0.565214313975                 0.0  
   0.567475191987                 0.0  
   0.569745083194                 0.0  
   0.572024056544                 0.0  
   0.574312146998                 0.0  
   0.576609389767                 0.0  
   0.578915856223                 0.0  
   0.581231510563                 0.0  
   0.583556424395                 0.0  
   0.585890670752                 0.0  
   0.588234212906                 0.0  
   0.590587161519                 0.0  
   0.592949516918                 0.0  
   0.595321316499                 0.0  
   0.597702597952                 0.0  
   0.600093399275                 0.0  
   0.602493758773                 0.0  
   0.604903754268                 0.0  
   0.607323346614                 0.0  
   0.609752653807                 0.0  
    0.61219167626                 0.0  
   0.614640413456                 0.0  
   0.617098986326                 0.0  
   0.619567395379                 0.0  
   0.622045640186                 0.0  
   0.624533844723                 0.0  
   0.627031967515                 0.0  
   0.629540092171                 0.0  
   0.632058261237                 0.0  
   0.634586517658                 0.0  
   0.637124861303                 0.0  
   0.639673334899                 0.0  
   0.642232025774                 0.0  
   0.644800978545                 0.0  
   0.647380148471                 0.0  
   0.649969669425                 0.0  
   0.652569587365                 0.0  
   0.655179856736                 0.0  
   0.657800568591                 0.0  
   0.660431769189                 0.0  
   0.663073505274                 0.0  
   0.665725776595                 0.0  
   0.668388677604                 0.0  
   0.671062256533                 0.0  
   0.673746513503                 0.0  
   0.676441496628                 0.0  
   0.679147254542                 0.0  
   0.681863836416                 0.0  
   0.684591291962                 0.0  
   0.687329671447                 0.0  
   0.690078974684                 0.0  
   0.692839303287                 0.0  
   0.695610657402                 0.0  
   0.698393088372                 0.0  
   0.701186648134                 0.0  
   0.703991389227                 0.0  
   0.706807364806                 0.0  
   0.709634628657                 0.0  
   0.712473126437                 0.0  
   0.715323020253                 0.0  
   0.718184310573                 0.0  
   0.721057052476                 0.0  
   0.723941301714                 0.0  
   0.726837058126                 0.0  
   0.729744434544                 0.0  
    0.73266337379                 0.0  
   0.735594047609                 0.0  
   0.738536398423                 0.0  
   0.741490542374                 0.0  
   0.744456538845                 0.0  
   0.747434328278                 0.0  
   0.750424089387                 0.0  
   0.753425762242                 0.0  
   0.756439467734                 0.0  
   0.759465267704                 0.0  
   0.762503100235                 0.0  
   0.765553088621                 0.0  
   0.768615358973                 0.0  
   0.771689785078                 0.0  
   0.774776557029                 0.0  
   0.777875675396                 0.0  
   0.780987139566                 0.0  
   0.784111079464                 0.0  
   0.787247561611                 0.0  
   0.790396519592                 0.0  
   0.793558153516                 0.0  
   0.796732328688                 0.0  
   0.799919316178                 0.0  
   0.803118979953                 0.0  
   0.806331456982                 0.0  
   0.809556747003                 0.0  
   0.812794990065                 0.0  
   0.816046186795                 0.0  
   0.819310336587                 0.0  
   0.822587582554                 0.0  
   0.825877925024                 0.0  
   0.829181436724                 0.0  
   0.832498191461                 0.0  
   0.835828189296                 0.0  
   0.839171504458                 0.0  
   0.842528212291                 0.0  
   0.845898312618                 0.0  
   0.849281881239                 0.0  
   0.852678995109                 0.0  
   0.856089732362                 0.0  
   0.859514093183                 0.0  
   0.862952156231                 0.0  
    0.86640392096                 0.0  
   0.869869547625                 0.0  
   0.873349036885                 0.0  
   0.876842470444                 0.0  
   0.880349848266                 0.0  
    0.88387125266                 0.0  
   0.887406682882                 0.0  
   0.890956306903                 0.0  
   0.894520125299                 0.0  
   0.898098223703                 0.0  
   0.901690602022                 0.0  
    0.90529734659                 0.0  
   0.908918545144                 0.0  
   0.912554286861                 0.0  
    0.91620448251                 0.0  
   0.919869310553                 0.0  
   0.923548771048                 0.0  
   0.927242954756                 0.0  
   0.930951953949                 0.0  
    0.93467576885                 0.0  
   0.938414398252                 0.0  
   0.942168124804                 0.0  
   0.945936759492                 0.0  
   0.949720492285                 0.0  
   0.953519420436                 0.0  
   0.957333446481                 0.0  
   0.961162765282                 0.0  
   0.965007476762                 0.0  
   0.968867481426                 0.0  
    0.97274297922                 0.0  
   0.976633970679                 0.0  
   0.980540454853                 0.0  
   0.984462636942                 0.0  
   0.988400517931                 0.0  
   0.992354097304                 0.0  
   0.996323479373                 0.0  
     1.0003087703                 0.0  
    1.00431007814                 0.0  
    1.00832729502                 0.0  
    1.01236052764                 0.0  
    1.01640999533                 0.0  
    1.02047569976                 0.0  
    1.02455752863                 0.0  
    1.02865581791                 0.0  
    1.03277045575                 0.0  
    1.03690155548                 0.0  
    1.04104911636                 0.0  
    1.04521325314                 0.0  
    1.04939420063                 0.0  
    1.05359172389                 0.0  
    1.05780605831                 0.0  
    1.06203732443                 0.0  
    1.06628552323                 0.0  
    1.07055065407                 0.0  
    1.07483283844                 0.0  
    1.07913220012                 0.0  
    1.08344873944                 0.0  
     1.0877824551                 0.0  
    1.09213359969                 0.0  
    1.09650217463                 0.0  
     1.1008881797                 0.0  
     1.1052917439                 0.0  
    1.10971286672                 0.0  
    1.11415174547                 0.0  
      1.118608314                 0.0  
    1.12308277256                 0.0  
    1.12757512183                 0.0  
    1.13208536077                 0.0  
    1.13661376343                 0.0  
    1.14116019235                 0.0  
    1.14572485554                 0.0  
    1.15030775326                 0.0  
    1.15490895553                 0.0  
    1.15952860483                 0.0  
    1.16416670132                 0.0  
     1.1688233897                 0.0  
    1.17349867003                 0.0  
     1.1781926893                 0.0  
    1.18290544752                 0.0  
    1.18763701844                 0.0  
    1.19238762871                 0.0  
    1.19715712662                 0.0  
    1.20194581802                 0.0  
    1.20675354877                 0.0  
    1.21158055106                 0.0  
    1.21642690421                 0.0  
    1.22129260833                 0.0  
    1.22617774218                 0.0  
    1.23108246641                 0.0  
    1.23600678128                 0.0  
    1.24095085014                 0.0  
    1.24591467342                 0.0  
    1.25089833345                 0.0  
    1.25590191332                 0.0  
    1.26092549688                 0.0  
    1.26596925462                 0.0  
    1.27103310096                 0.0  
    1.27611720729                 0.0  
    1.28122166071                 0.0  
    1.28634654912                 0.0  
     1.2914919613                 0.0  
    1.29665789685                 0.0  
    1.30184453495                 0.0  
    1.30705196705                 0.0  
    1.31228019329                 0.0  
     1.3175293048                 0.0  
    1.32279939364                 0.0  
    1.32809055282                 0.0  
    1.33340297157                 0.0  
    1.33873655515                 0.0  
    1.34409149405                 0.0  
    1.34946788529                 0.0  
    1.35486572862                 0.0  
    1.36028521997                 0.0  
    1.36572635965                 0.0  
    1.37118924663                 0.0  
    1.37667398097   4.48845019595e-08  
    1.38218066385                 0.0  
     1.3877093976                 0.0  
    1.39326028573                 0.0  
    1.39883332813                 0.0  
    1.40442862818                 0.0  
    1.41004639701                 0.0  
    1.41568652828                 0.0  
    1.42134923472                 0.0  
     1.4270347338                 0.0  
    1.43274280789                 0.0  
    1.43847378442                 0.0  
    1.44422766398                 0.0  
    1.45000455759                 0.0  
    1.45580457763                 0.0  
    1.46162783788                 0.0  
     1.4674743382                 0.0  
    1.47334419247                 0.0  
    1.47923763322                 0.0  
    1.48515454374                 0.0  
    1.49109515859                 0.0  
    1.49705959758                 0.0  
    1.50304786104                 0.0  
    1.50905994702                 0.0  
    1.51509622013                 0.0  
    1.52115668254                 0.0  
    1.52724120921                 0.0  
    1.53335017254                 0.0  
    1.53948357374                 0.0  
    1.54564153965                 0.0  
    1.55182406983                 0.0  
    1.55803142154                 0.0  
    1.56426359579                 0.0  
    1.57052059122                 0.0  
     1.5768026704                 0.0  
    1.58310983348                 0.0  
    1.58944234883                 0.0  
    1.59580008182                 0.0  
    1.60218330351                 0.0  
    1.60859201408                 0.0  
    1.61502635096                 0.0  
    1.62148645356                 0.0  
    1.62797246329                 0.0  
    1.63448438051                 0.0  
    1.64102234735                 0.0  
    1.64758636258                 0.0  
    1.65417671562                 0.0  
    1.66079340718                 0.0  
    1.66743658437                 0.0  
     1.6741063965   5.58135667359e-08  
    1.68080269246                 0.0  
    1.68752592389                 0.0  
    1.69427609314                 0.0  
    1.70105319998                 0.0  
    1.70785739784                 0.0  
    1.71468884249                 0.0  
    1.72154753335                 0.0  
    1.72843378724   5.72906928743e-08  
    1.73534744462                 0.0  
    1.74228882598                 0.0  
    1.74925809556                 0.0  
    1.75625508976                 0.0  
    1.76328013667                 0.0  
    1.77033323648                 0.0  
    1.77741455594                 0.0  
    1.78452426446                 0.0  
     1.7916623622                 0.0  
    1.79882901993                 0.0  
    1.80602423647   5.97832074062e-08  
    1.81324836008                 0.0  
    1.82050139242                 0.0  
     1.8277833324                 0.0  
    1.83509453688                 0.0  
    1.84243482592                 0.0  
    1.84980456084   5.98305222024e-08  
    1.85720392704                 0.0  
    1.86463274053   6.29891759233e-08  
    1.87209118398                 0.0  
     1.8795796324   6.45197009683e-08  
    1.88709789773   6.11008292983e-08  
    1.89464616751                 0.0  
    1.90222482632                 0.0  
    1.90983368203                 0.0  
    1.91747312426                 0.0  
    1.92514295664   6.24556236733e-08  
    1.93284357391                 0.0  
    1.94057497714                 0.0  
    1.94833716444                 0.0  
    1.95613054087    6.5716336067e-08  
     1.9639551083                 0.0  
    1.97181086567                 0.0  
    1.97969822875                 0.0  
    1.98761698878                 0.0  
     1.9955673539                 0.0  
    2.00354975096   6.68857913758e-08  
    2.01156396724   7.02727808497e-08  
    2.01961021701                 0.0  
    2.02768849818                 0.0  
    2.03579924952   6.33015431167e-08  
    2.04394247327   7.29476683255e-08  
    2.05211839415                 0.0  
    2.06032678619                 0.0  
    2.06856810064                 0.0  
    2.07684233806                 0.0  
    2.08514972876   6.80030107075e-08  
    2.09349027249    1.4365930884e-07  
    2.10186420246   7.09941687215e-08  
    2.11027175621   1.47609252769e-07  
    2.11871293521    7.7815934728e-08  
     2.1271877377                 0.0  
    2.13569640299                 0.0  
    2.14423917486   7.56157984453e-08  
    2.15281605342                 0.0  
    2.16142753599                 0.0  
    2.17007312352   1.56051486287e-07  
     2.1787533147    7.9828491323e-08  
    2.18746836472                 0.0  
    2.19621827524                 0.0  
    2.20500330503   6.99850889048e-08  
    2.21382319273                 0.0  
    2.22267845914   1.61928421356e-07  
    2.23156923834   1.46573691731e-07  
    2.24049553083   1.48164938695e-07  
    2.24945746922   7.97497316663e-08  
    2.25845532359                 0.0  
    2.26748909386                 0.0  
     2.2765590541   8.39411745657e-08  
    2.28566534384    8.2706995341e-08  
     2.2948079625   2.41993921921e-07  
    2.30398719039                 0.0  
    2.31320316998   2.34100692738e-07  
    2.32245604483   2.40282779324e-07  
    2.33174581389   7.60787836696e-08  
    2.34107276615                 0.0  
    2.35043704837                 0.0  
    2.35983880845   8.08189790796e-08  
    2.36927819543   8.16985600223e-08  
    2.37875535953   1.58374763289e-07  
    2.38827029941   1.65912227972e-07  
    2.39782347203   7.97626740475e-08  
    2.40741472448   7.95377661709e-08  
    2.41704436467   4.92109953336e-07  
    2.42671254905   1.60856402564e-07  
    2.43641943535   8.69887108011e-08  
    2.44616502242   8.17958214377e-08  
       2.45594979   3.42690172676e-07  
    2.46577357813   8.93696520126e-08  
    2.47563654622   4.98395987786e-07  
    2.48553918601   2.57948044525e-07  
    2.49548133412    9.0101788625e-08  
    2.50546315429   3.53200613856e-07  
    2.51548515073   2.61800372964e-07  
    2.52554698583   1.65473341373e-07  
    2.53564916829   1.65518891018e-07  
    2.54579187216   2.59497757761e-07  
    2.55597492322   1.82223677335e-07  
     2.5661988433   4.41221598793e-07  
    2.57646363371    7.8599790247e-08  
    2.58676947111   8.91595777853e-08  
    2.59711653388   2.70196929064e-07  
    2.60750500219   2.57844807312e-07  
    2.61793505804   4.56057446475e-07  
    2.62840688526   3.60355143581e-07  
    2.63892048307   3.69878554431e-07  
    2.64947622269   2.78318821105e-07  
    2.66007410417   2.86337858046e-07  
    2.67071431458   8.69210930965e-08  
    2.68139723552   5.28006799143e-07  
    2.69212286854    6.6620219825e-07  
    2.70289121112   5.72246556517e-07  
    2.71370284826   9.35585605828e-08  
     2.7245575844    3.7539666776e-07  
    2.73545581473   4.64222305446e-07  
    2.74639774102   7.48776374534e-07  
    2.75738336362   4.00890982943e-07  
    2.76841288399   3.67818239779e-07  
    2.77948650585   3.91935082343e-07  
    2.79060443525   4.93642186916e-07  
    2.80176688064   4.89471847714e-07  
    2.81297384093   9.19399158865e-08  
    2.82422573799   1.87553240014e-07  
    2.83552278766   3.03282099297e-07  
    2.84686477416   5.83920265201e-07  
    2.85825234572   5.96675216136e-07  
     2.8696852848   7.03491829436e-07  
    2.88116402948   1.07920211655e-06  
    2.89268857934   3.19314151455e-07  
    2.90425938136   9.13632149797e-07  
    2.91587643703    5.9737176091e-07  
    2.92753997296   6.13714425539e-07  
    2.93925021859   5.86406343317e-07  
      2.951007173   7.27160939631e-07  
    2.96281106587    5.0717698236e-07  
    2.97466236678   5.07038948573e-07  
    2.98656107812   6.14320625678e-07  
     2.9985071977   6.19338576331e-07  
      3.010501447   7.19715506336e-07  
    3.02254334263   8.53560040114e-07  
    3.03463361427   1.05312761747e-06  
    3.04677201599   1.38333485659e-06  
    3.05895904115   8.57224507556e-07  
    3.07119494173   8.41722976602e-07  
    3.08347971845   9.47008242408e-07  
    3.09581362403   7.62606821502e-07  
    3.10819691461   1.43427746984e-06  
    3.12062958899   8.70540400447e-07  
    3.13311216706   1.41718285894e-06  
    3.14564465057   1.34908255584e-06  
    3.15822730368   1.00424446193e-06  
    3.17086012492   9.99968905184e-07  
    3.18354365085   1.24564162387e-06  
    3.19627788324   1.23272508082e-06  
    3.20906281894   6.87212024061e-07  
    3.22189900597   1.00046759101e-06  
    3.23478672482   5.45762281666e-07  
    3.24772597752   1.69730769179e-06  
    3.26071676117   1.60655655428e-06  
    3.27375964194   1.09814204367e-06  
    3.28685462056    1.0317515564e-06  
    3.30000198442   1.50787524227e-06  
    3.31320202516   5.85853556404e-07  
    3.32645503871   1.99800687065e-06  
    3.33976072794   1.26086347234e-06  
    3.35311968447   5.92000334969e-07  
    3.36653221038   1.40927359922e-06  
     3.3799983063   1.66254174015e-06  
    3.39351827618   1.41475873843e-06  
    3.40709242856   1.10764976291e-06  
    3.42072076331   2.50846952852e-06  
    3.43440359099   1.76920739039e-06  
    3.44814122692   1.19211097329e-06  
    3.46193399134   1.42559848232e-06  
    3.47578156229    1.7965147123e-06  
    3.48968490685   1.70183164039e-06  
    3.50364337402   1.85983981243e-06  
    3.51765794355   1.84956360038e-06  
    3.53172861925   2.25879587773e-06  
    3.54585573632    1.8532101987e-06  
     3.5600389564   1.59378188298e-06  
    3.57427929354    2.2285638188e-06  
    3.58857640934   1.75808470322e-06  
    3.60293064433   2.52132034691e-06  
    3.61734234457   1.84593991842e-06  
    3.63181186174   2.00774106984e-06  
    3.64633884103   2.08617455074e-06  
    3.66092434656   1.63732563434e-06  
    3.67556802377   2.71211846247e-06  
    3.69027023047   2.77677641007e-06  
    3.70503133043    2.2147940163e-06  
    3.71985132286   2.87474354604e-06  
    3.73473094844   2.50795423547e-06  
    3.74966983622   3.00760370939e-06  
    3.76466835677   2.69123920156e-06  
    3.77972726954   2.49662867208e-06  
    3.79484619552   1.95955940768e-06  
    3.81002551525   2.51993666607e-06  
    3.82526561575    2.5643081656e-06  
    3.84056649563   1.75954866132e-06  
    3.85592894407   4.06733545938e-06  
    3.87135256549   2.57229318827e-06  
    3.88683815953   3.00976800187e-06  
    3.90238532204   2.79196310801e-06  
    3.91799486333   3.81665747281e-06  
    3.93366678499   2.57441353223e-06  
     3.9494015004    3.0307870271e-06  
    3.96519900909   3.30766628051e-06  
    3.98106015352   4.64522564607e-06  
    3.99698408556   3.20570160706e-06  
    4.01297208033   3.85016358192e-06  
    4.02902414361   3.74378816626e-06  
    4.04514027511   3.69590463481e-06  
    4.06132091013   4.26721098475e-06  
    4.07756604651   5.39949381585e-06  
     4.0938761247   4.84693100559e-06  
    4.11025159314   5.24426948598e-06  
    4.12669290844   4.77660075068e-06  
    4.14319961597    5.3820823011e-06  
      4.159772167   3.36519645841e-06  
    4.17641148833   4.05134090297e-06  
     4.1931171174   4.36358721801e-06  
    4.20988951967   3.37053954151e-06  
    4.22672916926   3.67046942465e-06  
    4.24363606672   4.56720482035e-06  
    4.26061069234   3.94100958701e-06  
    4.27765304529   3.74555494917e-06  
     4.2947636122    5.4743258142e-06  
    4.31194288887     5.424092955e-06  
    4.32919037643   3.03263448999e-06  
    4.34650707141    4.9930371578e-06  
    4.36389297573   5.03203125187e-06  
    4.38134859885   3.66135738892e-06  
    4.39887394162   6.79624809063e-06  
    4.41646952064    5.9256985415e-06  
    4.43413533578   6.69317053062e-06  
    4.45187217638   5.02633121394e-06  
    4.46967951266   5.37486937567e-06  
    4.48755840908   6.29113004795e-06  
    4.50550859831   6.78667051181e-06  
     4.5235306196   6.32371517393e-06  
    4.54162474648   5.20999680981e-06  
    4.55979125434   7.93730813583e-06  
    4.57803042047   5.63741092646e-06  
    4.59634252412   7.06222059788e-06  
     4.6147278465   5.63704481518e-06  
    4.63318667084   7.86269434958e-06  
    4.65171957222   5.49992827452e-06  
    4.67032626082   6.59150898376e-06  
    4.68900760809   8.48192359879e-06  
    4.70776361606   7.99741976795e-06  
    4.72659487793   7.43210691194e-06  
    4.74550109403     7.351552097e-06  
    4.76448316381    6.3524448596e-06  
    4.78354108914   8.30867097475e-06  
     4.8026751735   7.83815477695e-06  
    4.82188603423   9.39162221836e-06  
    4.84117335953   7.04586038657e-06  
    4.86053808574   8.77264753057e-06  
    4.87998021521     7.564195822e-06  
    4.89950038583    7.8597387914e-06  
    4.91909827634    7.7143370914e-06  
    4.93877452759   7.40156037482e-06  
    4.95852979362    8.4017089692e-06  
    4.97836374618   8.21563123847e-06  
    4.99827737711   6.65971801784e-06  
     5.0182703536   8.25002277509e-06  
    5.03834368422    9.3631728071e-06  
    5.05849703165   9.30174766777e-06  
    5.07873073078    7.5917716214e-06  
    5.09904581601   5.23072125352e-06  
    5.11944194334   9.65091761682e-06  
    5.13991981119   8.17308529963e-06  
    5.16047941939   9.71364027805e-06  
    5.18112147886   8.21729664927e-06  
    5.20184599077   8.20649828817e-06  
    5.22265331361   7.55769560133e-06  
     5.2435438095   9.78112359161e-06  
    5.26451784426   1.23150719139e-05  
    5.28557616158   1.10981102482e-05  
     5.3067183896   9.39689397303e-06  
    5.32794527679   9.91553308343e-06  
    5.34925720446   9.60710107633e-06  
    5.37065417172   8.61143147893e-06  
    5.39213655882    1.0318652913e-05  
    5.41370514258   9.81913347145e-06  
    5.43535992532   9.67002898967e-06  
    5.45710169869   1.12735454533e-05  
    5.47893006545   1.01917098347e-05  
    5.50084582284   1.05385175763e-05  
    5.52284896853   1.05685596458e-05  
    5.54494031519   8.97355602903e-06  
    5.56712027819   1.30295161256e-05  
    5.58938885932   1.19590461897e-05  
    5.61174605182   1.27408219894e-05  
    5.63419311564   1.03418434017e-05  
    5.65673005712   1.24992167285e-05  
    5.67935687409   1.29384398271e-05  
    5.70207442649    1.2900744701e-05  
    5.72488271545   1.60295946889e-05  
     5.7477821758   1.17011902155e-05  
    5.77077324765   1.21899390942e-05  
    5.79385637646   1.35410674451e-05  
     5.8170320132   1.12991025611e-05  
    5.84029970084   9.42437165192e-06  
    5.86366126104   1.37961288205e-05  
    5.88711578034   1.01025633495e-05  
    5.91066417822   1.33153401199e-05  
    5.93430692324   1.17103338233e-05  
    5.95804401457   1.48032131858e-05  
    5.98187640063   1.45911661093e-05  
    6.00580360217   1.15905111136e-05  
    6.02982706295   1.19472988171e-05  
     6.0539463008   1.34001971041e-05  
    6.07816229297   1.34065825478e-05  
    6.10247454277   1.00801570816e-05  
    6.12688453908   1.23029225753e-05  
    6.15139228923   1.34062090211e-05  
    6.17599779122   1.30956670094e-05  
    6.20070154853   1.47786757342e-05  
    6.22550459046   1.46799012693e-05  
    6.25040640037   1.23371984061e-05  
    6.27540801757   1.56603839875e-05  
    6.30050997369    1.5751509582e-05  
    6.32571173604   1.40914858392e-05  
     6.3510149058   1.23411743896e-05  
    6.37641894807   1.53838795371e-05  
    6.40192439863    1.3572653683e-05  
    6.42753235412   1.52709807528e-05  
    6.45324226357   1.55142410235e-05  
    6.47905523486   1.51987617426e-05  
    6.50497126841   1.46266186306e-05  
    6.53099149713   1.24039966683e-05  
      6.557115353   1.53615622798e-05  
    6.58334398091   1.49974868987e-05  
    6.60967738247   1.94772425429e-05  
      6.636116139    1.5536028256e-05  
    6.66266024591   1.64208943956e-05  
     6.6893108869   1.71534280375e-05  
    6.71606806547   1.10418306042e-05  
    6.74293238382   1.74361014969e-05  
    6.76990445326   1.47738148115e-05  
    6.79698365696   1.62975505538e-05  
    6.82417184254   1.45211303401e-05  
    6.85146839216   1.65401807375e-05  
    6.87887455859   1.50175648603e-05  
    6.90638970817   1.79876042711e-05  
    6.93401510795   1.97562365707e-05  
    6.96175140629   1.69114809986e-05  
    6.98959860741   1.65590711915e-05  
    7.01755670493   1.45508657362e-05  
    7.04562701121   1.60295486325e-05  
    7.07380952993   1.48891374411e-05  
    7.10210492952   1.64446311137e-05  
    7.13051320818   1.91397508618e-05  
    7.15903503951   1.82137598975e-05  
      7.187671108   1.51320882958e-05  
    7.21642210919    1.9017694613e-05  
     7.2452880469   1.78727690422e-05  
    7.27426891394   1.83541098242e-05  
     7.3033661205   1.34295353416e-05  
    7.33257967105   1.95557206573e-05  
    7.36190955887   1.27667440412e-05  
    7.39135722917   1.76298205481e-05  
    7.42092268746   2.07418987195e-05  
    7.45060667143   2.07991959806e-05  
    7.48040918171   1.96117980259e-05  
     7.5103309629   1.95486332045e-05  
    7.54037201069    1.6083719202e-05  
    7.57053307674   2.15561805792e-05  
    7.60081569915    2.2978072684e-05  
     7.6312191142   1.50870528934e-05  
    7.66174409401    1.8723218535e-05  
    7.69239063155   1.57101690833e-05  
    7.72316030546    1.9534717905e-05  
    7.75405312312   1.85780554054e-05  
    7.78506908015   1.82761964621e-05  
    7.81620897836   2.11652885621e-05  
    7.84747445827   1.40493267521e-05  
    7.87886387586   1.95144910802e-05  
    7.91037971196   1.68821888879e-05  
    7.94202113658   2.11107766469e-05  
    7.97378898366   1.75509036449e-05  
    8.00568410198   2.36454331334e-05  
    8.03770735543   1.82715920316e-05  
    8.06985787909   2.05306255701e-05  
    8.10213740517   2.46906574934e-05  
    8.13454593714    2.4962345533e-05  
    8.16708435933   2.01090935564e-05  
    8.19975267166   1.96200507897e-05  
    8.23255176913   1.96871042393e-05  
    8.26548164815   1.79830206302e-05  
    8.29854321466   1.96883141487e-05  
    8.33173739122   1.76563641268e-05  
    8.36506511734   2.57039186157e-05  
      8.398524516   1.83697124457e-05  
    8.43211935001   1.85972352941e-05  
    8.46584773181   2.00963427045e-05  
    8.49971060237    1.6219271024e-05  
     8.5337098955   2.22172394824e-05  
    8.56784464499   2.40019958637e-05  
    8.60211582222   1.69282486662e-05  
    8.63652441684   1.98957427325e-05  
    8.67107043027    2.2685968648e-05  
    8.70575486565   2.08592992336e-05  
    8.74057772207   2.26515825721e-05  
    8.77554001652   2.45453844366e-05  
    8.81064278543   2.35078622903e-05  
    8.84588498917   2.20135049765e-05  
    8.88126871009   2.29500060938e-05  
    8.91679342222   2.30019362213e-05  
    8.95246071565   2.23239493629e-05  
    8.98827059515   1.87253698162e-05  
    9.02422359715   1.70924848581e-05  
    9.06032026159   1.91803586676e-05  
    9.09656168612   2.35425578942e-05  
    9.13294787279    1.9683910041e-05  
    9.16947993568    2.2561867087e-05  
    9.20615787578   1.95663882691e-05  
    9.24298225202   2.82158753836e-05  
      9.279954204   1.93836733663e-05  
    9.31707431261   1.83801478908e-05  
    9.35434257718   2.07832847369e-05  
    9.39175957335   1.95880948526e-05  
     9.4293270718   2.06602099364e-05  
    9.46704388515   2.05409818452e-05  
    9.50491240293   1.96527653944e-05  
    9.54293202825   2.01084796302e-05  
    9.58110335964   1.95421202069e-05  
    9.61942823963   2.24318639054e-05  
     9.6579060571   2.30835151328e-05  
    9.69653742549   2.13022255721e-05  
    9.73532359794   1.95819629565e-05  
    9.77426457375   1.52047304868e-05  
    9.81336162691   1.65511951908e-05  
    9.85261540749   1.26684202183e-05  
     9.8920259161   2.03066461954e-05  
    9.93159379873   2.13614005032e-05  
    9.97132037286   1.57216875025e-05  
     10.011205641   1.78551313288e-05  
    10.0512502668   1.77442999131e-05  
     10.091455602   1.76289122282e-05  
    10.1318209644   1.55878701007e-05  
    10.1723484056   1.11140732416e-05  
    10.2130379328   1.41490514679e-05  
    10.2538902416   1.16076618858e-05  
    10.2949053247   1.01738663351e-05  
    10.3360853051   1.07540716482e-05  
     10.377429474   1.45653497974e-05  
    10.4189392642   0.000144853330528  
