      wave_micron            flux_mjy  
  0.0151862453319                 0.0  
  0.0152415497594                 0.0  
  0.0153025154167                 0.0  
  0.0153637250122                 0.0  
   0.015425180221                 0.0  
  0.0154868810502                 0.0  
  0.0155488291952                 0.0  
  0.0156110246563                 0.0  
    0.01567346915                 0.0  
  0.0157361626703                 0.0  
  0.0157991069548                 0.0  
   0.015862303773                 0.0  
  0.0159257531313                 0.0  
  0.0159894550112                 0.0  
  0.0160534130204                 0.0  
  0.0161176271782                 0.0  
    0.01618209748                 0.0  
  0.0162468257657                 0.0  
  0.0163118139096                 0.0  
  0.0163770600225                 0.0  
  0.0164425678735                 0.0  
  0.0165083393984                 0.0  
  0.0165743726785                 0.0  
  0.0166406696301                 0.0  
  0.0167072322062                 0.0  
  0.0167740623974                 0.0  
  0.0168411572105                 0.0  
   0.016908522642                 0.0  
  0.0169761566919                 0.0  
  0.0170440613842                 0.0  
  0.0171122377454                 0.0  
  0.0171806857636                 0.0  
  0.0172494085612                 0.0  
  0.0173184061489                 0.0  
  0.0173876806522                 0.0  
  0.0174572310007                 0.0  
  0.0175270593267                 0.0  
  0.0175971678042                 0.0  
  0.0176675564402                 0.0  
  0.0177382274428                 0.0  
  0.0178091796948                 0.0  
  0.0178804165444                 0.0  
  0.0179519379969                 0.0  
  0.0180237463309                 0.0  
  0.0180958415518                 0.0  
  0.0181682248063                 0.0  
  0.0182408972502                 0.0  
  0.0183138612366                 0.0  
  0.0183871167722                 0.0  
  0.0184606650422                 0.0  
  0.0185345072419                 0.0  
  0.0186086458034                 0.0  
  0.0186830795002                 0.0  
  0.0187578120217                 0.0  
  0.0188328433799                 0.0  
   0.018908174824                 0.0  
  0.0189838076149                 0.0  
  0.0190597430247                 0.0  
  0.0191359823377                 0.0  
  0.0192125255433                 0.0  
  0.0192893765535                 0.0  
  0.0193665340651                 0.0  
  0.0194439993799                 0.0  
  0.0195217751624                 0.0  
  0.0195998627725                 0.0  
  0.0196782622126                 0.0  
  0.0197569748375                 0.0  
  0.0198360034085                 0.0  
  0.0199153465324                 0.0  
  0.0199950084036                 0.0  
  0.0200749890399                 0.0  
  0.0201552884287                 0.0  
  0.0202359094264                 0.0  
  0.0203168534892                 0.0  
  0.0203981206156                 0.0  
   0.020479713743                 0.0  
  0.0205616313812                 0.0  
  0.0206438779969                 0.0  
  0.0207264536059                 0.0  
  0.0208093597257                 0.0  
  0.0208925978913                 0.0  
  0.0209761680966                 0.0  
  0.0210600718742                 0.0  
  0.0211443123573                 0.0  
  0.0212288895558                 0.0  
  0.0213138050564                 0.0  
   0.021399060464                 0.0  
  0.0214846574026                 0.0  
  0.0215705958681                 0.0  
   0.021656877484                 0.0  
  0.0217435055676                 0.0  
  0.0218304801344                 0.0  
  0.0219178011671                 0.0  
  0.0220054720439                 0.0  
  0.0220934944899                 0.0  
  0.0221818685095                 0.0  
  0.0222705958296                 0.0  
  0.0223596781988                 0.0  
  0.0224491173879                 0.0  
  0.0225389133917                 0.0  
  0.0226290697965                 0.0  
  0.0227195847868                 0.0  
  0.0228104638233                 0.0  
  0.0229017050792                 0.0  
  0.0229933122501                 0.0  
  0.0230852853412                 0.0  
  0.0231776262249                 0.0  
  0.0232703367986                 0.0  
  0.0233634189851                 0.0  
  0.0234568727853                 0.0  
  0.0235507001277                 0.0  
  0.0236449029677                 0.0  
  0.0237394812916                 0.0  
  0.0238344410841                 0.0  
  0.0239297783475                 0.0  
  0.0240254970945                 0.0  
  0.0241215993701                 0.0  
  0.0242180851719                 0.0  
  0.0243149586469                 0.0  
   0.024412217708                 0.0  
  0.0245098665449                 0.0  
  0.0246079051568                 0.0  
   0.024706337828                 0.0  
  0.0248051624068                 0.0  
  0.0249043832227                 0.0  
  0.0250040002793                 0.0  
  0.0251040180052                 0.0  
  0.0252044341848                 0.0  
  0.0253052510271                 0.0  
  0.0254064730603                 0.0  
   0.025508098007                 0.0  
  0.0256101304453                 0.0  
  0.0257125703795                 0.0  
  0.0258154201345                 0.0  
  0.0259186820709                 0.0  
  0.0260223585857                 0.0  
  0.0261264472785                 0.0  
  0.0262309529415                 0.0  
  0.0263358755693                 0.0  
  0.0264412200677                 0.0  
  0.0265469839736                 0.0  
  0.0266531722503                 0.0  
   0.026759784909                 0.0  
  0.0268668244763                 0.0  
  0.0269742909428                 0.0  
  0.0270821894517                 0.0  
  0.0271905174168                 0.0  
  0.0272992800437                 0.0  
   0.027408477344                 0.0  
  0.0275181119692                 0.0  
  0.0276281839109                 0.0  
  0.0277386958433                 0.0  
  0.0278496504844                 0.0  
  0.0279610505974                 0.0  
    0.02807289341                 0.0  
  0.0281851844569                 0.0  
   0.028297926573                 0.0  
  0.0284111169242                 0.0  
  0.0285247611853                 0.0  
  0.0286388622665                 0.0  
  0.0287534172723                 0.0  
   0.028868429072                 0.0  
  0.0289839035587                 0.0  
  0.0290998407737                 0.0  
  0.0292162376922                 0.0  
  0.0293331033349                 0.0  
   0.029450437755                 0.0  
  0.0295682378656                 0.0  
  0.0296865097975                 0.0  
  0.0298052566889                 0.0  
  0.0299244785621                 0.0  
  0.0300441753939                 0.0  
  0.0301643535589                 0.0  
  0.0302850098474                 0.0  
  0.0304061507215                 0.0  
  0.0305277762053                 0.0  
  0.0306498862764                 0.0  
  0.0307724842184                 0.0  
  0.0308955767542                 0.0  
  0.0310191571473                 0.0  
  0.0311432355684                 0.0  
   0.031267808621                 0.0  
  0.0313928797303                 0.0  
  0.0315184488667                 0.0  
  0.0316445230436                 0.0  
  0.0317711023035                 0.0  
   0.031898186641                 0.0  
  0.0320257796335                 0.0  
  0.0321538812643                 0.0  
  0.0322824988477                 0.0  
  0.0324116287246                 0.0  
  0.0325412745672                 0.0  
  0.0326714401172                 0.0  
  0.0328021253768                 0.0  
  0.0329333341384                 0.0  
  0.0330650663953                 0.0  
  0.0331973259923                 0.0  
  0.0333301168478                 0.0  
  0.0334634350245                 0.0  
  0.0335972923954                 0.0  
  0.0337316790047                 0.0  
  0.0338666068614                 0.0  
  0.0340020739821                 0.0  
  0.0341380803297                 0.0  
  0.0342746341343                 0.0  
  0.0344117312592                 0.0  
  0.0345493800619                 0.0  
  0.0346875763345                 0.0  
  0.0348263264174                 0.0  
  0.0349656324733                 0.0  
   0.035105494499                 0.0  
  0.0352459168363                 0.0  
   0.035386899479                 0.0  
  0.0355284490714                 0.0  
  0.0356705611534                 0.0  
  0.0358132446918                 0.0  
  0.0359564974426                 0.0  
  0.0361003239563                 0.0  
  0.0362447242236                 0.0  
  0.0363897028683                 0.0  
  0.0365352622447                 0.0  
  0.0366814023445                 0.0  
  0.0368281279061                 0.0  
  0.0369754413435                 0.0  
   0.037123342652                 0.0  
  0.0372718366889                 0.0  
  0.0374209234529                 0.0  
  0.0375706078835                 0.0  
  0.0377208899839                 0.0  
  0.0378717722387                 0.0  
  0.0380232597152                 0.0  
  0.0381753524251                 0.0  
  0.0383280555238                 0.0  
  0.0384813664089                 0.0  
  0.0386352929064                 0.0  
  0.0387898350439                 0.0  
  0.0389449927899                 0.0  
  0.0391007741739                 0.0  
  0.0392571765096                 0.0  
  0.0394142052156                 0.0  
  0.0395718630527                 0.0  
   0.039730150015                 0.0  
   0.039889068853                 0.0  
  0.0400486251849                 0.0  
  0.0402088218867                 0.0  
  0.0403696560937                 0.0  
  0.0405311335129                 0.0  
  0.0406932599743                 0.0  
  0.0408560325667                 0.0  
  0.0410194571599                 0.0  
  0.0411835337443                 0.0  
  0.0413482683014                 0.0  
  0.0415136608397                 0.0  
  0.0416797143802                 0.0  
  0.0418464350782                 0.0  
  0.0420138198473                 0.0  
  0.0421818748882                 0.0  
  0.0423506033619                 0.0  
  0.0425200052653                 0.0  
  0.0426900869832                 0.0  
  0.0428608452837                 0.0  
  0.0430322898797                 0.0  
  0.0432044175118                 0.0  
  0.0433772347439                 0.0  
  0.0435507449271                 0.0  
  0.0437249480686                 0.0  
   0.043899847521                 0.0  
  0.0440754466782                 0.0  
   0.044251748976                 0.0  
  0.0444287543985                 0.0  
  0.0446064699073                 0.0  
  0.0447848955181                 0.0  
  0.0449640383375                 0.0  
  0.0451438911989                 0.0  
  0.0453244684591                 0.0  
  0.0455057665374                 0.0  
  0.0456877890588                 0.0  
  0.0458705396955                 0.0  
  0.0460540221685                 0.0  
  0.0462382402479                 0.0  
  0.0464231901229                 0.0  
  0.0466088831745                 0.0  
  0.0467953194487                 0.0  
  0.0469825028285                 0.0  
  0.0471704293711                 0.0  
  0.0473591147907                 0.0  
   0.047548551218                 0.0  
  0.0477387425614                 0.0  
  0.0479296968511                 0.0  
   0.048121418203                 0.0  
  0.0483139025256                 0.0  
  0.0485071580195                 0.0  
  0.0487011888768                 0.0  
  0.0488959908834                 0.0  
  0.0490915766829                 0.0  
  0.0492879420471                 0.0  
  0.0494850955426                 0.0  
  0.0496830328255                 0.0  
  0.0498817669577                 0.0  
  0.0500812935832                 0.0  
  0.0502816170811                 0.0  
  0.0504827464078                 0.0  
  0.0506846770853                 0.0  
  0.0508874135835                 0.0  
  0.0510909650607                 0.0  
  0.0512953269164                 0.0  
  0.0515005084112                 0.0  
  0.0517065095584                 0.0  
  0.0519133398359                 0.0  
  0.0521209897077                 0.0  
  0.0523294734927                 0.0  
  0.0525387912309                 0.0  
   0.052748947809                 0.0  
  0.0529599432243                 0.0  
  0.0531717823989                 0.0  
  0.0533844703326                 0.0  
  0.0535980070184                 0.0  
  0.0538124026211                 0.0  
  0.0540276520462                 0.0  
  0.0542437603713                 0.0  
  0.0544607380071                 0.0  
  0.0546785797359                 0.0  
  0.0548972960957                 0.0  
  0.0551168817443                 0.0  
  0.0553373527706                 0.0  
  0.0555586983713                 0.0  
  0.0557809348548                 0.0  
  0.0560040567579                 0.0  
  0.0562280751482                 0.0  
  0.0564529844364                 0.0  
  0.0566787958303                 0.0  
  0.0569055150795                 0.0  
  0.0571331364721                 0.0  
  0.0573616656758                 0.0  
  0.0575911143271                 0.0  
  0.0578214765912                 0.0  
  0.0580527642567                 0.0  
  0.0582849773746                 0.0  
  0.0585181159072                 0.0  
  0.0587521858386                 0.0  
  0.0589871994171                 0.0  
  0.0592231443552                 0.0  
  0.0594600391771                 0.0  
  0.0596978776747                 0.0  
  0.0599366724289                 0.0  
  0.0601764171007                 0.0  
  0.0604171244428                 0.0  
  0.0606587944978                 0.0  
  0.0609014272165                 0.0  
   0.061145029075                 0.0  
  0.0613896133384                 0.0  
  0.0616351734263                 0.0  
  0.0618817092309                 0.0  
  0.0621292410506                 0.0  
  0.0623777552976                 0.0  
  0.0626272656272                 0.0  
  0.0628777720403                 0.0  
   0.063129288554                 0.0  
  0.0633818010893                 0.0  
  0.0636353308644                 0.0  
   0.063889870777                 0.0  
  0.0641454352523                 0.0  
  0.0644020170518                 0.0  
  0.0646596234095                 0.0  
   0.064918261695                 0.0  
  0.0651779318951                 0.0  
   0.065438641478                 0.0  
  0.0657003980535                 0.0  
  0.0659632016714                 0.0  
  0.0662270522815                 0.0  
  0.0664919653869                 0.0  
   0.066757933217                 0.0  
  0.0670249635555                 0.0  
  0.0672930643361                 0.0  
  0.0675622355631                 0.0  
   0.067832481211                 0.0  
  0.0681038134915                 0.0  
  0.0683762283497                 0.0  
   0.068649734011                 0.0  
  0.0689243304506                 0.0  
  0.0692000302551                 0.0  
  0.0694768292185                 0.0  
  0.0697547358146                 0.0  
  0.0700337543427                 0.0  
  0.0703138891334                 0.0  
  0.0705951445493                 0.0  
  0.0708775249857                 0.0  
  0.0711610348713                 0.0  
  0.0714456786688                 0.0  
  0.0717314654303                 0.0  
  0.0720183906152                 0.0  
   0.072306463311                 0.0  
  0.0725956881234                 0.0  
  0.0728860696955                 0.0  
  0.0731776174494                 0.0  
  0.0734703266627                 0.0  
  0.0737642067987                 0.0  
  0.0740592626587                 0.0  
  0.0743554990853                 0.0  
  0.0746529258973                 0.0  
  0.0749515332222                 0.0  
   0.075251340833                 0.0  
  0.0755523488135                 0.0  
  0.0758545571332                 0.0  
  0.0761579759141                 0.0  
  0.0764626051371                 0.0  
  0.0767684551004                 0.0  
  0.0770755310579                 0.0  
  0.0773838330132                 0.0  
   0.077693366195                 0.0  
  0.0780041412693                 0.0  
   0.078316158267                 0.0  
   0.078629422573                 0.0  
  0.0789439396258                 0.0  
   0.079259714919                 0.0  
  0.0795767540021                 0.0  
  0.0798950624814                 0.0  
  0.0802146403258                 0.0  
  0.0805354988643                 0.0  
  0.0808576438804                 0.0  
  0.0811810753857                 0.0  
  0.0815057991484                 0.0  
  0.0818318209987                 0.0  
  0.0821591468305                 0.0  
  0.0824877826019                 0.0  
   0.082817734337                 0.0  
  0.0831490081274                 0.0  
  0.0834816039632                 0.0  
  0.0838155279262                 0.0  
  0.0841507924355                 0.0  
  0.0844873975438                 0.0  
  0.0848253431751                 0.0  
  0.0851646483849                 0.0  
  0.0855053068237                 0.0  
  0.0858473248539                 0.0  
  0.0861907154896                 0.0  
  0.0865354787741                 0.0  
  0.0868816213016                 0.0  
  0.0872291430099                 0.0  
  0.0875780640725                 0.0  
  0.0879283778012                 0.0  
  0.0882800909551                 0.0  
  0.0886332103769                 0.0  
   0.088987742995                 0.0  
  0.0893436887586                 0.0  
  0.0897010688489                 0.0  
  0.0900598690908                 0.0  
  0.0904201109028                 0.0  
  0.0907817943694                 0.0  
  0.0911449194373                 0.0  
  0.0915095007394                 0.0  
  0.0918755382958                 0.0  
  0.0922430395187                 0.0  
  0.0926120119188                 0.0  
  0.0929824554535                 0.0  
  0.0933543853675                 0.0  
  0.0937278094776                 0.0  
  0.0941027200284                 0.0  
  0.0944791246749                 0.0  
  0.0948570471081                 0.0  
  0.0952364714898                 0.0  
  0.0956174217934                 0.0  
  0.0959998899854                 0.0  
  0.0963838840736                 0.0  
  0.0967694204686                 0.0  
  0.0971564992491                 0.0  
  0.0975451287698                 0.0  
  0.0979353090143                 0.0  
  0.0983270483749                 0.0  
  0.0987203553653                 0.0  
  0.0991152386231                 0.0  
  0.0995116981457                 0.0  
  0.0999097426147                 0.0  
    0.10030938084                 0.0  
   0.100710621762                 0.0  
   0.101113465403                 0.0  
   0.101517920754                 0.0  
   0.101923987748                 0.0  
   0.102331684696                 0.0  
   0.102741011658                 0.0  
   0.103151977956                 0.0  
   0.103564583561                 0.0  
   0.103978847424                 0.0  
   0.104394760008                 0.0  
   0.104812340481                 0.0  
   0.105231588867                 0.0  
   0.105652514907                 0.0  
   0.106075128499                 0.0  
   0.106499419612                 0.0  
   0.106925418218                 0.0  
   0.107353124484                 0.0  
   0.107782538416                 0.0  
   0.108213670222                 0.0  
   0.108646519823                 0.0  
   0.109081108043                 0.0  
   0.109517434971                 0.0  
   0.109955500532                 0.0  
   0.110395326059                 0.0  
   0.110836900777                 0.0  
   0.111280257246                 0.0  
   0.111725373653                 0.0  
   0.112172271863                 0.0  
   0.112620963053                 0.0  
   0.113071447266                 0.0  
   0.113523735783                 0.0  
   0.113977828572                 0.0  
   0.114433737023                 0.0  
   0.114891472716                 0.0  
    0.11535103565                 0.0  
   0.115812449396                 0.0  
   0.116275690229                 0.0  
   0.116740793807                 0.0  
   0.117207760277                 0.0  
   0.117676589609                 0.0  
   0.118147293948                 0.0  
   0.118619885655                 0.0  
   0.119094364748                 0.0  
   0.119570743719                 0.0  
   0.120049022526                 0.0  
    0.12052922666                 0.0  
   0.121011343361                 0.0  
   0.121495385402                 0.0  
   0.121981365789                 0.0  
   0.122469297759                 0.0  
   0.122959168018                 0.0  
   0.123451003131                 0.0  
   0.123944816734                 0.0  
   0.124440595291                 0.0  
   0.124938352277                 0.0  
   0.125438101413                 0.0  
   0.125939856671                 0.0  
   0.126443618128                 0.0  
   0.126949385666                 0.0  
   0.127457187735                 0.0  
   0.127967024514                 0.0  
   0.128478881376                 0.0  
   0.128992801948                 0.0  
   0.129508771677                 0.0  
   0.130026805273                 0.0  
   0.130546917724                 0.0  
    0.13106910909                 0.0  
   0.131593379236                 0.0  
   0.132119758725                 0.0  
   0.132648232174                 0.0  
   0.133178830608                 0.0  
   0.133711538364                 0.0  
   0.134246386932                 0.0  
   0.134783368412                 0.0  
   0.135322506858                 0.0  
   0.135863794217                 0.0  
    0.13640724667                 0.0  
   0.136952880717                 0.0  
   0.137500688072                 0.0  
   0.138050693715                 0.0  
   0.138602897709                 0.0  
   0.139157308481                 0.0  
   0.139713934513                 0.0  
   0.140272793062                 0.0  
   0.140833884164                 0.0  
   0.141397216493                 0.0  
   0.141962807704                 0.0  
   0.142530657824                 0.0  
   0.143100784789                 0.0  
    0.14367318862                 0.0  
   0.144247878329                 0.0  
   0.144824872283                 0.0  
   0.145404170505                 0.0  
   0.145985782226                 0.0  
   0.146569726264                 0.0  
   0.147156012234                 0.0  
   0.147744630509                 0.0  
   0.148335609884                 0.0  
   0.148928950407                 0.0  
   0.149524671689                 0.0  
   0.150122763818                 0.0  
   0.150723256556                 0.0  
   0.151326149986                 0.0  
   0.151931454179                 0.0  
   0.152539179298                 0.0  
   0.153149335602                 0.0  
   0.153761933445                 0.0  
    0.15437698328                 0.0  
   0.154994495661                 0.0  
   0.155614470527                 0.0  
   0.156236929183                 0.0  
   0.156861871606                 0.0  
   0.157489319487                 0.0  
   0.158119283907                 0.0  
   0.158751753754                 0.0  
   0.159386762292                 0.0  
   0.160024309612                 0.0  
   0.160664406987                 0.0  
   0.161307065808                 0.0  
   0.161952297587                 0.0  
   0.162600102255                 0.0  
   0.163250503087                 0.0  
   0.163903500077                 0.0  
   0.164559116943                 0.0  
   0.165217353748                 0.0  
   0.165878222483                 0.0  
   0.166541735275                 0.0  
   0.167207904386                 0.0  
   0.167876742216                 0.0  
   0.168548248734                 0.0  
   0.169222436325                 0.0  
   0.169899330296                 0.0  
   0.170578917867                 0.0  
   0.171261237522                 0.0  
   0.171946289458                 0.0  
   0.172634073617                 0.0  
   0.173324602972                 0.0  
   0.174017904054                 0.0  
   0.174713976962                 0.0  
   0.175412835149                 0.0  
   0.176114478504                 0.0  
   0.176818948161                 0.0  
   0.177526216562                 0.0  
   0.178236325294                 0.0  
   0.178949274492                 0.0  
   0.179665064019                 0.0  
   0.180383722267                 0.0  
    0.18110526375                 0.0  
   0.181829673902                 0.0  
   0.182556996418                 0.0  
   0.183287231512                 0.0  
   0.184020379125                 0.0  
    0.18475645402                 0.0  
   0.185495486389                 0.0  
   0.186237461056                 0.0  
   0.186982408495                 0.0  
   0.187730344282                 0.0  
   0.188481268478                 0.0  
    0.18923519671                 0.0  
    0.18999212884                 0.0  
   0.190752096649                 0.0  
   0.191515116419                 0.0  
    0.19228117193                 0.0  
   0.193050295632                 0.0  
   0.193822487473                 0.0  
   0.194597780629                 0.0  
   0.195376175252                 0.0  
   0.196157688231                 0.0  
   0.196942319531                 0.0  
    0.19773008612                 0.0  
   0.198521005214                 0.0  
   0.199315094279                 0.0  
   0.200112353314                 0.0  
    0.20091279988                 0.0  
   0.201716451797                 0.0  
   0.202523308997                 0.0  
   0.203333407701                 0.0  
   0.204146748093                 0.0  
   0.204963330048                 0.0  
   0.205783171868                 0.0  
   0.206606311029                 0.0  
   0.207432728761                 0.0  
   0.208262462965                 0.0  
   0.209095513742                 0.0  
   0.209931900383                 0.0  
   0.210771622814                 0.0  
   0.211614720282                 0.0  
   0.212461173033                 0.0  
   0.213311020775                 0.0  
   0.214164263564                 0.0  
   0.215020921596                 0.0  
   0.215880994763                 0.0  
    0.21674452421                 0.0  
   0.217611510156                 0.0  
   0.218481952493                 0.0  
   0.219355872072                 0.0  
   0.220233311555                 0.0  
   0.221114228075                 0.0  
   0.221998686117                 0.0  
   0.222886685943                 0.0  
   0.223778227476                 0.0  
   0.224673354985                 0.0  
   0.225572046251                 0.0  
   0.226474323402                 0.0  
   0.227380231819                 0.0  
   0.228289748794                 0.0  
   0.229202897043                 0.0  
   0.230119723105                 0.0  
   0.231040203786                 0.0  
   0.231964362419                 0.0  
   0.232892222738                 0.0  
   0.233823784687                 0.0  
   0.234759072245                 0.0  
   0.235698109808                 0.0  
   0.236640897408                 0.0  
   0.237587459704                 0.0  
   0.238537821784                 0.0  
   0.239491983793                 0.0  
   0.240449945509                 0.0  
   0.241411732136                 0.0  
   0.242377395329                 0.0  
   0.243346883189                 0.0  
    0.24432027388                 0.0  
   0.245297567815                 0.0  
   0.246278765038                 0.0  
    0.24726386522                 0.0  
   0.248252922202                 0.0  
   0.249245936192                 0.0  
   0.250242934734                 0.0  
   0.251243889998                 0.0  
   0.252248857367                 0.0  
   0.253257865238                 0.0  
   0.254270885298                 0.0  
   0.255287974471                 0.0  
   0.256309132972                 0.0  
   0.257334360629                 0.0  
   0.258363715964                 0.0  
   0.259397169641                 0.0  
   0.260434751023                 0.0  
   0.261476490028                 0.0  
   0.262522386629                 0.0  
   0.263572471153                 0.0  
   0.264626774498                 0.0  
   0.265685265663                 0.0  
   0.266748006725                 0.0  
   0.267814997867                 0.0  
   0.268886270863                 0.0  
   0.269961825843                 0.0  
   0.271041662523                 0.0  
   0.272125829369                 0.0  
   0.273214342954                 0.0  
   0.274307186659                 0.0  
   0.275404426841                 0.0  
   0.276506046976                 0.0  
   0.277612063688                 0.0  
   0.278722510916                 0.0  
   0.279837405931                 0.0  
   0.280956748664                 0.0  
   0.282080573835                 0.0  
     0.2832088991                 0.0  
   0.284341742253                 0.0  
   0.285479103186                 0.0  
   0.286621017715                 0.0  
    0.28776750405                 0.0  
   0.288918580543                 0.0  
   0.290074247075                 0.0  
   0.291234540623                 0.0  
   0.292399479992                 0.0  
   0.293569084143                 0.0  
   0.294743352973                 0.0  
   0.295922324686                 0.0  
   0.297106018732                 0.0  
    0.29829443504                 0.0  
    0.29948761278                 0.0  
   0.300685571921                 0.0  
   0.301888312441                 0.0  
    0.30309587452                 0.0  
   0.304308258181                 0.0  
   0.305525483642                 0.0  
   0.306747592131                 0.0  
   0.307974583754                 0.0  
   0.309206479307                 0.0  
   0.310443299785                 0.0  
   0.311685066389                 0.0  
   0.312931822196                 0.0  
   0.314183545656                 0.0  
   0.315440280101                 0.0  
   0.316702047589                 0.0  
   0.317968848024                 0.0  
   0.319240725932                 0.0  
   0.320517681318                 0.0  
    0.32179975953                 0.0  
   0.323086960685                 0.0  
   0.324379307693                 0.0  
   0.325676823708                 0.0  
   0.326979532134                 0.0  
   0.328287432778                 0.0  
   0.329600597068                 0.0  
   0.330919001291                 0.0  
   0.332242669315                 0.0  
   0.333571649902                 0.0  
   0.334905918403                 0.0  
   0.336245548955                 0.0  
   0.337590541904                 0.0  
   0.338940897082                 0.0  
   0.340296665061                 0.0  
   0.341657845854                 0.0  
   0.343024491036                 0.0  
   0.344396574568                 0.0  
   0.345774174887                 0.0  
   0.347157265742                 0.0  
   0.348545900161                 0.0  
   0.349940078147                 0.0  
   0.351339826487                 0.0  
   0.352745199837                 0.0  
   0.354156170793                 0.0  
   0.355572794473                 0.0  
   0.356995099023                 0.0  
   0.358423056085                 0.0  
   0.359856750479                 0.0  
   0.361296182545                 0.0  
   0.362741381197                 0.0  
   0.364192346371                 0.0  
   0.365649107033                 0.0  
   0.367111692529                 0.0  
   0.368580162657                 0.0  
   0.370054457347                 0.0  
   0.371534697329                 0.0  
   0.373020821886                 0.0  
   0.374512922982                 0.0  
   0.376010969812                 0.0  
   0.377514993083                 0.0  
   0.379025055715                 0.0  
   0.380541157981                 0.0  
    0.38206333188                 0.0  
   0.383591577294                 0.0  
   0.385125959166                 0.0  
   0.386666444678                 0.0  
   0.388213132782                 0.0  
   0.389765956915                 0.0  
   0.391325051123                 0.0  
   0.392890348197                 0.0  
   0.394461915901                 0.0  
   0.396039754161                 0.0  
   0.397623897285                 0.0  
   0.399214415358                 0.0  
   0.400811273444                 0.0  
   0.402414506544                 0.0  
   0.404024150177                 0.0  
   0.405640240394                 0.0  
   0.407262813787                 0.0  
   0.408891870496                 0.0  
    0.41052744734                 0.0  
   0.412169544098                 0.0  
   0.413818235712                 0.0  
   0.415473484303                 0.0  
   0.417135404168                 0.0  
   0.418803918566                 0.0  
   0.420479143282                 0.0  
    0.42216107887                 0.0  
   0.423849725244                 0.0  
    0.42554512175                 0.0  
   0.427247308353                 0.0  
   0.428956284932                 0.0  
   0.430672091755                 0.0  
   0.432394811114                 0.0  
   0.434124360447                 0.0  
   0.435860864087                 0.0  
   0.437604322571                 0.0  
   0.439354735776                 0.0  
   0.441112145969                 0.0  
    0.44287659611                 0.0  
   0.444648086107                 0.0  
   0.446426703405                 0.0  
   0.448212404196                 0.0  
   0.450005232208                 0.0  
   0.451805277075                 0.0  
    0.45361249401                 0.0  
   0.455426927892                 0.0  
    0.45724867063                 0.0  
    0.45907762982                 0.0  
    0.46091394446                 0.0  
   0.462757615155                 0.0  
   0.464608641808                 0.0  
   0.466467071771                 0.0  
   0.468332953209                 0.0  
   0.470206286192                 0.0  
   0.472087119393                 0.0  
   0.473975452618                 0.0  
   0.475871335061                 0.0  
   0.477774816778                 0.0  
    0.47968594871                 0.0  
   0.481604680029                 0.0  
   0.483531112768                 0.0  
   0.485465247193                 0.0  
   0.487407082836                 0.0  
    0.48935672447                 0.0  
   0.491314119229                 0.0  
   0.493279373346                 0.0  
   0.495252541446                 0.0  
   0.497233514987                 0.0  
   0.499222456958                 0.0  
   0.501219368051                 0.0  
   0.503224248203                 0.0  
   0.505237153073                 0.0  
   0.507258082401                 0.0  
   0.509287092547                 0.0  
   0.511324240917                 0.0  
   0.513369527656                 0.0  
    0.51542301092                 0.0  
   0.517484749951                 0.0  
   0.519554685619                 0.0  
    0.52163287653                 0.0  
   0.523719382401                 0.0  
   0.525814264075                 0.0  
   0.527917521869                 0.0  
    0.53002921747                 0.0  
   0.532149351069                 0.0  
   0.534277922046                 0.0  
   0.536415056314                 0.0  
   0.538560690453                 0.0  
   0.540714952292                 0.0  
   0.542877809892                 0.0  
   0.545049328073                 0.0  
   0.547229506639                 0.0  
    0.54941844476                 0.0  
   0.551616109283                 0.0  
   0.553822566959                 0.0  
   0.556037851638                 0.0  
   0.558261997412                 0.0  
   0.560495073378                 0.0  
   0.562737044876                 0.0  
   0.564987981235                 0.0  
   0.567247953161                 0.0  
   0.569516925098                 0.0  
   0.571795004185                 0.0  
    0.57408219074                 0.0  
   0.576378520968                 0.0  
   0.578684031361                 0.0  
   0.580998758706                 0.0  
    0.58332274009                 0.0  
   0.585656050859                 0.0  
   0.587998653113                 0.0  
   0.590350661093                 0.0  
   0.592712075199                 0.0  
   0.595082894929                 0.0  
   0.597463237368                 0.0  
   0.599853103008                 0.0  
   0.602252491434                 0.0  
   0.604661522677                 0.0  
   0.607080156581                 0.0  
   0.609508474096                 0.0  
   0.611946516412                 0.0  
   0.614394325111                 0.0  
   0.616851900062                 0.0  
   0.619319282636                 0.0  
   0.621796557381                 0.0  
   0.624283767493                 0.0  
   0.626780869656                 0.0  
   0.629287993483                 0.0  
    0.63180518347                 0.0  
   0.634332395511                 0.0  
   0.636869717762                 0.0  
   0.639417195011                 0.0  
   0.641974872512                 0.0  
   0.644542750024                 0.0  
   0.647120918993                 0.0  
   0.649709426118                 0.0  
   0.652308271514                 0.0  
   0.654917501763                 0.0  
   0.657537163955                 0.0  
   0.660167305694                 0.0  
    0.66280797511                 0.0  
   0.665459220872                 0.0  
   0.668121042799                 0.0  
    0.67079353927                 0.0  
   0.673476710427                 0.0  
   0.676170605981                 0.0  
   0.678875276214                 0.0  
   0.681590771994                 0.0  
   0.684317144785                 0.0  
   0.687054446662                 0.0  
    0.68980262501                 0.0  
   0.692561836779                 0.0  
   0.695332082421                 0.0  
   0.698113415263                 0.0  
   0.700905889283                 0.0  
   0.703709504325                 0.0  
   0.706524369631                 0.0  
   0.709350429842                 0.0  
   0.712187851239                 0.0  
   0.715036578075                 0.0  
   0.717896722797                 0.0  
   0.720768342898                 0.0  
   0.723651380715                 0.0  
   0.726546009278                 0.0  
    0.72945217056                 0.0  
   0.732369981607                 0.0  
   0.735299502293                 0.0  
   0.738240672671                 0.0  
   0.741193612111                 0.0  
   0.744158442711                 0.0  
   0.747135042275                 0.0  
   0.750123594847                 0.0  
   0.753124100979                 0.0  
   0.756136560078                 0.0  
   0.759161097933                 0.0  
    0.76219777895                 0.0  
   0.765246538827                 0.0  
   0.768307571306                 0.0  
   0.771380745977                 0.0  
   0.774466325285                 0.0  
   0.777564177525                 0.0  
    0.78067443531                 0.0  
   0.783797098384                 0.0  
   0.786932302339                 0.0  
   0.790080047785                 0.0  
   0.793240334132                 0.0  
   0.796413299943                 0.0  
   0.799598945532                 0.0  
   0.802797341314                 0.0  
   0.806008558748                 0.0  
   0.809232597891                 0.0  
    0.81246953061                 0.0  
   0.815719429854                 0.0  
    0.81898229545                 0.0  
   0.822258200786                 0.0  
   0.825547220369                 0.0  
   0.828849429845                 0.0  
   0.832164829396                 0.0  
   0.835493495177                 0.0  
   0.838835426658                 0.0  
   0.842190778997                 0.0  
    0.84555955283                 0.0  
   0.848941827263                 0.0  
   0.852337602258                 0.0  
    0.85574695751                 0.0  
   0.859169892294                 0.0  
   0.862606569239                 0.0  
   0.866056988902                 0.0  
   0.869521234191                 0.0  
   0.872999305016                 0.0  
   0.876491284963                 0.0  
   0.879997258979                 0.0  
   0.883517313402                 0.0  
   0.887051361841                 0.0  
    0.89059957708                 0.0  
   0.894161959174                 0.0  
   0.897738595996                 0.0  
   0.901329576884                 0.0  
   0.904934902051                 0.0  
    0.90855457033                 0.0  
   0.912188855376                 0.0  
    0.91583757419                 0.0  
   0.919500910695                 0.0  
    0.92317895905                 0.0  
   0.926871624892                 0.0  
   0.930579096884                 0.0  
   0.934301471767                 0.0  
   0.938038653215                 0.0  
   0.941790834809                 0.0  
   0.945558017068                 0.0  
   0.949340199073                 0.0  
   0.953137579495                 0.0  
   0.956950159285                 0.0  
   0.960777937946                 0.0  
   0.964621016469                 0.0  
   0.968479497641                 0.0  
   0.972353486075                 0.0  
    0.97624287733                 0.0  
   0.980147774721                 0.0  
   0.984068390582                 0.0  
   0.988004726545                 0.0  
   0.991956673874                 0.0  
   0.995924557853                 0.0  
    0.99990827019                 0.0  
     1.0039079206                 0.0  
    1.00792350839                 0.0  
    1.01195514463                 0.0  
    1.01600305669                 0.0  
    1.02006701708                 0.0  
     1.0241472537                 0.0  
    1.02824388327                 0.0  
    1.03235690673                 0.0  
    1.03648632346                 0.0  
    1.04063225109                 0.0  
    1.04479480945                 0.0  
    1.04897399887                 0.0  
     1.0531698181                 0.0  
    1.05738251166                 0.0  
    1.06161208096                 0.0  
    1.06585852578                 0.0  
    1.07012197099                 0.0  
    1.07440241613                 0.0  
    1.07870005221                 0.0  
    1.08301481519                 0.0  
    1.08734689895                 0.0  
    1.09169630414                 0.0  
    1.09606302978                 0.0  
    1.10044734116                 0.0  
    1.10484910523                 0.0  
    1.10926852335                 0.0  
     1.1137055958                 0.0  
    1.11816039035                 0.0  
    1.12263304497                 0.0  
    1.12712355978                 0.0  
    1.13163207491                 0.0  
    1.13615859041                 0.0  
    1.14070324858                 0.0  
    1.14526604943                 0.0  
    1.14984706437                 0.0  
    1.15444651285                 0.0  
    1.15906424797                 0.0  
    1.16370056586                 0.0  
    1.16835531727                 0.0  
    1.17302872701                 0.0  
    1.17772087188                 0.0  
    1.18243175198                 0.0  
    1.18716144357                 0.0  
    1.19191010218                 0.0  
    1.19667772807                 0.0  
     1.2014644794                 0.0  
    1.20627035656                 0.0  
    1.21109543928                 0.0  
      1.215939808                 0.0  
    1.22080354391                 0.0  
    1.22568681206                 0.0  
     1.2305895296                 0.0  
    1.23551186248                 0.0  
    1.24045389501                 0.0  
     1.2454157123                 0.0  
     1.2503974003                 0.0  
    1.25539895864                 0.0  
    1.26042056078                 0.0  
    1.26546229526                 0.0  
    1.27052416224                 0.0  
    1.27560624992                 0.0  
    1.28070864744                 0.0  
    1.28583144485                 0.0  
    1.29097482537                 0.0  
    1.29613869727                 0.0  
    1.30132324497                 0.0  
    1.30652856241                 0.0  
    1.31175464935                 0.0  
    1.31700169547                 0.0  
     1.3222697011                 0.0  
    1.32755876203                 0.0  
    1.33286897515                 0.0  
    1.33820043842                 0.0  
    1.34355325091                 0.0  
    1.34892751285                 0.0  
    1.35432322412                 0.0  
    1.35974048482                 0.0  
    1.36517949934                 0.0  
    1.37064016475                 0.0  
      1.376122687                 0.0  
    1.38162727663                 0.0  
    1.38715372296                 0.0  
    1.39270234299                 0.0  
    1.39827313727                 0.0  
    1.40386621331                 0.0  
    1.40948167992                 0.0  
    1.41511964725                 0.0  
    1.42078011516                 0.0  
    1.42646319391                 0.0  
    1.43216910863                 0.0  
    1.43789774632                 0.0  
    1.44364933409                 0.0  
    1.44942398792                 0.0  
    1.45522170815                 0.0  
    1.46104249287                 0.0  
     1.4668866951                 0.0  
    1.47275431694                 0.0  
    1.47864523734                 0.0  
    1.48455981683                 0.0  
    1.49049805659                 0.0  
    1.49646007942                 0.0  
    1.50244588491                 0.0  
    1.50845572211                 0.0  
    1.51448959202                 0.0  
    1.52054749331                 0.0  
     1.5266296802                 0.0  
    1.53273615283                 0.0  
    1.53886717105                 0.0  
    1.54502260448                 0.0  
    1.55120271558                 0.0  
    1.55740750452                 0.0  
    1.56363710436                 0.0  
    1.56989165006                 0.0  
    1.57617127854                 0.0  
    1.58247599015                 0.0  
    1.58880592249                 0.0  
    1.59516107439                 0.0  
    1.60154172603                 0.0  
    1.60794787812                 0.0  
    1.61437967308                 0.0  
    1.62083725547                 0.0  
    1.62732047899                 0.0  
    1.63382978091                 0.0  
     1.6403651635                 0.0  
    1.64692662655                 0.0  
    1.65351431859                 0.0  
    1.66012839044                 0.0  
    1.66676884154                 0.0  
    1.67343597864                 0.0  
    1.68012964726                 0.0  
     1.6868501577                 0.0  
    1.69359766897                 0.0  
    1.70037202268                 0.0  
    1.70717353647                 0.0  
    1.71400221054                 0.0  
    1.72085820633                 0.0  
    1.72774168785                 0.0  
    1.73465265526                 0.0  
    1.74159127391                 0.0  
    1.74855754262                 0.0  
    1.75555179861                 0.0  
    1.76257404347                 0.0  
    1.76962427614                 0.0  
    1.77670284213                 0.0  
    1.78380956722                 0.0  
    1.79094480125   7.06535555133e-07  
    1.79810872371                 0.0  
    1.80530115645                 0.0  
    1.81252227635                 0.0  
    1.81977244648                 0.0  
    1.82705148476                 0.0  
    1.83435957276                 0.0  
    1.84169708283                 0.0  
    1.84906382895                 0.0  
    1.85646018835                 0.0  
     1.8638859709                 0.0  
    1.87134155879                 0.0  
    1.87882695303   9.00331499059e-07  
    1.88634215182                 0.0  
    1.89388754731                 0.0  
    1.90146314133                 0.0  
    1.90906893284    8.0128772379e-07  
    1.91670532438                 0.0  
    1.92437211384                 0.0  
    1.93206950273                 0.0  
    1.93979790433                 0.0  
    1.94755711267                 0.0  
    1.95534733522                 0.0  
    1.96316856994                 0.0  
    1.97102124165                 0.0  
    1.97890535251   1.75594730811e-06  
    1.98682112011                 0.0  
    1.99476832565   9.31756308545e-07  
    2.00274740602                 0.0  
    2.01075836178                 0.0  
    2.01880141589   8.98067462039e-07  
    2.02687656812                 0.0  
    2.03498404427   2.76908368175e-06  
    2.04312407431    9.6145627836e-07  
    2.05129665965   1.80112212116e-06  
     2.0595017986                 0.0  
    2.06773972286   8.77563209229e-07  
    2.07601066845                 0.0  
    2.08431463547                 0.0  
    2.09265210542   1.79009987415e-06  
    2.10102259513   9.44827098465e-07  
    2.10942658742   9.88136636869e-07  
    2.11786432936   9.17771328155e-07  
    2.12633582256   9.46950624399e-07  
    2.13484131755   1.05353718609e-06  
     2.1433805613                 0.0  
    2.15195405802   1.02325357273e-06  
    2.16056193754   9.29875841833e-07  
    2.16920420033                 0.0  
    2.17788097479                 0.0  
     2.1865925224   2.83512149247e-06  
    2.19533884309   2.00792483893e-06  
    2.20412020221   8.70441272701e-07  
    2.21293673483                 0.0  
    2.22178844042   9.37000050926e-07  
    2.23067559034   1.08246075071e-06  
    2.23959832256                 0.0  
    2.24855677603   2.00904769797e-06  
    2.25755094977   1.00157060053e-06  
    2.26658112356                 0.0  
    2.27564743949   2.15018179432e-06  
    2.28475004076    1.9905287733e-06  
    2.29388907166   4.01767598064e-06  
    2.30306467764   2.08698229398e-06  
    2.31227685738   1.98473222753e-06  
    2.32152605332                 0.0  
    2.33081211742   1.03290068335e-06  
    2.34013534778   1.03242901877e-06  
    2.34949589586                 0.0  
     2.3588939144                 0.0  
    2.36832940228   2.03924299114e-06  
    2.37780282395                 0.0  
    2.38731402457   3.18796828738e-06  
    2.39686315846                 0.0  
    2.40645070173   3.33992492672e-06  
    2.41607649617                 0.0  
    2.42574070034   1.08463912364e-06  
    2.43544380238   2.28797927674e-06  
    2.44518547545   1.19945210192e-06  
    2.45496621204                 0.0  
    2.46478618067   3.22027391147e-06  
    2.47464521268                 0.0  
    2.48454381326   3.42156303498e-06  
    2.49448198371   1.04820186401e-06  
    2.50445989506   6.89210784238e-06  
       2.51447772   2.26423110081e-06  
    2.52453563299   3.30481080194e-06  
    2.53463381022   3.43254981185e-06  
    2.54477242968   3.54028943108e-06  
    2.55495149062   4.78590423367e-06  
    2.56517135243   3.45518867011e-06  
    2.57543201517   4.67866448593e-06  
    2.58573365996   2.31484928559e-06  
    2.59607665626   4.77279007869e-06  
    2.60646100556   1.17156819706e-06  
    2.61688670542    3.4981074473e-06  
    2.62735432224   3.56958724168e-06  
    2.63786366667   4.46270389843e-06  
    2.64841512134   4.99499699229e-06  
    2.65900888157   3.62162801577e-06  
    2.66964494773   6.07585040769e-06  
    2.68032351485   1.23726299138e-06  
    2.69104478018   3.74379434955e-06  
    2.70180894321   9.97410984734e-06  
    2.71261620574   5.95387822268e-06  
    2.72346656674   8.24502271398e-06  
    2.73436043466   3.74199588215e-06  
    2.74529801844   3.82271645156e-06  
     2.7562791092   1.12495569807e-05  
    2.76730433452   7.40052755212e-06  
    2.77837348379   8.86873679342e-06  
    2.78948698116   7.65143084504e-06  
    2.80064482621   6.28500437245e-06  
     2.8118474517   1.79989976935e-05  
    2.82309485907   6.48768047989e-06  
    2.83438726773   7.68251126275e-06  
    2.84572489981   1.05103776637e-05  
    2.85710775442   1.17164017575e-05  
    2.86853605393   3.65660809923e-06  
      2.880010253   5.12903553997e-06  
    2.89153035391   1.31625813523e-05  
    2.90309635457   5.25016236644e-06  
    2.91470895348    1.6059303031e-05  
    2.92636768263   5.49903548998e-06  
    2.93807324851   1.58467936669e-05  
    2.94982541299    9.3984957505e-06  
    2.96162465374   1.06514688003e-05  
    2.97347121472   1.23237304125e-05  
    2.98536509663   1.90953410446e-05  
    2.99730654414     6.683206074e-06  
    3.00929580525   1.66536475657e-05  
    3.02133287881   6.86103309384e-06  
    3.03341826813   1.24250392987e-05  
    3.04555197494   9.58588709405e-06  
    3.05773425498   1.44308018235e-05  
    3.06996510682   1.65476786497e-05  
    3.08224504996   1.83289673361e-05  
    3.09457408611    1.4023970034e-05  
    3.10695221222   1.23277451094e-05  
    3.11937995887   1.52532103257e-05  
    3.13185759762   1.70180246876e-05  
    3.14438513044   1.13036418496e-05  
    3.15696255453   1.14423232913e-05  
    3.16959041803   1.12231685816e-05  
    3.18226872167   1.56218723662e-05  
    3.19499774367   2.15663977399e-05  
     3.2077777664   1.28589155127e-05  
    3.22060907639   1.34188295063e-05  
    3.23349138593   2.06178352503e-05  
    3.24642526784   1.47663205495e-05  
    3.25941101458   2.04955151772e-05  
    3.27244862677   1.79202790371e-05  
    3.28553839867   2.20678898442e-05  
    3.29868062902   1.92631145727e-05  
    3.31187531768   1.67561255554e-05  
    3.32512276534   1.62027870089e-05  
    3.33842327728   2.61151940039e-05  
    3.35177716355   2.38407547923e-05  
    3.36518411244   2.15648207187e-05  
    3.37864506026   2.16502927342e-05  
    3.39215937671   2.79632845193e-05  
    3.40572801038   2.32610697069e-05  
    3.41935096495   3.12132257906e-05  
    3.43302856495    2.7812080822e-05  
     3.4467604828   2.54060985668e-05  
    3.46054770028   2.82181819897e-05  
    3.47438988975   1.73357207521e-05  
    3.48828738091   3.28011646493e-05  
    3.50224050881   1.62966728361e-05  
    3.51624961393   2.89415803639e-05  
    3.53031435276   3.70028696373e-05  
    3.54443575556   3.87694985442e-05  
    3.55861347905   2.55247215834e-05  
    3.57284786965   3.05759220957e-05  
    3.58713927957   3.70186797871e-05  
    3.60148770802   2.58370893866e-05  
    3.61589387213   5.28267265043e-05  
    3.63035741275   3.31306647707e-05  
    3.64487868866   2.11006696586e-05  
    3.65945843514   3.32288918035e-05  
    3.67409628525   3.19942767415e-05  
     3.6887926074    2.9917709562e-05  
    3.70354777632   2.71937503141e-05  
    3.71836179065   4.39787209965e-05  
    3.73323541447   4.76657439868e-05  
    3.74816826477   3.73601620224e-05  
    3.76316111576   3.61654317474e-05  
    3.77821357615   3.94912989192e-05  
    3.79332643045   2.38513177864e-05  
    3.80849968022   4.71128725522e-05  
    3.82373372567   4.41730374951e-05  
    3.83902856636   4.21605294327e-05  
    3.85438501793   4.13008905808e-05  
    3.86980225926    4.1929261492e-05  
    3.88528152486   4.70187930294e-05  
    3.90082282035   5.27165656292e-05  
    3.91642614544   4.44162347147e-05  
     3.9320919216   3.81239911727e-05  
    3.94782014671   3.21391927925e-05  
    3.96361124722    4.5589419098e-05  
     3.9794656573   4.36574837052e-05  
    3.99538381902   5.02666039702e-05  
    4.01136529223    7.4188815241e-05  
    4.02741051384    6.8717576222e-05  
    4.04352038115   5.56284266089e-05  
    4.05969444633   4.89179445665e-05  
    4.07593316003   5.60194272427e-05  
    4.09223698126   6.97452305117e-05  
    4.10860591058   7.10170857373e-05  
    4.12504041299   6.83194474348e-05  
    4.14154048768   5.47229951175e-05  
    4.15810660581   7.08363588062e-05  
    4.17473924737    6.2790632452e-05  
     4.1914379294   8.09089812972e-05  
    4.20820361671   7.43519754743e-05  
    4.22503631116   6.46063011805e-05  
    4.24193650599   5.64211745457e-05  
    4.25890420203   5.95710766699e-05  
    4.27593989945   6.63744378715e-05  
    4.29304359811   5.31381315095e-05  
    4.31021606223   6.85967439136e-05  
    4.32745677891   4.12469276362e-05  
    4.34476677871   6.48108000887e-05  
    4.36214580283   8.37312476683e-05  
    4.37959437336   7.33211728477e-05  
    4.39711275511   7.59825465465e-05  
    4.41470121473   7.96959204765e-05  
    4.43236002067   6.89481120469e-05  
    4.45008944329   7.49865714955e-05  
    4.46788975486   9.79418600423e-05  
     4.4857612296   7.83054572421e-05  
     4.5037044243   6.13746219316e-05  
    4.52171905834   6.80790813766e-05  
    4.53980597546   9.05136723728e-05  
    4.55796517761   8.82214635128e-05  
    4.57619723913   0.000103615659181  
    4.59450186987     9.694634273e-05  
    4.61287994068   9.27372632582e-05  
    4.63133145335   9.27831413027e-05  
    4.64985670171    9.0866871561e-05  
    4.66845628346   9.29500651563e-05  
    4.68712989672   8.79685723992e-05  
    4.70587844804   9.82132509704e-05  
    4.72470193969   8.67898965006e-05  
    4.74360098925     9.569278632e-05  
    4.76257528571   0.000130436691962  
    4.78162544951   0.000113028402749  
    4.80075211388   0.000128094698542  
    4.81995496102   8.57945462531e-05  
    4.83923495122   6.91247387393e-05  
    4.85859176224   9.94951017324e-05  
    4.87802637057   0.000159979088609  
    4.89753844961    0.00012445473008  
     4.9171283236   0.000112116831934  
    4.93679699404   0.000116061260047  
    4.95654412786   0.000114035028924  
    4.97637040127   0.000114560002834  
    4.99627581409    0.00012517317341  
    5.01626105463   0.000124434351651  
    5.03632612401   0.000141020035791  
    5.05647136933   0.000100212815273  
    5.07669714118    0.00011629776133  
    5.09700379373   0.000133985826689  
    5.11739204703   0.000111819461813  
    5.13786154103   0.000124833111855  
    5.15841300039   0.000133555439608  
    5.17904679429   0.000116379960469  
    5.19976292187   0.000148227617607  
    5.22056175127   0.000145117757699  
    5.24144403461   0.000104649845761  
    5.26240977412   0.000127870968704  
    5.28345973627   0.000150319374328  
    5.30459353645   0.000123430475103  
    5.32581194655   0.000116645022994  
    5.34711496429   0.000152230731418  
     5.3685033765   0.000124040059761  
    5.38997758533   0.000134341452471  
     5.4115375925   0.000125266898102  
    5.43318339149   0.000131615259372  
    5.45491620212   0.000130967882495  
    5.47673603057   0.000133161051987  
    5.49864287472    0.00018861782852  
    5.52063756715    0.00014579308329  
    5.54272010896   0.000146473559727  
    5.56489092113   0.000121050943316  
    5.58715042976   0.000153408209724  
    5.60949906616    0.00012273500538  
    5.63193726694   0.000167604073091  
    5.65446458961   0.000127069705867  
    5.67708279786   0.000189364230255  
    5.69979100731   0.000151627984226  
    5.72259010817   0.000168497637609  
    5.74548055411   0.000190659569758  
    5.76846234429   0.000159869954355  
      5.791536397   0.000211756908618  
    5.81470224819    0.00022380269424  
    5.83796129572   0.000190386054953  
    5.86131307274   0.000177822829856  
    5.88475852542   0.000197690190571  
    5.90829717285   0.000199705618752  
    5.93193045656   0.000155893068352  
    5.95565838363   0.000152958135861  
    5.97948095214   0.000181864259421  
    6.00339864953   0.000172133984731  
    6.02741247236    0.00020882057954  
    6.05152192044   0.000195491697038  
    6.07572799998   0.000183430225479  
    6.10003122573   0.000164973138403  
    6.12443108191   0.000156013468351  
    6.14892911878   0.000177124603603  
    6.17352481846   0.000193568677811  
    6.19821869966   0.000149289982278  
    6.22301182415   0.000206138548586  
    6.24790365848   0.000242992445136  
    6.27289527528   0.000151494661736  
    6.29798667496   0.000171662049304  
    6.32317895437   0.000172574656932  
    6.34847156357   0.000148955948908  
    6.37386561103   0.000170271756122  
    6.39936109829   0.000193071608633  
    6.42495858819   0.000217252211016  
    6.45065807628   0.000210792317575  
    6.47646070858   0.000250047216145  
    6.50236648851   0.000183970762585  
    6.52837599909   0.000177899668857  
    6.55448983217   0.000226998115921  
    6.58070739056   0.000207281044142  
     6.6070304631   0.000207438158004  
    6.63345845158   0.000193453285451  
    6.65999256893    0.00017523939524  
    6.68663220164   0.000179706145201  
    6.71337857646    0.00026395722153  
     6.7402323211   0.000249841888497  
    6.76719343966   0.000185209742093  
    6.79426192596   0.000238319160803  
    6.82143905059   0.000171409507813  
    6.84872481713   0.000182503691679  
    6.87611987273     0.0003190699797  
    6.90362421565   0.000221186812861  
    6.93123849806   0.000245037606054  
    6.95896338267   0.000219742765095  
    6.98679954287   0.000176197123684  
    7.01474698239   0.000211976444145  
    7.04280569424   0.000268019392931  
    7.07097704376   0.000278534505029  
    7.09926103526   0.000222876172379  
    7.12765766225   0.000232439205116  
    7.15616832394   0.000265412733951  
    7.18479302568   0.000203824435082  
    7.21353248167   0.000172369900738  
    7.24238669254   0.000243723465191  
    7.27135637916   0.000224179910919  
    7.30044153741   0.000209041802052  
    7.32964289499    0.00024221627997  
    7.35896194108   0.000266885803968  
    7.38839793625   0.000228730738774  
    7.41795162807   0.000225087167298  
     7.4476230097   0.000242051840102  
    7.47741360958    0.00028995881303  
    7.50732343484   0.000283542950747  
    7.53735248125   0.000239202496599  
    7.56750152509   0.000244613571918  
     7.5977721547   0.000270434170609  
    7.62816277835   0.000287391715948  
    7.65867579796   0.000266177693483  
    7.68931040992    0.00020800645612  
    7.72006742165   0.000214576831614  
    7.75094765492   0.000193033662865  
    7.78195194613   0.000257564862445  
    7.81307945788   0.000228238346932  
    7.84433186727   0.000242785506771  
    7.87570917764   0.000263566082426  
    7.90721224521   0.000243828634484  
    7.93884106988   0.000259185461732  
    7.97059651818   0.000258264153464  
    8.00247858663   0.000234722593395  
    8.03448815236    0.00024570321241  
    8.06662610855   0.000258753336154  
    8.09889336484   0.000286498219936  
     8.1312881039   0.000254936187343  
    8.16381396885   0.000251417531723  
    8.19646913217   0.000224533307331  
    8.22925450488   0.000258645754953  
    8.26217195928    0.00019903055343  
     8.2952205599   0.000235327544953  
    8.32840124719   0.000229603785522  
    8.36171497933   0.000278490996928  
    8.39516175769   0.000247653427004  
    8.42874255349   0.000280151456141  
    8.46245736585   0.000258608297594  
     8.4963071794   0.000305776468376  
    8.53029299759   0.000246381131702  
    8.56441381387   0.000294939116132  
    8.59867164433   0.000244286530112  
    8.63306597974   0.000214991893092  
    8.66759835958   0.000318200858275  
    8.70226878849   0.000232736367137  
    8.73707778582   0.000205699287869  
    8.77202587434   0.000260438416912  
    8.80711411676   0.000240537526148  
    8.84234251506   0.000247972298925  
    8.87771214789   0.000262165598323  
    8.91322301618   0.000293769390612  
    8.94887566111   0.000243197825955  
    8.98467118599   0.000265802624319  
    9.02061015324   0.000230163345639  
    9.05669256222   0.000261416478122  
    9.09291897023    0.00022857993631  
    9.12929109163   0.000262437471222  
    9.16580777681   0.000241068939329  
    9.20247133927   0.000271201860807  
     9.2392812011   0.000244146578699  
    9.27623794181   0.000285385547008  
    9.31334334528   0.000279336081631  
    9.35059681985   0.000243879223073  
    9.38799895942   0.000270861527236  
    9.42555097729   0.000280692205089  
    9.46325287276   0.000204904017297  
    9.50110587927   0.000253168382291  
    9.53911062623   0.000240864217646  
    9.57726711423   0.000209428201414  
    9.61557596868   0.000224509703938  
    9.65403846516   0.000149406931216  
    9.69265460608    0.00024086544838  
    9.73142503402   0.000232381016337  
    9.77035105768   0.000169462744773  
    9.80943201648   0.000236201986454  
    9.84866989689   0.000219536073415  
    9.88806470579   0.000168149241808  
    9.92761711669   0.000169553613583  
    9.96732712253    0.00015475249277  
    10.0071967787   0.000124357879525  
    10.0472253989   0.000107814164018  
    10.0874143706    0.00169305460798  
