      wave_micron            flux_mjy  
  0.0151862453319                 0.0  
  0.0152415497594                 0.0  
  0.0153025154167                 0.0  
  0.0153637250122                 0.0  
   0.015425180221                 0.0  
  0.0154868810502                 0.0  
  0.0155488291952                 0.0  
  0.0156110246563                 0.0  
    0.01567346915                 0.0  
  0.0157361626703                 0.0  
  0.0157991069548                 0.0  
   0.015862303773                 0.0  
  0.0159257531313                 0.0  
  0.0159894550112                 0.0  
  0.0160534130204                 0.0  
  0.0161176271782                 0.0  
    0.01618209748                 0.0  
  0.0162468257657                 0.0  
  0.0163118139096                 0.0  
  0.0163770600225                 0.0  
  0.0164425678735                 0.0  
  0.0165083393984                 0.0  
  0.0165743726785                 0.0  
  0.0166406696301                 0.0  
  0.0167072322062                 0.0  
  0.0167740623974                 0.0  
  0.0168411572105                 0.0  
   0.016908522642                 0.0  
  0.0169761566919                 0.0  
  0.0170440613842                 0.0  
  0.0171122377454                 0.0  
  0.0171806857636                 0.0  
  0.0172494085612                 0.0  
  0.0173184061489                 0.0  
  0.0173876806522                 0.0  
  0.0174572310007                 0.0  
  0.0175270593267                 0.0  
  0.0175971678042                 0.0  
  0.0176675564402                 0.0  
  0.0177382274428                 0.0  
  0.0178091796948                 0.0  
  0.0178804165444                 0.0  
  0.0179519379969                 0.0  
  0.0180237463309                 0.0  
  0.0180958415518                 0.0  
  0.0181682248063                 0.0  
  0.0182408972502                 0.0  
  0.0183138612366                 0.0  
  0.0183871167722                 0.0  
  0.0184606650422                 0.0  
  0.0185345072419                 0.0  
  0.0186086458034                 0.0  
  0.0186830795002                 0.0  
  0.0187578120217                 0.0  
  0.0188328433799                 0.0  
   0.018908174824                 0.0  
  0.0189838076149                 0.0  
  0.0190597430247                 0.0  
  0.0191359823377                 0.0  
  0.0192125255433                 0.0  
  0.0192893765535                 0.0  
  0.0193665340651                 0.0  
  0.0194439993799                 0.0  
  0.0195217751624                 0.0  
  0.0195998627725                 0.0  
  0.0196782622126                 0.0  
  0.0197569748375                 0.0  
  0.0198360034085                 0.0  
  0.0199153465324                 0.0  
  0.0199950084036                 0.0  
  0.0200749890399                 0.0  
  0.0201552884287                 0.0  
  0.0202359094264                 0.0  
  0.0203168534892                 0.0  
  0.0203981206156                 0.0  
   0.020479713743                 0.0  
  0.0205616313812                 0.0  
  0.0206438779969                 0.0  
  0.0207264536059                 0.0  
  0.0208093597257                 0.0  
  0.0208925978913                 0.0  
  0.0209761680966                 0.0  
  0.0210600718742                 0.0  
  0.0211443123573                 0.0  
  0.0212288895558                 0.0  
  0.0213138050564                 0.0  
   0.021399060464                 0.0  
  0.0214846574026                 0.0  
  0.0215705958681                 0.0  
   0.021656877484                 0.0  
  0.0217435055676                 0.0  
  0.0218304801344                 0.0  
  0.0219178011671                 0.0  
  0.0220054720439                 0.0  
  0.0220934944899                 0.0  
  0.0221818685095                 0.0  
  0.0222705958296                 0.0  
  0.0223596781988                 0.0  
  0.0224491173879                 0.0  
  0.0225389133917                 0.0  
  0.0226290697965                 0.0  
  0.0227195847868                 0.0  
  0.0228104638233                 0.0  
  0.0229017050792                 0.0  
  0.0229933122501                 0.0  
  0.0230852853412                 0.0  
  0.0231776262249                 0.0  
  0.0232703367986                 0.0  
  0.0233634189851                 0.0  
  0.0234568727853                 0.0  
  0.0235507001277                 0.0  
  0.0236449029677                 0.0  
  0.0237394812916                 0.0  
  0.0238344410841                 0.0  
  0.0239297783475                 0.0  
  0.0240254970945                 0.0  
  0.0241215993701                 0.0  
  0.0242180851719                 0.0  
  0.0243149586469                 0.0  
   0.024412217708                 0.0  
  0.0245098665449                 0.0  
  0.0246079051568                 0.0  
   0.024706337828                 0.0  
  0.0248051624068                 0.0  
  0.0249043832227                 0.0  
  0.0250040002793                 0.0  
  0.0251040180052                 0.0  
  0.0252044341848                 0.0  
  0.0253052510271                 0.0  
  0.0254064730603                 0.0  
   0.025508098007                 0.0  
  0.0256101304453                 0.0  
  0.0257125703795                 0.0  
  0.0258154201345                 0.0  
  0.0259186820709                 0.0  
  0.0260223585857                 0.0  
  0.0261264472785                 0.0  
  0.0262309529415                 0.0  
  0.0263358755693                 0.0  
  0.0264412200677                 0.0  
  0.0265469839736                 0.0  
  0.0266531722503                 0.0  
   0.026759784909                 0.0  
  0.0268668244763                 0.0  
  0.0269742909428                 0.0  
  0.0270821894517                 0.0  
  0.0271905174168                 0.0  
  0.0272992800437                 0.0  
   0.027408477344                 0.0  
  0.0275181119692                 0.0  
  0.0276281839109                 0.0  
  0.0277386958433                 0.0  
  0.0278496504844                 0.0  
  0.0279610505974                 0.0  
    0.02807289341                 0.0  
  0.0281851844569                 0.0  
   0.028297926573                 0.0  
  0.0284111169242                 0.0  
  0.0285247611853                 0.0  
  0.0286388622665                 0.0  
  0.0287534172723                 0.0  
   0.028868429072                 0.0  
  0.0289839035587                 0.0  
  0.0290998407737                 0.0  
  0.0292162376922                 0.0  
  0.0293331033349                 0.0  
   0.029450437755                 0.0  
  0.0295682378656                 0.0  
  0.0296865097975                 0.0  
  0.0298052566889                 0.0  
  0.0299244785621                 0.0  
  0.0300441753939                 0.0  
  0.0301643535589                 0.0  
  0.0302850098474                 0.0  
  0.0304061507215                 0.0  
  0.0305277762053                 0.0  
  0.0306498862764                 0.0  
  0.0307724842184                 0.0  
  0.0308955767542                 0.0  
  0.0310191571473                 0.0  
  0.0311432355684                 0.0  
   0.031267808621                 0.0  
  0.0313928797303                 0.0  
  0.0315184488667                 0.0  
  0.0316445230436                 0.0  
  0.0317711023035                 0.0  
   0.031898186641                 0.0  
  0.0320257796335                 0.0  
  0.0321538812643                 0.0  
  0.0322824988477                 0.0  
  0.0324116287246                 0.0  
  0.0325412745672                 0.0  
  0.0326714401172                 0.0  
  0.0328021253768                 0.0  
  0.0329333341384                 0.0  
  0.0330650663953                 0.0  
  0.0331973259923                 0.0  
  0.0333301168478                 0.0  
  0.0334634350245                 0.0  
  0.0335972923954                 0.0  
  0.0337316790047                 0.0  
  0.0338666068614                 0.0  
  0.0340020739821                 0.0  
  0.0341380803297                 0.0  
  0.0342746341343                 0.0  
  0.0344117312592                 0.0  
  0.0345493800619                 0.0  
  0.0346875763345                 0.0  
  0.0348263264174                 0.0  
  0.0349656324733                 0.0  
   0.035105494499                 0.0  
  0.0352459168363                 0.0  
   0.035386899479                 0.0  
  0.0355284490714                 0.0  
  0.0356705611534                 0.0  
  0.0358132446918                 0.0  
  0.0359564974426                 0.0  
  0.0361003239563                 0.0  
  0.0362447242236                 0.0  
  0.0363897028683                 0.0  
  0.0365352622447                 0.0  
  0.0366814023445                 0.0  
  0.0368281279061                 0.0  
  0.0369754413435                 0.0  
   0.037123342652                 0.0  
  0.0372718366889                 0.0  
  0.0374209234529                 0.0  
  0.0375706078835                 0.0  
  0.0377208899839                 0.0  
  0.0378717722387                 0.0  
  0.0380232597152                 0.0  
  0.0381753524251                 0.0  
  0.0383280555238                 0.0  
  0.0384813664089                 0.0  
  0.0386352929064                 0.0  
  0.0387898350439                 0.0  
  0.0389449927899                 0.0  
  0.0391007741739                 0.0  
  0.0392571765096                 0.0  
  0.0394142052156                 0.0  
  0.0395718630527                 0.0  
   0.039730150015                 0.0  
   0.039889068853                 0.0  
  0.0400486251849                 0.0  
  0.0402088218867                 0.0  
  0.0403696560937                 0.0  
  0.0405311335129                 0.0  
  0.0406932599743                 0.0  
  0.0408560325667                 0.0  
  0.0410194571599                 0.0  
  0.0411835337443                 0.0  
  0.0413482683014                 0.0  
  0.0415136608397                 0.0  
  0.0416797143802                 0.0  
  0.0418464350782                 0.0  
  0.0420138198473                 0.0  
  0.0421818748882                 0.0  
  0.0423506033619                 0.0  
  0.0425200052653                 0.0  
  0.0426900869832                 0.0  
  0.0428608452837                 0.0  
  0.0430322898797                 0.0  
  0.0432044175118                 0.0  
  0.0433772347439                 0.0  
  0.0435507449271                 0.0  
  0.0437249480686                 0.0  
   0.043899847521                 0.0  
  0.0440754466782                 0.0  
   0.044251748976                 0.0  
  0.0444287543985                 0.0  
  0.0446064699073                 0.0  
  0.0447848955181                 0.0  
  0.0449640383375                 0.0  
  0.0451438911989                 0.0  
  0.0453244684591                 0.0  
  0.0455057665374                 0.0  
  0.0456877890588                 0.0  
  0.0458705396955                 0.0  
  0.0460540221685                 0.0  
  0.0462382402479                 0.0  
  0.0464231901229                 0.0  
  0.0466088831745                 0.0  
  0.0467953194487                 0.0  
  0.0469825028285                 0.0  
  0.0471704293711                 0.0  
  0.0473591147907                 0.0  
   0.047548551218                 0.0  
  0.0477387425614                 0.0  
  0.0479296968511                 0.0  
   0.048121418203                 0.0  
  0.0483139025256                 0.0  
  0.0485071580195                 0.0  
  0.0487011888768                 0.0  
  0.0488959908834                 0.0  
  0.0490915766829                 0.0  
  0.0492879420471                 0.0  
  0.0494850955426                 0.0  
  0.0496830328255                 0.0  
  0.0498817669577                 0.0  
  0.0500812935832                 0.0  
  0.0502816170811                 0.0  
  0.0504827464078                 0.0  
  0.0506846770853                 0.0  
  0.0508874135835                 0.0  
  0.0510909650607                 0.0  
  0.0512953269164                 0.0  
  0.0515005084112                 0.0  
  0.0517065095584                 0.0  
  0.0519133398359                 0.0  
  0.0521209897077                 0.0  
  0.0523294734927                 0.0  
  0.0525387912309                 0.0  
   0.052748947809                 0.0  
  0.0529599432243                 0.0  
  0.0531717823989                 0.0  
  0.0533844703326                 0.0  
  0.0535980070184                 0.0  
  0.0538124026211                 0.0  
  0.0540276520462                 0.0  
  0.0542437603713                 0.0  
  0.0544607380071                 0.0  
  0.0546785797359                 0.0  
  0.0548972960957                 0.0  
  0.0551168817443                 0.0  
  0.0553373527706                 0.0  
  0.0555586983713                 0.0  
  0.0557809348548                 0.0  
  0.0560040567579                 0.0  
  0.0562280751482                 0.0  
  0.0564529844364                 0.0  
  0.0566787958303                 0.0  
  0.0569055150795                 0.0  
  0.0571331364721                 0.0  
  0.0573616656758                 0.0  
  0.0575911143271                 0.0  
  0.0578214765912                 0.0  
  0.0580527642567                 0.0  
  0.0582849773746                 0.0  
  0.0585181159072                 0.0  
  0.0587521858386                 0.0  
  0.0589871994171                 0.0  
  0.0592231443552                 0.0  
  0.0594600391771                 0.0  
  0.0596978776747                 0.0  
  0.0599366724289                 0.0  
  0.0601764171007                 0.0  
  0.0604171244428                 0.0  
  0.0606587944978                 0.0  
  0.0609014272165                 0.0  
   0.061145029075                 0.0  
  0.0613896133384                 0.0  
  0.0616351734263                 0.0  
  0.0618817092309                 0.0  
  0.0621292410506                 0.0  
  0.0623777552976                 0.0  
  0.0626272656272                 0.0  
  0.0628777720403                 0.0  
   0.063129288554                 0.0  
  0.0633818010893                 0.0  
  0.0636353308644                 0.0  
   0.063889870777                 0.0  
  0.0641454352523                 0.0  
  0.0644020170518                 0.0  
  0.0646596234095                 0.0  
   0.064918261695                 0.0  
  0.0651779318951                 0.0  
   0.065438641478                 0.0  
  0.0657003980535                 0.0  
  0.0659632016714                 0.0  
  0.0662270522815                 0.0  
  0.0664919653869                 0.0  
   0.066757933217                 0.0  
  0.0670249635555                 0.0  
  0.0672930643361                 0.0  
  0.0675622355631                 0.0  
   0.067832481211                 0.0  
  0.0681038134915                 0.0  
  0.0683762283497                 0.0  
   0.068649734011                 0.0  
  0.0689243304506                 0.0  
  0.0692000302551                 0.0  
  0.0694768292185                 0.0  
  0.0697547358146                 0.0  
  0.0700337543427                 0.0  
  0.0703138891334                 0.0  
  0.0705951445493                 0.0  
  0.0708775249857                 0.0  
  0.0711610348713                 0.0  
  0.0714456786688                 0.0  
  0.0717314654303                 0.0  
  0.0720183906152                 0.0  
   0.072306463311                 0.0  
  0.0725956881234                 0.0  
  0.0728860696955                 0.0  
  0.0731776174494                 0.0  
  0.0734703266627                 0.0  
  0.0737642067987                 0.0  
  0.0740592626587                 0.0  
  0.0743554990853                 0.0  
  0.0746529258973                 0.0  
  0.0749515332222                 0.0  
   0.075251340833                 0.0  
  0.0755523488135                 0.0  
  0.0758545571332                 0.0  
  0.0761579759141                 0.0  
  0.0764626051371                 0.0  
  0.0767684551004                 0.0  
  0.0770755310579                 0.0  
  0.0773838330132                 0.0  
   0.077693366195                 0.0  
  0.0780041412693                 0.0  
   0.078316158267                 0.0  
   0.078629422573                 0.0  
  0.0789439396258                 0.0  
   0.079259714919                 0.0  
  0.0795767540021                 0.0  
  0.0798950624814                 0.0  
  0.0802146403258                 0.0  
  0.0805354988643                 0.0  
  0.0808576438804                 0.0  
  0.0811810753857                 0.0  
  0.0815057991484                 0.0  
  0.0818318209987                 0.0  
  0.0821591468305                 0.0  
  0.0824877826019                 0.0  
   0.082817734337                 0.0  
  0.0831490081274                 0.0  
  0.0834816039632                 0.0  
  0.0838155279262                 0.0  
  0.0841507924355                 0.0  
  0.0844873975438                 0.0  
  0.0848253431751                 0.0  
  0.0851646483849                 0.0  
  0.0855053068237                 0.0  
  0.0858473248539                 0.0  
  0.0861907154896                 0.0  
  0.0865354787741                 0.0  
  0.0868816213016                 0.0  
  0.0872291430099                 0.0  
  0.0875780640725                 0.0  
  0.0879283778012                 0.0  
  0.0882800909551                 0.0  
  0.0886332103769                 0.0  
   0.088987742995                 0.0  
  0.0893436887586                 0.0  
  0.0897010688489                 0.0  
  0.0900598690908                 0.0  
  0.0904201109028                 0.0  
  0.0907817943694                 0.0  
  0.0911449194373                 0.0  
  0.0915095007394                 0.0  
  0.0918755382958                 0.0  
  0.0922430395187                 0.0  
  0.0926120119188                 0.0  
  0.0929824554535                 0.0  
  0.0933543853675                 0.0  
  0.0937278094776                 0.0  
  0.0941027200284                 0.0  
  0.0944791246749                 0.0  
  0.0948570471081                 0.0  
  0.0952364714898                 0.0  
  0.0956174217934                 0.0  
  0.0959998899854                 0.0  
  0.0963838840736                 0.0  
  0.0967694204686                 0.0  
  0.0971564992491                 0.0  
  0.0975451287698                 0.0  
  0.0979353090143                 0.0  
  0.0983270483749                 0.0  
  0.0987203553653                 0.0  
  0.0991152386231                 0.0  
  0.0995116981457                 0.0  
  0.0999097426147                 0.0  
    0.10030938084                 0.0  
   0.100710621762                 0.0  
   0.101113465403                 0.0  
   0.101517920754                 0.0  
   0.101923987748                 0.0  
   0.102331684696                 0.0  
   0.102741011658                 0.0  
   0.103151977956                 0.0  
   0.103564583561                 0.0  
   0.103978847424                 0.0  
   0.104394760008                 0.0  
   0.104812340481                 0.0  
   0.105231588867                 0.0  
   0.105652514907                 0.0  
   0.106075128499                 0.0  
   0.106499419612                 0.0  
   0.106925418218                 0.0  
   0.107353124484                 0.0  
   0.107782538416                 0.0  
   0.108213670222                 0.0  
   0.108646519823                 0.0  
   0.109081108043                 0.0  
   0.109517434971                 0.0  
   0.109955500532                 0.0  
   0.110395326059                 0.0  
   0.110836900777                 0.0  
   0.111280257246                 0.0  
   0.111725373653                 0.0  
   0.112172271863                 0.0  
   0.112620963053                 0.0  
   0.113071447266                 0.0  
   0.113523735783                 0.0  
   0.113977828572                 0.0  
   0.114433737023                 0.0  
   0.114891472716                 0.0  
    0.11535103565                 0.0  
   0.115812449396                 0.0  
   0.116275690229                 0.0  
   0.116740793807                 0.0  
   0.117207760277                 0.0  
   0.117676589609                 0.0  
   0.118147293948                 0.0  
   0.118619885655                 0.0  
   0.119094364748                 0.0  
   0.119570743719                 0.0  
   0.120049022526                 0.0  
    0.12052922666                 0.0  
   0.121011343361                 0.0  
   0.121495385402                 0.0  
   0.121981365789                 0.0  
   0.122469297759                 0.0  
   0.122959168018                 0.0  
   0.123451003131                 0.0  
   0.123944816734                 0.0  
   0.124440595291                 0.0  
   0.124938352277                 0.0  
   0.125438101413                 0.0  
   0.125939856671                 0.0  
   0.126443618128                 0.0  
   0.126949385666                 0.0  
   0.127457187735                 0.0  
   0.127967024514                 0.0  
   0.128478881376                 0.0  
   0.128992801948                 0.0  
   0.129508771677                 0.0  
   0.130026805273                 0.0  
   0.130546917724                 0.0  
    0.13106910909                 0.0  
   0.131593379236                 0.0  
   0.132119758725                 0.0  
   0.132648232174                 0.0  
   0.133178830608                 0.0  
   0.133711538364                 0.0  
   0.134246386932                 0.0  
   0.134783368412                 0.0  
   0.135322506858                 0.0  
   0.135863794217                 0.0  
    0.13640724667                 0.0  
   0.136952880717                 0.0  
   0.137500688072                 0.0  
   0.138050693715                 0.0  
   0.138602897709                 0.0  
   0.139157308481                 0.0  
   0.139713934513                 0.0  
   0.140272793062                 0.0  
   0.140833884164                 0.0  
   0.141397216493                 0.0  
   0.141962807704                 0.0  
   0.142530657824                 0.0  
   0.143100784789                 0.0  
    0.14367318862                 0.0  
   0.144247878329                 0.0  
   0.144824872283                 0.0  
   0.145404170505                 0.0  
   0.145985782226                 0.0  
   0.146569726264                 0.0  
   0.147156012234                 0.0  
   0.147744630509                 0.0  
   0.148335609884                 0.0  
   0.148928950407                 0.0  
   0.149524671689                 0.0  
   0.150122763818                 0.0  
   0.150723256556                 0.0  
   0.151326149986                 0.0  
   0.151931454179                 0.0  
   0.152539179298                 0.0  
   0.153149335602                 0.0  
   0.153761933445                 0.0  
    0.15437698328                 0.0  
   0.154994495661                 0.0  
   0.155614470527                 0.0  
   0.156236929183                 0.0  
   0.156861871606                 0.0  
   0.157489319487                 0.0  
   0.158119283907                 0.0  
   0.158751753754                 0.0  
   0.159386762292                 0.0  
   0.160024309612                 0.0  
   0.160664406987                 0.0  
   0.161307065808                 0.0  
   0.161952297587                 0.0  
   0.162600102255                 0.0  
   0.163250503087                 0.0  
   0.163903500077                 0.0  
   0.164559116943                 0.0  
   0.165217353748                 0.0  
   0.165878222483                 0.0  
   0.166541735275                 0.0  
   0.167207904386                 0.0  
   0.167876742216                 0.0  
   0.168548248734                 0.0  
   0.169222436325                 0.0  
   0.169899330296                 0.0  
   0.170578917867                 0.0  
   0.171261237522                 0.0  
   0.171946289458                 0.0  
   0.172634073617                 0.0  
   0.173324602972                 0.0  
   0.174017904054                 0.0  
   0.174713976962                 0.0  
   0.175412835149                 0.0  
   0.176114478504                 0.0  
   0.176818948161                 0.0  
   0.177526216562                 0.0  
   0.178236325294                 0.0  
   0.178949274492                 0.0  
   0.179665064019                 0.0  
   0.180383722267                 0.0  
    0.18110526375                 0.0  
   0.181829673902                 0.0  
   0.182556996418                 0.0  
   0.183287231512                 0.0  
   0.184020379125                 0.0  
    0.18475645402                 0.0  
   0.185495486389                 0.0  
   0.186237461056                 0.0  
   0.186982408495                 0.0  
   0.187730344282                 0.0  
   0.188481268478                 0.0  
    0.18923519671                 0.0  
    0.18999212884                 0.0  
   0.190752096649                 0.0  
   0.191515116419                 0.0  
    0.19228117193                 0.0  
   0.193050295632                 0.0  
   0.193822487473                 0.0  
   0.194597780629                 0.0  
   0.195376175252                 0.0  
   0.196157688231                 0.0  
   0.196942319531                 0.0  
    0.19773008612                 0.0  
   0.198521005214                 0.0  
   0.199315094279                 0.0  
   0.200112353314                 0.0  
    0.20091279988                 0.0  
   0.201716451797                 0.0  
   0.202523308997                 0.0  
   0.203333407701                 0.0  
   0.204146748093                 0.0  
   0.204963330048                 0.0  
   0.205783171868                 0.0  
   0.206606311029                 0.0  
   0.207432728761                 0.0  
   0.208262462965                 0.0  
   0.209095513742                 0.0  
   0.209931900383                 0.0  
   0.210771622814                 0.0  
   0.211614720282                 0.0  
   0.212461173033                 0.0  
   0.213311020775                 0.0  
   0.214164263564                 0.0  
   0.215020921596                 0.0  
   0.215880994763                 0.0  
    0.21674452421                 0.0  
   0.217611510156                 0.0  
   0.218481952493                 0.0  
   0.219355872072                 0.0  
   0.220233311555                 0.0  
   0.221114228075                 0.0  
   0.221998686117                 0.0  
   0.222886685943                 0.0  
   0.223778227476                 0.0  
   0.224673354985                 0.0  
   0.225572046251                 0.0  
   0.226474323402                 0.0  
   0.227380231819                 0.0  
   0.228289748794                 0.0  
   0.229202897043                 0.0  
   0.230119723105                 0.0  
   0.231040203786                 0.0  
   0.231964362419                 0.0  
   0.232892222738                 0.0  
   0.233823784687                 0.0  
   0.234759072245                 0.0  
   0.235698109808                 0.0  
   0.236640897408                 0.0  
   0.237587459704                 0.0  
   0.238537821784                 0.0  
   0.239491983793                 0.0  
   0.240449945509                 0.0  
   0.241411732136                 0.0  
   0.242377395329                 0.0  
   0.243346883189   2.60238221678e-05  
    0.24432027388                 0.0  
   0.245297567815   1.06105751803e-05  
   0.246278765038   2.77831203439e-05  
    0.24726386522                 0.0  
   0.248252922202                 0.0  
   0.249245936192   1.40237546331e-05  
   0.250242934734                 0.0  
   0.251243889998   8.78309863166e-06  
   0.252248857367   1.70944790469e-05  
   0.253257865238                 0.0  
   0.254270885298                 0.0  
   0.255287974471                 0.0  
   0.256309132972   1.34455172246e-05  
   0.257334360629                 0.0  
   0.258363715964                 0.0  
   0.259397169641   2.39169509102e-05  
   0.260434751023                 0.0  
   0.261476490028   1.40098646261e-05  
   0.262522386629                 0.0  
   0.263572471153                 0.0  
   0.264626774498                 0.0  
   0.265685265663                 0.0  
   0.266748006725                 0.0  
   0.267814997867                 0.0  
   0.268886270863    4.4067041854e-06  
   0.269961825843   1.91784365236e-05  
   0.271041662523                 0.0  
   0.272125829369                 0.0  
   0.273214342954                 0.0  
   0.274307186659                 0.0  
   0.275404426841   4.57376458722e-05  
   0.276506046976   2.02745563325e-05  
   0.277612063688   8.42886261069e-06  
   0.278722510916                 0.0  
   0.279837405931                 0.0  
   0.280956748664   6.06181147732e-06  
   0.282080573835                 0.0  
     0.2832088991   2.47673922738e-05  
   0.284341742253   2.71324609295e-05  
   0.285479103186   2.02172032903e-05  
   0.286621017715                 0.0  
    0.28776750405                 0.0  
   0.288918580543                 0.0  
   0.290074247075   3.54702666539e-05  
   0.291234540623                 0.0  
   0.292399479992   6.27922586464e-06  
   0.293569084143   2.07826248217e-05  
   0.294743352973   1.79824369698e-05  
   0.295922324686   6.20817839796e-05  
   0.297106018732    2.2695129235e-05  
    0.29829443504    1.4055647504e-05  
    0.29948761278   2.88705705147e-05  
   0.300685571921   2.31616520283e-05  
   0.301888312441   4.83447480963e-05  
    0.30309587452   3.67422788232e-05  
   0.304308258181   8.57432112248e-05  
   0.305525483642   9.27073117381e-05  
   0.306747592131   9.64650933617e-05  
   0.307974583754   0.000127709260579  
   0.309206479307   0.000104414046233  
   0.310443299785   0.000104500569327  
   0.311685066389   7.55538741019e-05  
   0.312931822196   0.000106749700993  
   0.314183545656   0.000161363770268  
   0.315440280101   0.000156221012001  
   0.316702047589   8.71738037101e-05  
   0.317968848024   4.70342504076e-05  
   0.319240725932    0.00010120812275  
   0.320517681318   9.92087545746e-05  
    0.32179975953   8.02464611317e-05  
   0.323086960685   6.46580532522e-05  
   0.324379307693   6.96575902088e-05  
   0.325676823708   7.24031805077e-05  
   0.326979532134   6.76843677915e-05  
   0.328287432778   5.86260960512e-05  
   0.329600597068   0.000109876947021  
   0.330919001291   3.94008783718e-05  
   0.332242669315   6.55940991036e-05  
   0.333571649902   4.92083277788e-05  
   0.334905918403   4.93863106692e-05  
   0.336245548955   0.000149688446819  
   0.337590541904   9.63917946212e-05  
   0.338940897082   0.000119524180346  
   0.340296665061   0.000144737864046  
   0.341657845854   4.53983832394e-05  
   0.343024491036   0.000164113997512  
   0.344396574568   0.000127359425963  
   0.345774174887   0.000136091060547  
   0.347157265742   9.29582251039e-05  
   0.348545900161   0.000183959895667  
   0.349940078147   8.04011716091e-05  
   0.351339826487   0.000150462664287  
   0.352745199837   4.13092483105e-05  
   0.354156170793   9.60294603903e-05  
   0.355572794473   8.22592495287e-05  
   0.356995099023   0.000215530235677  
   0.358423056085   0.000155819049347  
   0.359856750479   7.38821847328e-05  
   0.361296182545   0.000117625664865  
   0.362741381197   0.000216330691803  
   0.364192346371   0.000127709030098  
   0.365649107033   0.000144383059504  
   0.367111692529   1.96717318093e-05  
   0.368580162657   5.99716512976e-05  
   0.370054457347   5.99987728316e-05  
   0.371534697329   0.000192572980894  
   0.373020821886   5.94416210055e-05  
   0.374512922982    6.3170958339e-05  
   0.376010969812    0.00014759345044  
   0.377514993083   0.000145200883731  
   0.379025055715   0.000113774770232  
   0.380541157981   0.000135781691881  
    0.38206333188   0.000184591068466  
   0.383591577294   0.000112192150695  
   0.385125959166   0.000222917435746  
   0.386666444678   0.000152008891375  
   0.388213132782   0.000190145839205  
   0.389765956915   0.000202807491508  
   0.391325051123   0.000194195564134  
   0.392890348197   0.000305837664234  
   0.394461915901    0.00024541377466  
   0.396039754161   0.000288493685956  
   0.397623897285   0.000182676064069  
   0.399214415358   0.000432213132477  
   0.400811273444   0.000261923970709  
   0.402414506544   0.000173933199144  
   0.404024150177   0.000341414165972  
   0.405640240394   0.000248126684264  
   0.407262813787   0.000458958214734  
   0.408891870496   0.000324146271512  
    0.41052744734    0.00042749738589  
   0.412169544098   0.000272461870567  
   0.413818235712   0.000331057626137  
   0.415473484303   0.000299856222125  
   0.417135404168   0.000416180613906  
   0.418803918566   0.000215123054236  
   0.420479143282   0.000505290789761  
    0.42216107887    0.00060147551896  
   0.423849725244   0.000480667244912  
    0.42554512175   0.000353772507558  
   0.427247308353   0.000883283957165  
   0.428956284932   0.000741942235407  
   0.430672091755   0.000612653031865  
   0.432394811114   0.000770691995299  
   0.434124360447    0.00084717567997  
   0.435860864087   0.000843232819257  
   0.437604322571   0.000816019515041  
   0.439354735776   0.000553932452947  
   0.441112145969   0.000901403623474  
    0.44287659611    0.00101654218944  
   0.444648086107    0.00104986382207  
   0.446426703405    0.00127507082747  
   0.448212404196     0.0012796170685  
   0.450005232208     0.0011294838298  
   0.451805277075    0.00134757873855  
    0.45361249401    0.00132381151931  
   0.455426927892     0.0013161861349  
    0.45724867063    0.00139589862299  
    0.45907762982    0.00138162532813  
    0.46091394446    0.00191381013816  
   0.462757615155     0.0014553108536  
   0.464608641808    0.00182125161232  
   0.466467071771    0.00227970019287  
   0.468332953209    0.00185490696118  
   0.470206286192    0.00189811117018  
   0.472087119393    0.00197274541934  
   0.473975452618    0.00211392291251  
   0.475871335061     0.0022970442922  
   0.477774816778    0.00231955707316  
    0.47968594871    0.00245205137557  
   0.481604680029    0.00268959843801  
   0.483531112768    0.00261987005645  
   0.485465247193    0.00298787235022  
   0.487407082836    0.00240425802419  
    0.48935672447    0.00322742513814  
   0.491314119229    0.00355922926956  
   0.493279373346    0.00302768991259  
   0.495252541446    0.00372910583968  
   0.497233514987    0.00303737315446  
   0.499222456958    0.00340000117962  
   0.501219368051    0.00382391052876  
   0.503224248203    0.00434585704702  
   0.505237153073    0.00397426360138  
   0.507258082401    0.00397489444446  
   0.509287092547    0.00419328715142  
   0.511324240917    0.00356434414057  
   0.513369527656    0.00423480770183  
    0.51542301092    0.00432226904855  
   0.517484749951    0.00415207649951  
   0.519554685619    0.00452178901314  
    0.52163287653    0.00510060152857  
   0.523719382401    0.00447528182116  
   0.525814264075    0.00551943189253  
   0.527917521869     0.0050204909337  
    0.53002921747    0.00471361884626  
   0.532149351069    0.00547915353983  
   0.534277922046    0.00569975423047  
   0.536415056314    0.00544397208644  
   0.538560690453    0.00527132949148  
   0.540714952292    0.00463755122695  
   0.542877809892    0.00553350137683  
   0.545049328073    0.00580987861521  
   0.547229506639    0.00619065919134  
    0.54941844476    0.00585375829421  
   0.551616109283    0.00612301415297  
   0.553822566959    0.00648686126377  
   0.556037851638    0.00730479701229  
   0.558261997412    0.00692435899679  
   0.560495073378    0.00842650894972  
   0.562737044876    0.00698688536514  
   0.564987981235    0.00742816515589  
   0.567247953161    0.00727733193366  
   0.569516925098     0.0090919520026  
   0.571795004185    0.00867475850342  
    0.57408219074      0.008634012829  
   0.576378520968    0.00857645852713  
   0.578684031361    0.00817299706324  
   0.580998758706    0.00920907164951  
    0.58332274009    0.00901522224464  
   0.585656050859    0.00966249591054  
   0.587998653113    0.00940662840786  
   0.590350661093    0.00883486190018  
   0.592712075199    0.00903132506805  
   0.595082894929    0.00875447752079  
   0.597463237368    0.00954879833568  
   0.599853103008    0.00865938115089  
   0.602252491434    0.00785874090625  
   0.604661522677     0.0081463753445  
   0.607080156581    0.00944492136073  
   0.609508474096    0.00890427305703  
   0.611946516412    0.00872644327877  
   0.614394325111    0.00913066488843  
   0.616851900062    0.00843176338224  
   0.619319282636    0.00906925360075  
   0.621796557381    0.00895034430289  
   0.624283767493    0.00942972332918  
   0.626780869656      0.008878699954  
   0.629287993483    0.00954212398358  
    0.63180518347     0.0103243575734  
   0.634332395511    0.00968202587335  
   0.636869717762      0.010572594969  
   0.639417195011     0.0126117913287  
   0.641974872512     0.0111588888338  
   0.644542750024     0.0118153029059  
   0.647120918993     0.0119689680955  
   0.649709426118     0.0131431311658  
   0.652308271514     0.0124814826911  
   0.654917501763     0.0135775797132  
   0.657537163955     0.0134342978815  
   0.660167305694     0.0141976896041  
    0.66280797511     0.0145616576557  
   0.665459220872     0.0170937001068  
   0.668121042799     0.0158810984974  
    0.67079353927     0.0167599535011  
   0.673476710427     0.0160214802853  
   0.676170605981     0.0188004837487  
   0.678875276214     0.0190426189923  
   0.681590771994     0.0212365472778  
   0.684317144785     0.0203028134666  
   0.687054446662     0.0207845566003  
    0.68980262501      0.022049561077  
   0.692561836779     0.0234192569861  
   0.695332082421     0.0230145408719  
   0.698113415263     0.0260083295622  
   0.700905889283     0.0261691477654  
   0.703709504325     0.0263913007575  
   0.706524369631     0.0252439208642  
   0.709350429842     0.0284604143319  
   0.712187851239     0.0269086734406  
   0.715036578075     0.0278008607451  
   0.717896722797     0.0296729791413  
   0.720768342898     0.0288643474689  
   0.723651380715     0.0306343047542  
   0.726546009278     0.0298916867061  
    0.72945217056     0.0300711877746  
   0.732369981607     0.0328825009921  
   0.735299502293     0.0337861902595  
   0.738240672671     0.0333291512895  
   0.741193612111     0.0330818814853  
   0.744158442711     0.0323036283931  
   0.747135042275     0.0340117355889  
   0.750123594847     0.0334269641063  
   0.753124100979      0.035320966037  
   0.756136560078     0.0349517242052  
   0.759161097933     0.0364866538217  
    0.76219777895     0.0384578955686  
   0.765246538827     0.0389711371799  
   0.768307571306      0.038632265082  
   0.771380745977     0.0373788559876  
   0.774466325285     0.0384672544067  
   0.777564177525     0.0411141406223  
    0.78067443531     0.0398446474337  
   0.783797098384     0.0405591681468  
   0.786932302339     0.0403261565496  
   0.790080047785     0.0393858334003  
   0.793240334132     0.0425398496866  
   0.796413299943     0.0426364508909  
   0.799598945532     0.0442717471373  
   0.802797341314     0.0419230973089  
   0.806008558748     0.0440337904081  
   0.809232597891     0.0443563655394  
    0.81246953061     0.0432313935596  
   0.815719429854     0.0446979838837  
    0.81898229545     0.0456127848126  
   0.822258200786     0.0426445230431  
   0.825547220369     0.0469457060871  
   0.828849429845     0.0464571454709  
   0.832164829396     0.0461753468287  
   0.835493495177     0.0462743833305  
   0.838835426658     0.0484966454975  
   0.842190778997     0.0488165171267  
    0.84555955283     0.0469062330218  
   0.848941827263     0.0474278531236  
   0.852337602258     0.0481495273678  
    0.85574695751     0.0479497573113  
   0.859169892294     0.0471634948669  
   0.862606569239     0.0454332136864  
   0.866056988902     0.0465398667002  
   0.869521234191      0.048125443413  
   0.872999305016     0.0482751253337  
   0.876491284963     0.0465061612948  
   0.879997258979     0.0478043790106  
   0.883517313402     0.0473389236404  
   0.887051361841     0.0479015738165  
    0.89059957708      0.046711292718  
   0.894161959174     0.0448346586848  
   0.897738595996      0.044336227514  
   0.901329576884     0.0462381855226  
   0.904934902051     0.0470263669503  
    0.90855457033     0.0450101243111  
   0.912188855376     0.0473401092627  
    0.91583757419     0.0440498193979  
   0.919500910695     0.0461271446831  
    0.92317895905     0.0416598456877  
   0.926871624892      0.046277610897  
   0.930579096884     0.0437864158675  
   0.934301471767     0.0449366174159  
   0.938038653215     0.0435588550696  
   0.941790834809     0.0424083403087  
   0.945558017068     0.0426962600558  
   0.949340199073     0.0429971398512  
   0.953137579495     0.0427658230994  
   0.956950159285     0.0416365249286  
   0.960777937946     0.0413719664866  
   0.964621016469     0.0443674458245  
   0.968479497641     0.0434177116618  
   0.972353486075     0.0465373019179  
    0.97624287733      0.048318649603  
   0.980147774721     0.0429803705027  
   0.984068390582     0.0429872600653  
   0.988004726545     0.0453648586577  
   0.991956673874     0.0430261625952  
   0.995924557853      0.045044039805  
    0.99990827019     0.0424924304827  
     1.0039079206     0.0405443230735  
    1.00792350839     0.0429597571404  
    1.01195514463     0.0437619301988  
    1.01600305669     0.0439299553644  
    1.02006701708     0.0452736952756  
     1.0241472537     0.0426556787844  
    1.02824388327     0.0418774000391  
    1.03235690673     0.0414136190734  
    1.03648632346     0.0450912770407  
    1.04063225109     0.0420199118541  
    1.04479480945     0.0421976737643  
    1.04897399887     0.0405021433307  
     1.0531698181     0.0405534202411  
    1.05738251166     0.0406193240176  
    1.06161208096     0.0398955666273  
    1.06585852578     0.0375779753093  
    1.07012197099     0.0400979574989  
    1.07440241613      0.039437763044  
    1.07870005221     0.0397726074079  
    1.08301481519     0.0382962932527  
    1.08734689895     0.0383473349557  
    1.09169630414     0.0364989700551  
    1.09606302978      0.034217730396  
    1.10044734116     0.0372155452853  
    1.10484910523     0.0357283340862  
    1.10926852335     0.0323538007721  
     1.1137055958     0.0307929719085  
    1.11816039035     0.0320126185645  
    1.12263304497     0.0321143601491  
    1.12712355978     0.0357845307954  
    1.13163207491      0.030043716941  
    1.13615859041     0.0299084453221  
    1.14070324858      0.029955798763  
    1.14526604943     0.0314219284583  
    1.14984706437     0.0277430429326  
    1.15444651285      0.029063418631  
    1.15906424797     0.0297529360338  
    1.16370056586     0.0289190654545  
    1.16835531727     0.0325853360362  
    1.17302872701     0.0287590384591  
    1.17772087188     0.0299978484912  
    1.18243175198     0.0290742830504  
    1.18716144357     0.0314300420189  
    1.19191010218     0.0281427028447  
    1.19667772807     0.0310302986772  
     1.2014644794     0.0309374207421  
    1.20627035656     0.0311822514219  
    1.21109543928     0.0305152604237  
      1.215939808     0.0297312591761  
    1.22080354391     0.0304945078437  
    1.22568681206     0.0300977776321  
     1.2305895296     0.0316132247984  
    1.23551186248     0.0306361069654  
    1.24045389501     0.0311560822642  
     1.2454157123     0.0307112557305  
     1.2503974003     0.0309011164595  
    1.25539895864     0.0290493205563  
    1.26042056078     0.0292112260208  
    1.26546229526     0.0331418489452  
    1.27052416224     0.0295910379663  
    1.27560624992     0.0305630659124  
    1.28070864744     0.0315865356255  
    1.28583144485      0.027527051944  
    1.29097482537     0.0337008671574  
    1.29613869727     0.0295936016455  
    1.30132324497      0.031076184584  
    1.30652856241     0.0323155793876  
    1.31175464935     0.0314863466681  
    1.31700169547     0.0309231948014  
     1.3222697011     0.0292767564603  
    1.32755876203     0.0285812983723  
    1.33286897515     0.0273298347693  
    1.33820043842      0.031604450892  
    1.34355325091     0.0293301582875  
    1.34892751285     0.0287013076637  
    1.35432322412     0.0258225578656  
    1.35974048482     0.0273416857508  
    1.36517949934     0.0294978838684  
    1.37064016475     0.0274317227976  
      1.376122687      0.026689619418  
    1.38162727663     0.0261959607303  
    1.38715372296      0.030319698464  
    1.39270234299     0.0260453503168  
    1.39827313727     0.0251473461663  
    1.40386621331     0.0253448766894  
    1.40948167992     0.0263363426972  
    1.41511964725     0.0244730772699  
    1.42078011516     0.0269311619829  
    1.42646319391     0.0226972404353  
    1.43216910863     0.0227894680508  
    1.43789774632     0.0232200883435  
    1.44364933409     0.0240330667644  
    1.44942398792     0.0260296815163  
    1.45522170815     0.0238407822443  
    1.46104249287     0.0233758004121  
     1.4668866951     0.0229188823345  
    1.47275431694     0.0224375395398  
    1.47864523734     0.0227974142443  
    1.48455981683     0.0233462655174  
    1.49049805659     0.0218263097918  
    1.49646007942     0.0235643599511  
    1.50244588491       0.02374764093  
    1.50845572211     0.0213759285799  
    1.51448959202     0.0225264804002  
    1.52054749331     0.0205991546885  
     1.5266296802     0.0224731897534  
    1.53273615283     0.0205141885995  
    1.53886717105     0.0208284082028  
    1.54502260448     0.0223404704066  
    1.55120271558     0.0223480378495  
    1.55740750452     0.0197309455704  
    1.56363710436     0.0228669761453  
    1.56989165006     0.0201339685124  
    1.57617127854     0.0203388818336  
    1.58247599015     0.0239007521281  
    1.58880592249     0.0197435389967  
    1.59516107439     0.0160491151788  
    1.60154172603     0.0205185318804  
    1.60794787812     0.0212291363308  
    1.61437967308     0.0190393041155  
    1.62083725547     0.0195974498819  
    1.62732047899       0.01832891406  
    1.63382978091     0.0190226571124  
     1.6403651635     0.0215788442482  
    1.64692662655     0.0160506192605  
    1.65351431859     0.0191579616176  
    1.66012839044     0.0176646286096  
    1.66676884154     0.0157332672506  
    1.67343597864     0.0188887870529  
    1.68012964726     0.0160124675804  
     1.6868501577     0.0167352637002  
    1.69359766897     0.0177997692262  
    1.70037202268     0.0192253808652  
    1.70717353647     0.0188951887998  
    1.71400221054     0.0174256557277  
    1.72085820633     0.0154261779061  
    1.72774168785     0.0171985481065  
    1.73465265526      0.016035519258  
    1.74159127391     0.0180699029839  
    1.74855754262     0.0167671133368  
    1.75555179861     0.0156958852557  
    1.76257404347     0.0148126087779  
    1.76962427614     0.0157040470436  
    1.77670284213     0.0147409912553  
    1.78380956722     0.0159773148023  
    1.79094480125     0.0146699663513  
    1.79810872371     0.0153632088282  
    1.80530115645     0.0147293128755  
    1.81252227635     0.0151905434036  
    1.81977244648     0.0128420863821  
    1.82705148476     0.0145885793822  
    1.83435957276     0.0141231359508  
    1.84169708283     0.0147835348614  
    1.84906382895     0.0152591569904  
    1.85646018835      0.014615223383  
     1.8638859709     0.0126057148257  
    1.87134155879     0.0148744434007  
    1.87882695303     0.0124508260459  
    1.88634215182     0.0134326094162  
    1.89388754731     0.0148032748675  
    1.90146314133     0.0138435579358  
    1.90906893284     0.0156501324629  
    1.91670532438     0.0138508072493  
    1.92437211384     0.0131891724719  
    1.93206950273     0.0134621228684  
    1.93979790433     0.0130681386996  
    1.94755711267     0.0136523540941  
    1.95534733522     0.0116983803881  
    1.96316856994     0.0122269524744  
    1.97102124165      0.011390263506  
    1.97890535251     0.0120839405366  
    1.98682112011     0.0134839068329  
    1.99476832565     0.0107523525249  
    2.00274740602     0.0135243179596  
    2.01075836178     0.0105775800421  
    2.01880141589     0.0108690260881  
    2.02687656812     0.0102660026746  
    2.03498404427     0.0105925332127  
    2.04312407431     0.0105775456287  
    2.05129665965    0.00992183173433  
     2.0595017986     0.0117186490111  
    2.06773972286    0.00926842793401  
    2.07601066845     0.0103807707137  
    2.08431463547    0.00930016175534  
    2.09265210542     0.0111872735287  
    2.10102259513    0.00935046211632  
    2.10942658742    0.00973248655386  
    2.11786432936    0.00919544828663  
    2.12633582256    0.00953017103857  
    2.13484131755     0.0109874626524  
     2.1433805613    0.00855610264709  
    2.15195405802    0.00936981224448  
    2.16056193754    0.00973636534304  
    2.16920420033    0.00846919799729  
    2.17788097479    0.00846351988155  
     2.1865925224    0.00821563165575  
    2.19533884309    0.00636720457733  
    2.20412020221    0.00803223716727  
    2.21293673483    0.00882032890608  
    2.22178844042    0.00885866260411  
    2.23067559034    0.00898829515114  
    2.23959832256    0.00864672630531  
    2.24855677603    0.00728733635628  
    2.25755094977    0.00886398402379  
    2.26658112356    0.00789552859331  
    2.27564743949    0.00897869888212  
    2.28475004076    0.00721012956077  
    2.29388907166    0.00620704847013  
    2.30306467764    0.00806017923919  
    2.31227685738    0.00944472359585  
    2.32152605332    0.00761336659576  
    2.33081211742    0.00677234884409  
    2.34013534778    0.00670104823049  
    2.34949589586     0.0076243148795  
     2.3588939144    0.00781823430917  
    2.36832940228    0.00551692650857  
    2.37780282395    0.00657937828021  
    2.38731402457    0.00757195649156  
    2.39686315846    0.00512546278097  
    2.40645070173    0.00627606296265  
    2.41607649617    0.00884176638453  
    2.42574070034    0.00608608874244  
    2.43544380238    0.00506423851869  
    2.44518547545    0.00543897944947  
    2.45496621204    0.00768641565418  
    2.46478618067     0.0072119206014  
    2.47464521268    0.00650120797207  
    2.48454381326    0.00684407142048  
    2.49448198371     0.0056947864416  
    2.50445989506    0.00584711422152  
       2.51447772    0.00396437751811  
    2.52453563299    0.00416404063331  
    2.53463381022    0.00465859274111  
    2.54477242968    0.00479561151152  
    2.55495149062    0.00393938260682  
    2.56517135243    0.00356635870026  
    2.57543201517     0.0042208346305  
    2.58573365996    0.00417799928219  
    2.59607665626    0.00340250817986  
    2.60646100556     0.0042711630814  
    2.61688670542     0.0048562538525  
    2.62735432224    0.00396557623716  
    2.63786366667    0.00339637778667  
    2.64841512134     0.0039727574112  
    2.65900888157    0.00272740520648  
    2.66964494773    0.00405936578074  
    2.68032351485    0.00442159415989  
    2.69104478018    0.00366747823305  
    2.70180894321    0.00418868941765  
    2.71261620574    0.00397676165367  
    2.72346656674    0.00412889273841  
    2.73436043466    0.00301690571776  
    2.74529801844    0.00332425129218  
     2.7562791092    0.00376531862842  
    2.76730433452    0.00389540750665  
    2.77837348379    0.00318475601704  
    2.78948698116    0.00339623148619  
    2.80064482621     0.0049500157035  
     2.8118474517     0.0028291950075  
    2.82309485907    0.00226435983105  
    2.83438726773    0.00170217196547  
    2.84572489981    0.00247065914561  
    2.85710775442    0.00323117530255  
    2.86853605393     0.0034643819649  
      2.880010253    0.00298401516881  
    2.89153035391    0.00262127319657  
    2.90309635457    0.00253130133705  
    2.91470895348    0.00340077445906  
    2.92636768263    0.00273008997466  
    2.93807324851    0.00323525011498  
    2.94982541299    0.00295502576522  
    2.96162465374    0.00384251449949  
    2.97347121472    0.00403796552832  
    2.98536509663    0.00442758072151  
    2.99730654414    0.00144823351364  
    3.00929580525    0.00321937783932  
    3.02133287881    0.00131532194553  
    3.03341826813    0.00231243638997  
    3.04555197494    0.00314006635176  
    3.05773425498    0.00188357091224  
    3.06996510682    0.00255810558598  
    3.08224504996    0.00254054055564  
    3.09457408611      0.002792478892  
    3.10695221222    0.00162558142301  
    3.11937995887    0.00216088507944  
    3.13185759762    0.00291913631826  
    3.14438513044    0.00206630706948  
    3.15696255453    0.00175583186396  
    3.16959041803    0.00226680947677  
    3.18226872167    0.00102125900479  
    3.19499774367    0.00160663245214  
     3.2077777664    0.00137048220336  
    3.22060907639    0.00113443194781  
    3.23349138593    0.00186028563746  
    3.24642526784    0.00231545902175  
    3.25941101458     0.0010798361652  
    3.27244862677    0.00204936269537  
    3.28553839867    0.00064234197535  
    3.29868062902    0.00122913558677  
    3.31187531768    0.00176194624408  
    3.32512276534    0.00243053066436  
    3.33842327728    0.00212474646058  
    3.35177716355    0.00137733325089  
    3.36518411244    0.00180437058746  
    3.37864506026     0.0022369716073  
    3.39215937671    0.00128989865111  
    3.40572801038    0.00249406146992  
    3.41935096495    0.00108748451802  
    3.43302856495    0.00195714343953  
     3.4467604828    0.00201914807098  
    3.46054770028    0.00131773305419  
    3.47438988975   0.000772963413701  
    3.48828738091    0.00159238637692  
    3.50224050881   0.000966636298246  
    3.51624961393    0.00158540825805  
    3.53031435276    0.00118260086436  
    3.54443575556    0.00163136990908  
    3.55861347905   0.000550994551592  
    3.57284786965    0.00133624811457  
    3.58713927957   0.000603983828256  
    3.60148770802    0.00123305122075  
    3.61589387213    0.00126738811437  
    3.63035741275    0.00100978376164  
    3.64487868866    0.00139275140678  
    3.65945843514   0.000754203765663  
    3.67409628525    0.00154353572526  
     3.6887926074   0.000984914675009  
    3.70354777632    0.00151839056762  
    3.71836179065   0.000611337767716  
    3.73323541447   0.000670336665706  
    3.74816826477   0.000799379283881  
    3.76316111576   0.000704488963677  
    3.77821357615   0.000759866608491  
    3.79332643045   0.000254819158639  
    3.80849968022   0.000377378971895  
    3.82373372567   0.000678932297939  
    3.83902856636    0.00145302063004  
    3.85438501793    0.00102442438282  
    3.86980225926   0.000576756834902  
    3.88528152486   0.000660604381288  
    3.90082282035   0.000223631807978  
    3.91642614544    0.00133898283269  
     3.9320919216   0.000336128976579  
    3.94782014671   0.000649112288309  
    3.96361124722   0.000208266705424  
     3.9794656573   0.000325590521528  
    3.99538381902    0.00122526953759  
    4.01136529223   0.000691949881257  
    4.02741051384   0.000101877301357  
    4.04352038115   0.000663748848687  
    4.05969444633    0.00052996906212  
    4.07593316003   0.000582845118933  
    4.09223698126    0.00035143419428  
    4.10860591058   0.000204572808824  
    4.12504041299   0.000647323234277  
    4.14154048768   0.000596032852642  
    4.15810660581    0.00036946963696  
    4.17473924737    0.00109729666417  
     4.1914379294   0.000587884538428  
    4.20820361671    0.00064139597033  
    4.22503631116   0.000443634611207  
    4.24193650599   0.000419923447024  
    4.25890420203   0.000121531033891  
    4.27593989945   0.000454824173217  
    4.29304359811   0.000800553129602  
    4.31021606223   0.000539726269557  
    4.32745677891   0.000719655406043  
    4.34476677871   0.000769959360975  
    4.36214580283                 0.0  
    4.37959437336                 0.0  
    4.39711275511   0.000390842686805  
    4.41470121473   0.000756686891897  
    4.43236002067                 0.0  
    4.45008944329    0.00020073738299  
    4.46788975486   0.000280405085326  
     4.4857612296   0.000501704832269  
     4.5037044243   0.000356961547744  
    4.52171905834   0.000110783010171  
    4.53980597546   0.000289367227917  
    4.55796517761                 0.0  
    4.57619723913                 0.0  
    4.59450186987     0.0006900260849  
    4.61287994068   0.000574445898548  
    4.63133145335   9.81947981783e-05  
    4.64985670171   0.000115977607681  
    4.66845628346   0.000546918173755  
    4.68712989672   0.000489850474131  
    4.70587844804                 0.0  
    4.72470193969                 0.0  
    4.74360098925                 0.0  
    4.76257528571                 0.0  
    4.78162544951   0.000292663991146  
    4.80075211388   0.000432991786153  
    4.81995496102   0.000465711923079  
    4.83923495122   0.000284021186493  
    4.85859176224   0.000390280625043  
    4.87802637057   0.000349715485692  
    4.89753844961   0.000161320533545  
     4.9171283236   0.000170379370328  
    4.93679699404   0.000765260000152  
    4.95654412786   9.11821969204e-05  
    4.97637040127                 0.0  
    4.99627581409   0.000101300925365  
    5.01626105463   0.000231731839143  
    5.03632612401                 0.0  
    5.05647136933   0.000654360161113  
    5.07669714118   0.000790430283601  
    5.09700379373   0.000300719972691  
    5.11739204703   0.000115259942137  
    5.13786154103   0.000936223725317  
    5.15841300039                 0.0  
    5.17904679429   0.000661568688635  
    5.19976292187   0.000379058065153  
    5.22056175127   0.000152956143412  
    5.24144403461                 0.0  
    5.26240977412     0.0017989324078  
    5.28345973627   8.87855837379e-05  
    5.30459353645   0.000587648839969  
    5.32581194655   0.000452401860285  
    5.34711496429   0.000201100018208  
     5.3685033765   0.000469391912101  
    5.38997758533   0.000562170209606  
     5.4115375925   0.000263315447617  
    5.43318339149   0.000438965429128  
    5.45491620212                 0.0  
    5.47673603057   0.000628059178194  
    5.49864287472    0.00103016643038  
    5.52063756715    0.00055707876222  
    5.54272010896   0.000605215334411  
    5.56489092113   0.000489108763882  
    5.58715042976                 0.0  
    5.60949906616   0.000508258274694  
    5.63193726694    0.00175808852351  
    5.65446458961   0.000475532698211  
    5.67708279786   0.000445991659136  
    5.69979100731   0.000139461779307  
    5.72259010817   0.000373975761424  
    5.74548055411    0.00099556609823  
    5.76846234429   0.000829920394175  
      5.791536397                 0.0  
    5.81470224819   0.000208171151315  
    5.83796129572    0.00138565798606  
    5.86131307274   0.000736030941261  
    5.88475852542   0.000856880404239  
    5.90829717285   0.000220796684822  
    5.93193045656    0.00053874751481  
    5.95565838363   0.000486887972906  
    5.97948095214   0.000688452283348  
    6.00339864953   0.000244253601057  
    6.02741247236    0.00024545183718  
    6.05152192044   0.000480982136867  
    6.07572799998   0.000500087239357  
    6.10003122573                 0.0  
    6.12443108191   0.000636085523842  
    6.14892911878   0.000715482642776  
    6.17352481846   0.000593335323194  
    6.19821869966    0.00015086014923  
    6.22301182415   0.000685515490973  
    6.24790365848   0.000241653493633  
    6.27289527528                 0.0  
    6.29798667496   0.000199209024219  
    6.32317895437   0.000204592802925  
    6.34847156357                 0.0  
    6.37386561103   0.000723120226065  
    6.39936109829                 0.0  
    6.42495858819   0.000319462917267  
    6.45065807628   0.000225398949946  
    6.47646070858   0.000149745222692  
    6.50236648851    0.00020308390069  
    6.52837599909   0.000443201790775  
    6.55448983217                 0.0  
    6.58070739056                 0.0  
     6.6070304631   0.000667740486201  
    6.63345845158                 0.0  
    6.65999256893                 0.0  
    6.68663220164     0.0012019690097  
    6.71337857646                 0.0  
     6.7402323211    0.00131878686709  
    6.76719343966   0.000176646446965  
    6.79426192596    0.00104807276877  
    6.82143905059   0.000194294969775  
    6.84872481713   0.000869039172825  
    6.87611987273   0.000159736213439  
    6.90362421565   0.000973032743983  
    6.93123849806                 0.0  
    6.95896338267   0.000222702964799  
    6.98679954287                 0.0  
    7.01474698239    0.00189835449346  
    7.04280569424    0.00100817648799  
    7.07097704376   0.000301141603872  
    7.09926103526    0.00114655360011  
    7.12765766225   0.000395666978597  
    7.15616832394   0.000983514372783  
    7.18479302568   0.000177191224654  
    7.21353248167     0.0003217905563  
    7.24238669254    0.00151019755471  
    7.27135637916   0.000269692047275  
    7.30044153741    0.00181416175048  
    7.32964289499    0.00070956072843  
    7.35896194108    0.00073388316137  
    7.38839793625   0.000354076326085  
    7.41795162807   0.000600698257067  
     7.4476230097   0.000247261441569  
    7.47741360958   0.000389412238922  
    7.50732343484   0.000133007361468  
    7.53735248125   0.000223397171806  
    7.56750152509   0.000188139064153  
     7.5977721547                 0.0  
    7.62816277835                 0.0  
    7.65867579796   0.000199735710377  
    7.68931040992                 0.0  
    7.72006742165                 0.0  
    7.75094765492                 0.0  
    7.78195194613                 0.0  
    7.81307945788                 0.0  
    7.84433186727                 0.0  
    7.87570917764   0.000692999013584  
    7.90721224521                 0.0  
    7.93884106988                 0.0  
    7.97059651818                 0.0  
    8.00247858663   0.000300365871019  
    8.03448815236                 0.0  
    8.06662610855   0.000255668278865  
    8.09889336484   0.000348977308327  
     8.1312881039                 0.0  
    8.16381396885                 0.0  
    8.19646913217                 0.0  
    8.22925450488                 0.0  
    8.26217195928                 0.0  
     8.2952205599                 0.0  
    8.32840124719                 0.0  
    8.36171497933                 0.0  
    8.39516175769                 0.0  
    8.42874255349   0.000709293313343  
    8.46245736585                 0.0  
     8.4963071794                 0.0  
    8.53029299759                 0.0  
    8.56441381387                 0.0  
    8.59867164433                 0.0  
    8.63306597974                 0.0  
    8.66759835958                 0.0  
    8.70226878849                 0.0  
    8.73707778582                 0.0  
    8.77202587434                 0.0  
    8.80711411676                 0.0  
    8.84234251506                 0.0  
    8.87771214789                 0.0  
    8.91322301618                 0.0  
    8.94887566111                 0.0  
    8.98467118599                 0.0  
    9.02061015324                 0.0  
    9.05669256222                 0.0  
    9.09291897023                 0.0  
    9.12929109163                 0.0  
    9.16580777681                 0.0  
    9.20247133927                 0.0  
     9.2392812011                 0.0  
    9.27623794181                 0.0  
    9.31334334528                 0.0  
    9.35059681985                 0.0  
    9.38799895942                 0.0  
    9.42555097729                 0.0  
    9.46325287276   0.000205313751169  
    9.50110587927                 0.0  
    9.53911062623                 0.0  
    9.57726711423                 0.0  
    9.61557596868                 0.0  
    9.65403846516                 0.0  
    9.69265460608                 0.0  
    9.73142503402                 0.0  
    9.77035105768                 0.0  
    9.80943201648                 0.0  
    9.84866989689                 0.0  
    9.88806470579                 0.0  
    9.92761711669                 0.0  
    9.96732712253                 0.0  
    10.0071967787                 0.0  
    10.0472253989                 0.0  
    10.0874143706                 0.0  
