      wave_micron            flux_mjy  
  0.0154221819325                 0.0  
  0.0154783455809                 0.0  
   0.015540258413                 0.0  
  0.0156024189732                 0.0  
  0.0156648289627                 0.0  
  0.0157274883885                 0.0  
  0.0157903989725                 0.0  
   0.015853560715                 0.0  
  0.0159169753591                 0.0  
  0.0159806428986                 0.0  
  0.0160445650983                 0.0  
  0.0161087437552                 0.0  
  0.0161731788756                 0.0  
   0.016237870441                 0.0  
  0.0163028221147                 0.0  
  0.0163680339168                 0.0  
  0.0164335058424                 0.0  
  0.0164992397599                 0.0  
  0.0165652375728                 0.0  
  0.0166314973626                 0.0  
   0.016698022957                 0.0  
  0.0167648163217                 0.0  
  0.0168318755082                 0.0  
  0.0168992024628                 0.0  
  0.0169667991687                 0.0  
  0.0170346676472                 0.0  
  0.0171028048591                 0.0  
  0.0171712168936                 0.0  
  0.0172399017199                 0.0  
  0.0173088613934                 0.0  
  0.0173780969564                 0.0  
  0.0174476083969                 0.0  
  0.0175173988859                 0.0  
  0.0175874684342                 0.0  
  0.0176578192002                 0.0  
  0.0177284500972                 0.0  
  0.0177993632902                 0.0  
  0.0178705609874                 0.0  
  0.0179420431955                 0.0  
  0.0180138121572                 0.0  
  0.0180858667379                 0.0  
  0.0181582103376                 0.0  
   0.018230842962                 0.0  
  0.0183037669249                 0.0  
  0.0183769822319                 0.0  
  0.0184504900473                 0.0  
  0.0185242915451                 0.0  
  0.0185983891149                 0.0  
  0.0186727827634                 0.0  
  0.0187474736943                 0.0  
  0.0188224631215                 0.0  
  0.0188977535148                 0.0  
  0.0189733436286                 0.0  
  0.0190492372098                 0.0  
  0.0191254342705                 0.0  
  0.0192019360793                 0.0  
  0.0192787439165                 0.0  
  0.0193558590743                 0.0  
  0.0194332828569                 0.0  
  0.0195110152532                 0.0  
  0.0195890602365                 0.0  
  0.0196674164828                 0.0  
  0.0197460853146                 0.0  
  0.0198250694374                 0.0  
  0.0199043702325                 0.0  
  0.0199839877024                 0.0  
  0.0200639232226                 0.0  
  0.0201441795976                 0.0  
  0.0202247554125                 0.0  
  0.0203056549267                 0.0  
  0.0203868781584                 0.0  
  0.0204684250949                 0.0  
  0.0205502986369                 0.0  
  0.0206325002631                 0.0  
  0.0207150299721                 0.0  
  0.0207978907469                 0.0  
  0.0208810810743                 0.0  
  0.0209646054901                 0.0  
  0.0210484640106                 0.0  
  0.0211326581768                 0.0  
  0.0212171895475                 0.0  
  0.0213020581165                 0.0  
  0.0213872654403                 0.0  
  0.0214728147007                 0.0  
  0.0215587059078                 0.0  
  0.0216449406729                 0.0  
  0.0217315206258                 0.0  
  0.0218184474159                 0.0  
  0.0219057210389                 0.0  
  0.0219933431436                 0.0  
  0.0220813170987                 0.0  
  0.0221696429202                 0.0  
  0.0222583205902                 0.0  
  0.0223473535396                 0.0  
  0.0224367435202                 0.0  
  0.0225264905366                 0.0  
  0.0226165963424                 0.0  
  0.0227070627134                 0.0  
   0.022797891448                 0.0  
  0.0228890825408                 0.0  
  0.0229806396339                 0.0  
  0.0230725608835                 0.0  
  0.0231648518352                 0.0  
  0.0232575106339                 0.0  
  0.0233505410324                 0.0  
  0.0234439430362                 0.0  
  0.0235377185467                 0.0  
  0.0236318694907                 0.0  
  0.0237263978211                 0.0  
  0.0238213035385                 0.0  
  0.0239165886016                 0.0  
  0.0240122549961                 0.0  
  0.0241083027081                 0.0  
  0.0242047378153                 0.0  
  0.0243015562579                 0.0  
  0.0243987621108                 0.0  
   0.024496357451                 0.0  
  0.0245943422758                 0.0  
  0.0246927207968                 0.0  
  0.0247914908945                 0.0  
  0.0248906568236                 0.0  
  0.0249902185834                 0.0  
  0.0250901805246                 0.0  
  0.0251905404622                 0.0  
  0.0252913027928                 0.0  
  0.0253924675203                 0.0  
   0.025494039142                 0.0  
  0.0255960154078                 0.0  
  0.0256983985612                 0.0  
  0.0258011932004                 0.0  
  0.0259043970131                 0.0  
  0.0260080146481                 0.0  
    0.02611204611                 0.0  
  0.0262164937597                 0.0  
  0.0263213599946                 0.0  
  0.0264266472488                 0.0  
  0.0265323530848                 0.0  
   0.026638482369                 0.0  
  0.0267450350961                 0.0  
  0.0268520162481                 0.0  
  0.0269594233237                 0.0  
   0.027067261363                 0.0  
  0.0271755303777                 0.0  
  0.0272842329335                 0.0  
  0.0273933690209                 0.0  
   0.027502943863                 0.0  
  0.0276129548334                 0.0  
  0.0277234072187                 0.0  
  0.0278343010305                 0.0  
  0.0279456389615                 0.0  
  0.0280574210034                 0.0  
  0.0281696498716                 0.0  
  0.0282823283267                 0.0  
  0.0283954591745                 0.0  
  0.0285090395999                 0.0  
  0.0286230752233                 0.0  
  0.0287375689239                 0.0  
  0.0288525178234                 0.0  
  0.0289679276849                 0.0  
  0.0290838014637                 0.0  
  0.0292001362195                 0.0  
  0.0293169348659                 0.0  
  0.0294342033877                 0.0  
  0.0295519418269                 0.0  
  0.0296701471117                 0.0  
  0.0297888284028                 0.0  
  0.0299079857543                 0.0  
  0.0300276160314                 0.0  
  0.0301477254602                 0.0  
  0.0302683172275                 0.0  
  0.0303893913559                 0.0  
  0.0305109478221                 0.0  
  0.0306329930995                 0.0  
  0.0307555239287                 0.0  
  0.0308785468721                 0.0  
  0.0310020619542                 0.0  
  0.0311260691522                 0.0  
  0.0312505718008                 0.0  
  0.0313755767274                 0.0  
  0.0315010770906                 0.0  
  0.0316270832193                 0.0  
  0.0317535916642                 0.0  
  0.0318806059038                 0.0  
  0.0320081259079                 0.0  
  0.0321361587989                 0.0  
  0.0322647046199                 0.0  
  0.0323937633655                 0.0  
  0.0325233386688                 0.0  
  0.0326534305126                 0.0  
   0.032784046325                 0.0  
  0.0329151823899                 0.0  
  0.0330468424368                 0.0  
  0.0331790302653                 0.0  
  0.0333117458776                 0.0  
  0.0334449931253                 0.0  
  0.0335787720014                 0.0  
  0.0337130864104                 0.0  
  0.0338479403317                 0.0  
  0.0339833297668                 0.0  
   0.034119266773                 0.0  
    0.03425574124                 0.0  
  0.0343927653635                 0.0  
  0.0345303371289                 0.0  
  0.0346684564989                 0.0  
  0.0348071318312                 0.0  
  0.0349463589249                 0.0  
  0.0350861462674                 0.0  
  0.0352264895855                 0.0  
  0.0353673953179                 0.0  
  0.0355088656611                 0.0  
  0.0356509006117                 0.0  
   0.035793504579                 0.0  
  0.0359366775568                 0.0  
  0.0360804262925                 0.0  
  0.0362247462568                 0.0  
  0.0363696465556                 0.0  
  0.0365151249103                 0.0  
  0.0366611859421                 0.0  
  0.0368078296413                 0.0  
  0.0369550607037                 0.0  
  0.0371028815203                 0.0  
  0.0372512920825                 0.0  
  0.0374002972022                 0.0  
  0.0375498993313                 0.0  
  0.0377000984646                 0.0  
  0.0378508995351                 0.0  
  0.0380023025414                 0.0  
  0.0381543124999                 0.0  
  0.0383069294135                 0.0  
  0.0384601558058                 0.0  
  0.0386139968225                 0.0  
  0.0387684524758                 0.0  
   0.038923528001                 0.0  
  0.0390792207552                 0.0  
  0.0392355386861                 0.0  
  0.0393924818217                 0.0  
  0.0395500501301                 0.0  
  0.0397082517653                 0.0  
  0.0398670839996                 0.0  
  0.0400265523356                 0.0  
   0.040186659577                 0.0  
  0.0403474057178                 0.0  
  0.0405087935511                 0.0  
  0.0406708287828                 0.0  
  0.0408335143331                 0.0  
  0.0409968472931                 0.0  
  0.0411608334584                 0.0  
  0.0413254787495                 0.0  
  0.0414907802101                 0.0  
   0.041656743801                 0.0  
  0.0418233695127                 0.0  
  0.0419906634194                 0.0  
  0.0421586255298                 0.0  
   0.042327258912                 0.0  
  0.0424965698167                 0.0  
  0.0426665551097                 0.0  
  0.0428372210879                 0.0  
  0.0430085709616                 0.0  
  0.0431806047274                 0.0  
  0.0433533288696                 0.0  
  0.0435267401058                 0.0  
  0.0437008482999                 0.0  
   0.043875650142                 0.0  
  0.0440511522978                 0.0  
  0.0442273581705                 0.0  
  0.0444042677676                 0.0  
  0.0445818844935                 0.0  
  0.0447602117949                 0.0  
  0.0449392531611                 0.0  
  0.0451190085759                 0.0  
  0.0452994851091                 0.0  
  0.0454806827765                 0.0  
  0.0456626087953                 0.0  
  0.0458452558873                 0.0  
  0.0460286386326                 0.0  
  0.0462127533948                 0.0  
  0.0463976038551                 0.0  
   0.046583193743                 0.0  
   0.046769526837                 0.0  
   0.046956606966                 0.0  
  0.0471444302599                 0.0  
  0.0473330082767                 0.0  
  0.0475223410627                 0.0  
  0.0477124325616                 0.0  
  0.0479032787694                 0.0  
  0.0480948956441                 0.0  
  0.0482872751942                 0.0  
  0.0484804213891                 0.0  
  0.0486743423835                 0.0  
  0.0488690423574                 0.0  
  0.0490645171557                 0.0  
  0.0492607751063                 0.0  
  0.0494578204664                 0.0  
  0.0496556489567                 0.0  
   0.049854273417                 0.0  
  0.0500536895535                 0.0  
  0.0502539060659                 0.0  
  0.0504549185427                 0.0  
  0.0506567402489                 0.0  
  0.0508593667607                 0.0  
  0.0510628025253                 0.0  
  0.0512670566381                 0.0  
  0.0514721245518                 0.0  
  0.0516780108055                 0.0  
  0.0518847246999                 0.0  
   0.052092261563                 0.0  
  0.0523006307993                 0.0  
  0.0525098324223                 0.0  
  0.0527198760571                 0.0  
  0.0529307520196                 0.0  
  0.0531424748511                 0.0  
  0.0533550445924                 0.0  
  0.0535684662058                 0.0  
  0.0537827396889                 0.0  
  0.0539978700401                 0.0  
  0.0542138623369                 0.0  
  0.0544307165721                 0.0  
  0.0546484430685                 0.0  
  0.0548670366526                 0.0  
  0.0550865024807                 0.0  
  0.0553068511252                 0.0  
  0.0555280772875                 0.0  
  0.0557501916691                 0.0  
  0.0559731888451                 0.0  
  0.0561970851542                 0.0  
  0.0564218696252                 0.0  
    0.05664755882                 0.0  
  0.0568741471904                 0.0  
   0.057101645976                 0.0  
  0.0573300495008                 0.0  
  0.0575593691465                 0.0  
  0.0577896107521                 0.0  
   0.058020768517                 0.0  
   0.058252848197                 0.0  
  0.0584858616093                 0.0  
  0.0587198028284                 0.0  
  0.0589546838262                 0.0  
  0.0591905046543                 0.0  
  0.0594272652747                 0.0  
  0.0596649717642                 0.0  
  0.0599036365615                 0.0  
  0.0601432471883                 0.0  
  0.0603838224564                 0.0  
  0.0606253560613                 0.0  
  0.0608678607795                 0.0  
  0.0611113301733                 0.0  
  0.0613557771937                 0.0  
  0.0616012018839                 0.0  
  0.0618476041939                 0.0  
  0.0620949907005                 0.0  
  0.0623433748748                 0.0  
  0.0625927500343                 0.0  
  0.0628431160694                 0.0  
  0.0630944935939                 0.0  
  0.0633468688088                 0.0  
  0.0636002555816                 0.0  
  0.0638546539134                 0.0  
   0.064110078039                 0.0  
  0.0643665136604                 0.0  
  0.0646239823258                 0.0  
  0.0648824768223                 0.0  
  0.0651420117993                 0.0  
  0.0654025799059                 0.0  
  0.0656641884884                 0.0  
  0.0659268450311                 0.0  
  0.0661905495202                 0.0  
  0.0664553095403                 0.0  
  0.0667211328193                 0.0  
  0.0669880194077                 0.0  
  0.0672559692546                 0.0  
   0.067524998104                 0.0  
  0.0677950980645                 0.0  
  0.0680662770408                 0.0  
  0.0683385430896                 0.0  
  0.0686118962156                 0.0  
   0.068886340455                 0.0  
   0.069161888209                 0.0  
  0.0694385353599                 0.0  
   0.069716290261                 0.0  
  0.0699951528868                 0.0  
  0.0702751360196                 0.0  
   0.070556235388                 0.0  
  0.0708384595976                 0.0  
  0.0711218130144                 0.0  
  0.0714063000362                 0.0  
  0.0716919250936                 0.0  
    0.07197869265                 0.0  
  0.0722666072029                 0.0  
  0.0725556732844                 0.0  
  0.0728459000873                 0.0  
  0.0731372830003                 0.0  
  0.0734298312522                 0.0  
  0.0737235495201                 0.0  
  0.0740184425194                 0.0  
  0.0743145198186                 0.0  
  0.0746117766219                 0.0  
  0.0749102225396                 0.0  
  0.0752098624475                 0.0  
  0.0755107012636                 0.0  
  0.0758127489591                 0.0  
  0.0761159955082                 0.0  
  0.0764204609911                 0.0  
  0.0767261454929                 0.0  
  0.0770330489826                 0.0  
  0.0773411817395                 0.0  
  0.0776505437441                 0.0  
  0.0779611454547                 0.0  
  0.0782729922069                 0.0  
  0.0785860840041                 0.0  
  0.0789004261565                 0.0  
  0.0792160294956                 0.0  
   0.079532894053                 0.0  
   0.079851025297                 0.0  
  0.0801704287509                 0.0  
  0.0804911099934                 0.0  
  0.0808130746602                 0.0  
  0.0811363284449                 0.0  
  0.0814608713158                 0.0  
  0.0817867147778                 0.0  
  0.0821138647046                 0.0  
  0.0824423211076                 0.0  
  0.0827720898447                 0.0  
   0.083103176837                 0.0  
  0.0834355880695                 0.0  
  0.0837693295932                 0.0  
  0.0841044075257                 0.0  
  0.0844408280531                 0.0  
  0.0847785911656                 0.0  
  0.0851177030393                 0.0  
  0.0854581762863                 0.0  
  0.0858000109601                 0.0  
  0.0861432069836                 0.0  
  0.0864877837083                 0.0  
   0.086833734686                 0.0  
   0.087181066378                 0.0  
  0.0875297920005                 0.0  
  0.0878799115976                 0.0  
  0.0882314318658                 0.0  
  0.0885843527423                 0.0  
  0.0889386947135                 0.0  
  0.0892944509877                 0.0  
  0.0896516284288                 0.0  
  0.0900102339858                 0.0  
  0.0903702746949                 0.0  
  0.0907317505044                 0.0  
  0.0910946829245                 0.0  
  0.0914590575601                 0.0  
  0.0918248961623                 0.0  
  0.0921921988168                 0.0  
  0.0925609654697                 0.0  
  0.0929312109813                 0.0  
  0.0933029353717                 0.0  
  0.0936761461684                 0.0  
  0.0940508509988                 0.0  
  0.0944270498198                 0.0  
  0.0948047581127                 0.0  
  0.0951839838158                 0.0  
  0.0955647190532                 0.0  
  0.0959469715991                 0.0  
  0.0963307655121                 0.0  
  0.0967160847083                 0.0  
  0.0971029535334                 0.0  
  0.0974913638291                 0.0  
  0.0978813237277                 0.0  
  0.0982728498947                 0.0  
    0.09866594241                 0.0  
   0.099060609758                 0.0  
  0.0994568519222                 0.0  
  0.0998546774253                 0.0  
   0.100254094913                 0.0  
   0.100655113158                 0.0  
   0.101057732156                 0.0  
   0.101461960725                 0.0  
   0.101867807811                 0.0  
   0.102275282494                 0.0  
   0.102684384796                 0.0  
   0.103095123848                 0.0  
   0.103507499581                 0.0  
   0.103921530592                 0.0  
   0.104337216941                 0.0  
   0.104754568095                 0.0  
   0.105173584024                 0.0  
   0.105594283976                 0.0  
   0.106016658262                 0.0  
   0.106440726351                 0.0  
   0.106866488265                 0.0  
   0.107293953898                 0.0  
     0.1077231333                 0.0  
   0.108154016287                 0.0  
   0.108586633294                 0.0  
   0.109020984491                 0.0  
   0.109457069886                 0.0  
   0.109894899843                 0.0  
   0.110334474284                 0.0  
   0.110775814355                 0.0  
   0.111218920147                 0.0  
   0.111663791584                 0.0  
   0.112110450329                 0.0  
   0.112558885443                 0.0  
   0.113009129988                 0.0  
   0.113461161814                 0.0  
   0.113915003126                 0.0  
   0.114370665274                 0.0  
   0.114828148301                 0.0  
   0.115287463664                 0.0  
   0.115748611332                 0.0  
   0.116211602869                 0.0  
   0.116676450037                 0.0  
   0.117143152835                 0.0  
   0.117611735198                 0.0  
   0.118082173035                 0.0  
   0.118554502557                 0.0  
   0.119028723913                 0.0  
   0.119504837073                 0.0  
   0.119982854371                 0.0  
   0.120462788359                 0.0  
   0.120944639055                 0.0  
   0.121428419148                 0.0  
   0.121914128591                 0.0  
   0.122401793275                 0.0  
   0.122891400238                 0.0  
   0.123382962455                 0.0  
   0.123876493133                 0.0  
   0.124372005713                 0.0  
   0.124869486696                 0.0  
    0.12536896306                 0.0  
   0.125870448651                 0.0  
   0.126373929725                 0.0  
   0.126879419965                 0.0  
   0.127386933305                 0.0  
   0.127896483936                 0.0  
   0.128408071933                 0.0  
   0.128921697178                 0.0  
   0.129437388564                 0.0  
   0.129955146271                 0.0  
   0.130474955445                 0.0  
   0.130996860392                 0.0  
   0.131520846332                 0.0  
   0.132046928203                 0.0  
   0.132575121227                 0.0  
   0.133105425465                 0.0  
   0.133637840778                 0.0  
   0.134172398206                 0.0  
   0.134709082127                 0.0  
   0.135247924046                 0.0  
   0.135788908058                 0.0  
   0.136332066143                 0.0  
   0.136877390275                 0.0  
   0.137424904887                 0.0  
   0.137974601796                 0.0  
   0.138526497437                 0.0  
   0.139080608566                 0.0  
   0.139636926768                 0.0  
    0.14019547741                 0.0  
   0.140756260558                 0.0  
   0.141319284768                 0.0  
   0.141884558656                 0.0  
   0.142452099745                 0.0  
   0.143021908073                 0.0  
   0.143593992447                 0.0  
   0.144168370799                 0.0  
   0.144745043155                 0.0  
   0.145324027728                 0.0  
   0.145905324541                 0.0  
   0.146488942746                 0.0  
   0.147074900997                 0.0  
   0.147663199313                 0.0  
   0.148253847072                 0.0  
   0.148846863384                 0.0  
   0.149442258012                 0.0  
    0.15004002118                 0.0  
   0.150640182132                 0.0  
   0.151242740914                 0.0  
   0.151847717443                 0.0  
   0.152455101654                 0.0  
   0.153064923769                 0.0  
   0.153677183874                 0.0  
   0.154291892196                 0.0  
   0.154909059057                 0.0  
   0.155528694873                 0.0  
    0.15615081016                 0.0  
   0.156775415535                 0.0  
   0.157402521715                 0.0  
   0.158032128636                 0.0  
   0.158664257937                 0.0  
   0.159298909593                 0.0  
   0.159936105631                 0.0  
   0.160575857307                 0.0  
   0.161218153334                 0.0  
   0.161863027494                 0.0  
    0.16251047988                 0.0  
   0.163160521938                 0.0  
   0.163813165237                 0.0  
   0.164468421468                 0.0  
   0.165126290561                 0.0  
   0.165786796153                 0.0  
   0.166449938238                 0.0  
     0.1671157409                 0.0  
   0.167784204206                 0.0  
   0.168455340333                 0.0  
   0.169129161595                 0.0  
   0.169805680445                 0.0  
   0.170484909475                 0.0  
   0.171166848655                 0.0  
   0.171851510563                 0.0  
   0.172538920896                 0.0  
   0.173229066678                 0.0  
    0.17392198699                 0.0  
   0.174617682033                 0.0  
   0.175316151747                 0.0  
   0.176017409306                 0.0  
   0.176721481655                 0.0  
   0.177428368893                 0.0  
   0.178138084683                 0.0  
   0.178850628912                 0.0  
   0.179566043354                 0.0  
   0.180284300021                 0.0  
   0.181005441147                 0.0  
   0.181729466868                 0.0  
   0.182456377047                 0.0  
   0.183186200516                 0.0  
   0.183918952014                 0.0  
    0.18465461675                 0.0  
   0.185393239096                 0.0  
   0.186134819272                 0.0  
   0.186879357215                 0.0  
    0.18762686792                 0.0  
   0.188377382046                 0.0  
   0.189130884183                 0.0  
   0.189887405278                 0.0  
   0.190646961147                 0.0  
   0.191409551855                 0.0  
   0.192175193269                 0.0  
    0.19294388525                 0.0  
   0.193715660074                 0.0  
   0.194490534275                 0.0  
    0.19526849138                 0.0  
   0.196049564345                 0.0  
   0.196833753116                 0.0  
   0.197621091384                 0.0  
   0.198411579304                 0.0  
   0.199205234028                 0.0  
    0.20000205552                 0.0  
   0.200802061011                 0.0  
   0.201605267985                 0.0  
   0.202411694179                 0.0  
   0.203221339593                 0.0  
    0.20403422206                 0.0  
   0.204850359677                 0.0  
   0.205669752375                 0.0  
   0.206492436937                 0.0  
   0.207318413552                 0.0  
    0.20814768209                 0.0  
   0.208980261139                 0.0  
   0.209816188758                 0.0  
   0.210655445884                 0.0  
   0.211498071008                 0.0  
   0.212344064232                 0.0  
   0.213193445145                 0.0  
   0.214046213675                 0.0  
   0.214902409677                 0.0  
   0.215762013091                 0.0  
    0.21662506424                 0.0  
   0.217491563183                 0.0  
   0.218361530429                 0.0  
   0.219234965867                 0.0  
   0.220111911284                 0.0  
     0.2209923669                 0.0  
   0.221876332607                 0.0  
   0.222763829578                 0.0  
    0.22365490114                 0.0  
   0.224549503758                 0.0  
   0.225447702921                 0.0  
   0.226349498892                 0.0  
   0.227254891597                 0.0  
   0.228163925989                 0.0  
   0.229076579506                 0.0  
   0.229992874618                 0.0  
   0.230912857412                 0.0  
   0.231836504828                 0.0  
   0.232763839934                 0.0  
   0.233694909994                 0.0  
    0.23462969145                 0.0  
   0.235568207999                 0.0  
   0.236510483745                 0.0  
   0.237456518631                 0.0  
   0.238406337007                 0.0  
   0.239359963648                 0.0  
   0.240317398589                 0.0  
   0.241278666869                 0.0  
   0.242243793968                 0.0  
   0.243212780032                 0.0  
   0.244185624836                 0.0  
   0.245162353976                 0.0  
    0.24614301991                 0.0  
   0.247127569931                 0.0  
   0.248116083417                 0.0  
    0.24910856079                 0.0  
   0.250105002093                 0.0  
   0.251105406992                 0.0  
   0.252109830165                 0.0  
   0.253118271822                 0.0  
   0.254130759937                 0.0  
   0.255147266246                 0.0  
   0.256167846992                 0.0  
   0.257192531015                 0.0  
   0.258221289561                 0.0  
   0.259254180438                 0.0  
   0.260291203866                 0.0  
   0.261332359668                 0.0  
   0.262377707278                 0.0  
   0.263427216902                 0.0  
    0.26448091836                 0.0  
   0.265538842033                 0.0  
   0.266600987898                 0.0  
   0.267667386749                 0.0  
   0.268738069965                 0.0  
   0.269813006064                 0.0  
   0.270892258088                 0.0  
   0.271975826221                 0.0  
   0.273063742733                 0.0  
   0.274156007754                 0.0  
   0.275252620997                 0.0  
    0.27635363168                 0.0  
   0.277459056633                 0.0  
    0.27856887898                 0.0  
    0.27968316611                 0.0  
   0.280801901239                 0.0  
   0.281925101253                 0.0  
   0.283052800615                 0.0  
   0.284185016866                 0.0  
   0.285321749936                 0.0  
   0.286463035083                 0.0  
    0.28760889024                 0.0  
   0.288759333475                 0.0  
   0.289914364678                 0.0  
   0.291074020225                 0.0  
   0.292238318604                 0.0  
   0.293407278456                 0.0  
   0.294580899659                 0.0  
   0.295759219764                 0.0  
   0.296942257868                 0.0  
   0.298130033227                 0.0  
   0.299322545737                 0.0  
   0.300519834195                 0.0  
   0.301721918353                 0.0  
   0.302928798139                 0.0  
   0.304140513331                 0.0  
   0.305357084209                 0.0  
    0.30657851075                 0.0  
    0.30780483376                 0.0  
   0.309036053261                 0.0  
   0.310272189784                 0.0  
   0.311513285199                 0.0  
   0.312759339614                 0.0  
   0.314010374147                 0.0  
   0.315266410121                 0.0  
   0.316527469063                 0.0  
   0.317793594723                 0.0  
   0.319064765213                 0.0  
   0.320341024541                 0.0  
   0.321622395105                 0.0  
    0.32290887681                 0.0  
   0.324200514872                 0.0  
   0.325497309296                 0.0  
   0.326799306137                 0.0  
   0.328106505512                 0.0  
   0.329418930686                 0.0  
   0.330736605174                 0.0  
   0.332059552743                 0.0  
   0.333387773198                 0.0  
   0.334721339076                 0.0  
   0.336060226296                 0.0  
   0.337404459096                 0.0  
   0.338754086995                 0.0  
   0.340109084964                 0.0  
   0.341469528289                 0.0  
   0.342835417322                 0.0  
   0.344206751893                 0.0  
    0.34558358336                 0.0  
   0.346965911735                 0.0  
   0.348353789395                 0.0  
   0.349747189896                 0.0  
   0.351146192895                 0.0  
   0.352550771731                 0.0  
   0.353960980257                 0.0  
   0.355376818476                 0.0  
   0.356798313591                 0.0  
   0.358225521107                 0.0  
   0.359658413196                 0.0  
    0.36109704583                 0.0  
   0.362541447593                 0.0  
   0.363991589687                 0.0  
   0.365447558249                 0.0  
   0.366909353625                 0.0  
   0.368377005178                 0.0  
   0.369850512842                 0.0  
   0.371329906034                 0.0  
   0.372815214556                 0.0  
   0.374306499135                 0.0  
   0.375803698768    2.3486523915e-06  
   0.377306936059                 0.0  
    0.37881614935                 0.0  
   0.380331432033                 0.0  
   0.381852752824                 0.0  
   0.383380142906   1.96782151714e-06  
    0.38491366618   1.93992634699e-06  
   0.386453322919                 0.0  
   0.387999145622                 0.0  
   0.389551134167    2.0516178533e-06  
   0.391109354508                 0.0  
   0.392673773317                 0.0  
   0.394244491082                 0.0  
   0.395821440208                 0.0  
   0.397404756821                 0.0  
   0.398994372669                 0.0  
   0.400590356569                 0.0  
   0.402192708445                 0.0  
    0.40380146314                 0.0  
   0.405416691825                 0.0  
   0.407038359024                 0.0  
    0.40866650028                 0.0  
   0.410301151665                 0.0  
   0.411942349788                 0.0  
   0.413590131812                 0.0  
   0.415244497878   4.54022997687e-06  
   0.416905485377   1.85030786472e-06  
   0.418573094084                 0.0  
   0.420247400108                 0.0  
   0.421928364977                 0.0  
   0.423616104768                 0.0  
   0.425310541546                 0.0  
   0.427011792894                 0.0  
   0.428719859375                 0.0  
   0.430434740904                 0.0  
   0.432156477435                 0.0  
   0.433885109556                 0.0  
   0.435620637143                 0.0  
    0.43736310109                 0.0  
   0.439112584969                 0.0  
   0.440869004932                 0.0  
   0.442632487246                 0.0  
   0.444403032456                 0.0  
   0.446180640438   2.71914319954e-06  
   0.447965354113                 0.0  
   0.449757217111   2.21302151448e-06  
   0.451556229337   2.32449758152e-06  
   0.453362479596                 0.0  
   0.455175923398   2.89544804946e-06  
   0.456996605151                 0.0  
   0.458824615881   4.82595957152e-06  
   0.460659910107                 0.0  
   0.462502533404   5.09403865375e-06  
   0.464352579108                 0.0  
    0.46620995338   2.34417835737e-06  
   0.468074797379   5.10230584246e-06  
   0.469947111716   4.97223907987e-06  
   0.471826896298   4.84843155761e-06  
   0.473714199207                 0.0  
   0.475609069359                 0.0  
   0.477511506824   2.56722430136e-06  
   0.479421561033                 0.0  
   0.481339231788   2.90794978156e-06  
   0.483264569046   4.91903943702e-06  
   0.485197623643   2.93120533505e-06  
    0.48713844731   3.17793185784e-06  
    0.48908698843   4.90029935189e-06  
    0.49104335062   5.95285785472e-06  
   0.493007534152   5.89712926382e-06  
   0.494979538549   8.69405186148e-06  
   0.496959470212                 0.0  
   0.498947275454   3.20909073724e-06  
    0.50094306216   3.02540567032e-06  
   0.502946885801   1.42292901405e-05  
   0.504958636151   8.34997351463e-06  
   0.506978478729    5.6149121159e-06  
    0.50900641424   1.17132239205e-05  
   0.511042442618   1.22341271238e-05  
   0.513086620388   2.93008159326e-06  
   0.515138947285   6.02200068667e-06  
   0.517199480546    6.0148332271e-06  
   0.519268278468   9.06829803051e-06  
   0.521345341199   8.60374522762e-06  
   0.523430727797   9.26411884487e-06  
   0.525524498426    9.2011975685e-06  
   0.527626593036   2.15323927467e-05  
   0.529737071145    1.9002586062e-05  
   0.531855993396   5.95122463651e-06  
   0.533983421578                 0.0  
   0.536119356013   2.19692556338e-05  
   0.538263859347    1.2919837002e-05  
   0.540416931774    6.4956066029e-06  
   0.542578572662   1.30099865376e-05  
   0.544748909884   1.00539034876e-05  
   0.546927879032   1.25683141361e-05  
   0.549115609922   1.97060467641e-05  
   0.551312070118   2.92024525573e-05  
   0.553517325448   1.72826252536e-05  
   0.555731375711   1.67952235602e-05  
   0.557954321622   4.71113133855e-05  
   0.560186129508   2.36346455995e-05  
    0.56242686716   3.08972134559e-05  
   0.564676568953   1.42299801118e-05  
   0.566935269508    4.1386984535e-05  
   0.569203038998   7.05706139575e-06  
   0.571479842222   3.43189310927e-05  
   0.573765749586   3.81265098639e-05  
   0.576060832897   1.63114248028e-05  
   0.578365056043   3.44307535474e-05  
   0.580678527832   2.08663554492e-05  
   0.583001248583   3.05880515662e-05  
   0.585333255065   1.64655638764e-05  
   0.587674584337   4.66731071585e-05  
   0.590025273757   3.14676094801e-05  
   0.592385360989   2.82648728967e-05  
    0.59475492255   2.90600088106e-05  
    0.59713391995   4.46200821652e-05  
   0.599522469205   3.25058803438e-05  
   0.601920570721   3.22878381898e-05  
   0.604328223989    5.4375954641e-05  
   0.606745547913   6.66559386772e-05  
   0.609172542992   5.14277380497e-05  
   0.611609208806   5.51916089849e-05  
   0.614055667248   2.90168898393e-05  
   0.616511877542   5.44221014638e-05  
   0.618977921892   7.43672575169e-05  
    0.62145384213   5.50844985118e-05  
   0.623939680483    5.9082498605e-05  
    0.62643543682   4.21069655811e-05  
   0.628941153152   5.34727044267e-05  
   0.631456915341   8.27686265644e-05  
   0.633982767257   8.56019530272e-05  
   0.636518664907   5.75016254167e-05  
   0.639064739921   0.000110828569394  
   0.641621037484   9.79051106764e-05  
   0.644187512807   7.37506899712e-05  
   0.646764255413   9.01904464283e-05  
   0.649351310787     0.0001152274685  
   0.651948724887   0.000103706878914  
   0.654556497467   0.000102774059821  
   0.657174721394   6.40553096997e-05  
   0.659803444093   0.000104013378018  
    0.66244266568   8.35185354716e-05  
   0.665092433462   0.000103577593229  
   0.667752795259   0.000124711625984  
   0.670423799416   9.00240054049e-05  
    0.67310549481    9.6821303288e-05  
   0.675797930866   0.000141648844811  
   0.678501107401   9.56962871595e-05  
   0.681215124321    9.2854847128e-05  
   0.683939981772   0.000148713658498  
   0.686675730236   9.13656204886e-05  
   0.689422420776   0.000143200496627  
   0.692180105052    0.00013990999264  
   0.694948835326   0.000114101389214  
   0.697728664482   0.000107224636038  
   0.700519539089   0.000150045291009  
   0.703321618534    0.00015156790431  
   0.706134903276   0.000158820392013  
   0.708959447472   0.000171763753897  
   0.711795305937   0.000190092692827  
   0.714642478514    0.00017824677659  
   0.717501076141   0.000180336516657  
   0.720371042598   0.000175817912846  
   0.723252546752   0.000212015485705  
   0.726145531988   0.000229524863612  
   0.729050112501   0.000156434251631  
   0.731966346677   0.000175154218733  
   0.734894175957   0.000185356081326  
   0.737833776058   0.000213891048474  
   0.740785088054   0.000207357125402  
   0.743748230808   0.000228567922651  
   0.746723265124   0.000228172313946  
   0.749710130124   0.000229067484342  
   0.752708947032   0.000253574268924  
   0.755719839845   0.000171009410472  
   0.758742684465   0.000271326294354  
   0.761777667799    0.00021915825543  
   0.764824790406   0.000237026931209  
   0.767884051683   0.000235000657345  
   0.770955579374   0.000257768251159  
   0.774039438886    0.00025965810219  
   0.777135564917   0.000251593221982  
    0.78024415422   0.000265132415552  
   0.783365074359   0.000250267549595  
   0.786498591855   0.000308238570121  
   0.789644572959   0.000316409853062  
   0.792803152342    0.00028511535322  
   0.795974329745   0.000241465127694  
   0.799158242868   0.000266511179579  
   0.802354892328   0.000262954330038  
   0.805564277528   0.000321750865364  
   0.808786539182   0.000270242314788  
    0.81202167761   0.000347087592485  
    0.81526976432   0.000328942306499  
   0.818530871882   0.000299618877631  
   0.821805000353   0.000362788560353  
   0.825092222719   0.000376445726148  
   0.828392613059   0.000322218596214  
   0.831706171199   0.000427581008696  
   0.835032971668   0.000424614523262  
   0.838373090129   0.000356112261503  
   0.841726603405   0.000368914583641  
   0.845093511678   0.000459212292222  
   0.848473892288   0.000401744384509  
   0.851867744698   0.000377223141559  
   0.855275226474   0.000420236785825  
   0.858696338263   0.000366364820308  
     0.8621311604   0.000391174729781  
   0.865579692848   0.000461603169648  
   0.869042016538   0.000460131547123  
   0.872518130734   0.000420876710539  
   0.876008200591   0.000428755827383  
   0.879512226677   0.000501191880858  
   0.883030293186   0.000450977266136  
   0.886562400028   0.000470607802401  
   0.890108632087   0.000414664730887  
   0.893669075629   0.000459966473476  
   0.897243818335   0.000463602531227  
   0.900832772471   0.000413763229798  
   0.904436113504   0.000602213606394  
   0.908053841492   0.000575514914878  
   0.911686045672   0.000520397448703  
    0.91533281677   0.000530153558526  
   0.918994155003   0.000502914851552  
   0.922670059186   0.000528907911704  
   0.926360807225   0.000525599218326  
   0.930066213277   0.000619389260949  
   0.933786464124   0.000571725420732  
   0.937521655387   0.000533195073227  
   0.941271691238   0.000683531195224  
    0.94503676327   0.000538919769927  
   0.948816969728   0.000494324569466  
   0.952612212787   0.000441961404185  
   0.956422689039   0.000558683585562  
    0.96024839901   0.000587231908839  
   0.964089341764   0.000508615952825  
   0.967945719061   0.000476264735389  
   0.971817531867    0.00053070761682  
   0.975704779678   0.000541187443232  
   0.979607565052   0.000587794606199  
   0.983525992373   0.000499540857558  
    0.98746016788   0.000575221498304  
    0.99140998551   0.000585789839239  
   0.995375550182   0.000543578232043  
   0.999357077529   0.000627567847459  
    1.00335456921   0.000488521110809  
     1.0073679148    0.00055062764061  
    1.01139744463   0.000528888276288  
    1.01544304873    0.00057180539488  
    1.01950483853   0.000589819030345  
    1.02358281331   0.000524769967705  
    1.02767708587   0.000495144819296  
    1.03178788711   0.000552344997634  
    1.03591498602   0.000636328300939  
    1.04005861403   0.000514598473515  
    1.04421888967   0.000530740571079  
     1.0483958139     0.0006537455039  
    1.05258938609   0.000450479609812  
    1.05679972569   0.000489719774051  
    1.06102695441   0.000550555112124  
    1.06527107257    0.00057025948924  
     1.0695320789   0.000570892207788  
    1.07381022173   0.000677363688552  
    1.07810550248   0.000412831533347  
    1.08241792093   0.000527340705414  
    1.08674760389   0.000652884791474  
    1.09109455089   0.000543754487811  
    1.09545895593   0.000589772999862  
    1.09984075394   0.000519727388218  
    1.10424014184   0.000550557146479  
    1.10865712028   0.000619277970062  
    1.11309168825     0.0005550775452  
    1.11754411518    0.00060252551584  
    1.12201426596   0.000548009034407  
    1.12650234506   0.000499912302485  
    1.13100835277   0.000614270544747  
    1.13553235792   0.000525470862301  
    1.14007450061    0.00054331388894  
    1.14463478098   0.000611317688105  
    1.14921334131   0.000562480520312  
    1.15381018168   0.000589453869735  
    1.15842544658   0.000571011223405  
    1.16305913603   0.000543039761171  
    1.16771132256   0.000518024330949  
    1.17238222901    0.00055095912384  
     1.1770717062   0.000587177797141  
    1.18178005487   0.000600923223923  
    1.18650712344   0.000576003560991  
    1.19125314023   0.000341609982394  
    1.19601818322   0.000458659240695  
    1.20080225251   0.000485178029339  
    1.20560542555   0.000516595314115  
     1.2104278603   0.000530855987239  
    1.21526955699   0.000359862625176  
    1.22013067626    0.00049659755842  
    1.22501121851   0.000416402922293  
    1.22991126469   0.000383194695918  
    1.23483089651   0.000528677324435  
    1.23977019641   0.000540425109596  
    1.24472933202   0.000443219589217  
    1.24970821917   0.000595015672491  
    1.25470702642   0.000465995767946  
    1.25972583937   0.000399959030035  
    1.26476474446   0.000480105545682  
    1.26982382899   0.000452159614998  
    1.27490309256   0.000455019403408  
    1.28000271133   0.000468530949848  
    1.28512277523   0.000509399580648  
     1.2902632844   0.000435488878254  
    1.29542432843   0.000417106327178  
    1.30060599784    0.00038457609408  
    1.30580838408   0.000466602382972  
     1.3110316732   0.000547112091782  
    1.31627577206   0.000550964852966  
    1.32154086795    0.00046170853574  
    1.32682705626   0.000400563738594  
    1.33213433675   0.000416538500591  
    1.33746290205   0.000499212202334  
    1.34281275249   0.000471621561436  
    1.34818398535   0.000542602140396  
    1.35357669902   0.000474915001534  
    1.35899099299   0.000498984041787  
    1.36442696787   0.000423362738122  
    1.36988472544   0.000440214562705  
    1.37536426557   0.000425313092837  
    1.38086568994   0.000398126697659  
     1.3863892061   0.000590108958923  
    1.39193470951   0.000411553727439  
    1.39750240935   0.000382937566459  
    1.40309251941   0.000263106922665  
    1.40870482573   0.000413044437358  
    1.41433965025   0.000476798849567  
    1.41999699353   0.000340951981443  
    1.42567696474   0.000331061052959  
    1.43137967438   0.000331659185867  
    1.43710523432   0.000278589920421  
    1.44285364441   0.000381019595623  
    1.44862501663   0.000433698167454  
     1.4544195796   0.000413889902004  
    1.46023721857   0.000378158373649  
    1.46607816418    0.00042577642132  
    1.47194253421   0.000441519720547  
      1.477830329    0.00031439548709  
    1.48374154662    0.00030911421293  
    1.48967654556   0.000321600768636  
    1.49563532798   0.000338456461076  
    1.50161777091   0.000372722487029  
    1.50762424051   0.000351034137002  
    1.51365473797   0.000328714229379  
    1.51970938801   0.000352038567208  
    1.52578819019   0.000472716875571  
    1.53189139745   0.000350208570269  
    1.53801901079    0.00037883645532  
    1.54417102887   0.000265789689372  
    1.55034770985   0.000402681670116  
    1.55654905389   0.000482107114786  
    1.56277532485   0.000402959271694  
    1.56902639034   0.000452144727775  
    1.57530251691   0.000208172781163  
    1.58160370472   0.000331871033569  
    1.58793008889   0.000308256673917  
    1.59428180649   0.000380456769077  
    1.60065899655   0.000422937511255  
    1.60706165945   0.000435430753618  
    1.61348993491   0.000447023325955  
    1.61994382173   0.000462968326074  
    1.62642360449   0.000392868155515  
    1.63292928386   0.000444020532673  
    1.63946100449   0.000504641632752  
     1.6460189132   0.000420461984584  
     1.6526028614   0.000445421483536  
    1.65921329316   0.000505085591702  
    1.66585021079    0.00038380145793  
    1.67251361406   0.000410191647932  
    1.67920365382   0.000418630882677  
    1.68592048325   0.000383184280646  
    1.69266410175   0.000470606301655  
    1.69943482084   0.000456179718582  
    1.70623248366   0.000355355166779  
    1.71305740532   0.000335506703268  
     1.7199097473    0.00043040112974  
    1.72678934875   0.000425486680659  
    1.73369653225    0.00052138038778  
    1.74063129799   0.000386640143943  
    1.74759380992   0.000458388099991  
    1.75458423461   0.000564895431904  
    1.76160257222   0.000452408004845  
    1.76864899066   0.000615092999627  
    1.77572348875   0.000484418022975  
    1.78282640892   0.000549593159066  
     1.7899577528   0.000480939138659  
    1.79711751932   0.000466076401996  
    1.80430605936   0.000564389742116  
    1.81152319598   0.000702646795266  
    1.81876928446   0.000554172980064  
    1.82604450707   0.000549304343001  
    1.83334868291    0.00074185852359  
     1.8406819916   0.000712262845626  
    1.84804480185   0.000700588260278  
    1.85543692875   0.000566148716957  
     1.8628585567     0.0007960002478  
    1.87031006382   0.000608758644346  
    1.87779126121   0.000835931477253  
    1.88530253195    0.00102452670857  
    1.89284368298   0.000968843526298  
    1.90041510239     0.0012325980728  
    1.90801679125    0.00100095439632  
    1.91564874769    0.00105500247705  
    1.92331136998    0.00110812368336  
    1.93100465998    0.00132876835435  
    1.93872861661    0.00112394473579  
    1.94648364868    0.00123377179999  
    1.95426955095    0.00145039084698  
    1.96208652804     0.0015067918804  
    1.96993499966    0.00129925199565  
    1.97781475664    0.00131794947726  
    1.98572600968    0.00139841314201  
    1.99366875669    0.00143812813544  
    2.00164342911    0.00153587409057  
    2.00965002913    0.00146782510041  
     2.0176887777    0.00156559076525  
    2.02575945264    0.00151313854936  
    2.03386249764    0.00154253522864  
    2.04199791323    0.00168745668906  
    2.05016592587     0.0016455047406  
    2.05836653531    0.00178569127019  
    2.06659997086     0.0020125300651  
    2.07486646606    0.00197151702567  
    2.08316602235    0.00233985447893  
    2.09149863802    0.00220263698415  
    2.09986454834    0.00197863185834  
    2.10826399303      0.002170588666  
    2.11669697217    0.00227185606936  
    2.12516397475    0.00208627108089  
    2.13366451009    0.00204729920545  
    2.14219906852    0.00207889901827  
    2.15076790095    0.00209108219852  
    2.15937100899    0.00206144974804  
    2.16800864708    0.00181095847857  
    2.17668055826     0.0022345048172  
    2.18538725457    0.00194486180041  
    2.19412886786    0.00238984399051  
     2.2029053986    0.00220439760979  
    2.21171697719     0.0025421654615  
    2.22056386918    0.00237541517645  
    2.22944607449    0.00229379521176  
     2.2383638626      0.001993194309  
    2.24731737067    0.00218024394762  
    2.25630659816     0.0025957346287  
    2.26533182065    0.00252485726025  
    2.27439317825    0.00270599273998  
    2.28349081208    0.00220867383049  
    2.29262472114    0.00260451266828  
    2.30179518955    0.00228766702081  
    2.31100236161    0.00271492032085  
    2.32024638274     0.0024248737948  
    2.32952739949    0.00208726618905  
    2.33884555955    0.00240333920948  
     2.3482008616    0.00200310536698  
    2.35759375493    0.00241553851733  
     2.3670240892    0.00265764620199  
    2.37649216717    0.00218782996048  
    2.38599814264    0.00195933172592  
    2.39554217071    0.00232566858687  
    2.40512425024    0.00252097934062  
    2.41474485293    0.00266374890588  
     2.4244038215    0.00222778846191  
    2.43410131268    0.00215017796414  
    2.44383780997    0.00253918968412  
    2.45361315272    0.00256834727665  
    2.46342750192    0.00183264429876  
    2.47328135334    0.00193411340526  
    2.48317437503    0.00204417782706  
    2.49310706713    0.00183334378309  
     2.5030796008    0.00195591691116  
    2.51309180473    0.00182989149163  
    2.52314419199    0.00171355420509  
    2.53323676388    0.00190092166114  
    2.54336969409    0.00165578509894  
      2.553543158    0.00196301448021  
    2.56375733277    0.00141269499139  
    2.57401239734     0.0013213948927  
    2.58430853246    0.00160256797695  
    2.59464573736    0.00135043261521  
    2.60502437702    0.00146682584123  
    2.61544445152    0.00183150522788  
    2.62590614476    0.00150860205627  
    2.63640983195    0.00151724689375  
    2.64695551462    0.00141803487603  
    2.65754319028    0.00175295063247  
    2.66817343412    0.00161519422998  
    2.67884605387    0.00157753877942  
    2.68956143808    0.00125130671578  
    2.70031978513    0.00150731364343  
    2.71112109538    0.00125993110101  
     2.7219655669    0.00136142838591  
    2.73285339999   0.000934383527765  
    2.74378479725   0.000961033032055  
    2.75475996361   0.000946689548911  
    2.76577889803   0.000907061232279  
     2.7768420153    0.00113061137144  
    2.78794952761    0.00109314399858  
    2.79910122283    0.00100336309546  
    2.81029773829    0.00098630970047  
    2.82153886012   0.000926591877416  
    2.83282501905   0.000908459799482  
    2.84415621465    0.00078292107027  
    2.85553288641   0.000903461575216  
     2.8669550358    0.00113799943572  
    2.87842288562   0.000855196655791  
    2.88993666146   0.000818965206333  
    2.90149636242    0.00072151714316  
    2.91310221432   0.000711104167556  
    2.92475467888   0.000701077934986  
    2.93645375843    0.00086247374364  
    2.94819945083   0.000772152509949  
    2.95999246544   0.000668858606429  
    2.97183232698    0.00069533636709  
    2.98371975291   0.000574686086202  
    2.99565450142   0.000525671149427  
    3.00763705757   0.000571702926263  
    3.01966766914   0.000461587743006  
    3.03174633682    0.00034355491052  
     3.0438733091   0.000404168502168  
    3.05604883781   0.000216858732092  
    3.06827292179    0.00031779956123  
    3.08054607218   0.000295106842729  
    3.09286829073    0.00023568904277  
    3.10523983715   0.000373830086792  
       3.11766071   0.000266346580701  
    3.13013143684   0.000293182818368  
     3.1426520194   0.000377365279647  
     3.1552224546   0.000301746265174  
    3.16784328125   0.000239934081496  
    3.18051477514   0.000234026572493  
    3.19323693827   0.000481045120796  
    3.20600976777    0.00032056355209  
    3.21883382034   0.000370891721794  
    3.23170909668   0.000258608342261  
    3.24463587936   0.000136761528083  
    3.25761445513   0.000321389963836  
    3.27064511496   0.000336079916277  
    3.28372756669   0.000155270037402  
    3.29686239202   0.000226939549936  
    3.31004988796   0.000135638035412  
    3.32329005515   0.000234850717611  
    3.33658319242   0.000253232750664  
    3.34992960313   0.000263719122533  
    3.36332928717   0.000167961656626  
    3.37678254987   0.000186028889695  
    3.39028970127   0.000299566796444  
    3.40385105624   0.000124201738896  
    3.41746629822   0.000185058920587  
    3.43113637807   0.000135970534039  
    3.44486065569   0.000202041019935  
    3.45864009442   0.000158736861929  
    3.47247469798   0.000160566328614  
    3.48636479597   0.000148524109622  
    3.50031005569   8.37337599974e-05  
    3.51431147419   0.000150217661478  
    3.52836871873   0.000182644919553  
    3.54248212415    4.4260980612e-05  
    3.55665203068   0.000184357140213  
    3.57087878411   0.000313849496956  
    3.58516203559   7.65587197221e-05  
    3.59950283138   0.000141550210483  
    3.61390082286   7.91504533728e-05  
    3.62835636186   4.92511430454e-05  
    3.64286980603   0.000159582650466  
    3.65744115459   7.84836969571e-05  
     3.6720711358   7.32078833255e-05  
    3.68675938494   0.000134415009926  
    3.70150626634   0.000103327231736  
    3.71631252674   0.000135624535122  
    3.73117779346   0.000114176561466  
    3.74610244067   9.17911144595e-05  
     3.7610868489   0.000134483078951  
    3.77613101678   4.84294886378e-05  
    3.79123572024   9.00277028749e-05  
    3.80640057035   0.000149258567646  
    3.82162635332   0.000108317762649  
     3.8369126718   0.000186177885452  
    3.85226032249   9.60968994795e-05  
    3.86766930695   4.01810422827e-05  
    3.88314003164   4.79167523917e-05  
    3.89867249609   0.000152726362392  
    3.91426752862   5.29668707653e-05  
    3.92992429535   9.02674334813e-05  
    3.94564404997   0.000120267338429  
    3.96142679819    4.6064036274e-05  
    3.97727253972   7.45207118047e-05  
    3.99318170256   9.44521116003e-05  
    4.00915428459    4.8811947684e-05  
    4.02519071885   5.96844197426e-05  
    4.04129144627   7.38749113638e-05  
     4.0574569158   7.15371131327e-05  
    4.07368668043   2.53251075415e-05  
    4.08998118387   2.72692490282e-05  
    4.10634133737   4.69630682659e-05  
    4.12276668611   7.61486599816e-05  
    4.13925768777   2.63734634041e-05  
     4.1558148085   7.48425753963e-05  
    4.17243804884   5.30895084831e-05  
    4.18912788102   7.70870778283e-05  
    4.20588430424                 0.0  
    4.22270779694   7.92226830059e-05  
    4.23959884661   2.53913935927e-05  
    4.25655696277   7.96311116184e-05  
    4.27358312521   3.10257356338e-05  
    4.29067733583   2.25800161752e-05  
    4.30784009553    6.8297563816e-05  
    4.32507140516                 0.0  
    4.34237177264   2.74088828375e-05  
    4.35974119784                 0.0  
    4.37718045687                 0.0  
    4.39468902883   5.44486563291e-05  
    4.41226796031   2.69830432947e-05  
    4.42991698849                 0.0  
    4.44763664356   0.000102878938519  
    4.46542719446   0.000105154946975  
    4.48328891197                 0.0  
    4.50122206872   2.00524478609e-05  
    4.51922693926   2.92351861899e-05  
    4.53730380009   5.66172669316e-05  
    4.55545292971   2.17238527753e-06  
    4.57367489354   2.83172302918e-05  
     4.5919694066   2.00967024541e-05  
    4.61033732575                 0.0  
    4.62877865296   8.24439240675e-05  
     4.6472939715   4.40272988481e-05  
    4.66588298672                 0.0  
    4.68454658297                 0.0  
     4.7032847621   2.74789506573e-05  
     4.7220978225                 0.0  
    4.74098637113                 0.0  
    4.75995010145   2.97068488679e-05  
    4.77898993408    3.0197142487e-05  
    4.79810587133   8.45341781131e-05  
    4.81729854038   2.91598546613e-05  
    4.83656762537   3.02578713719e-05  
     4.8559137564   3.02014446086e-05  
    4.87533757653                 0.0  
    4.89483876301                 0.0  
    4.91441829106   2.91085416948e-05  
    4.93407583344   2.34167347008e-05  
     4.9538123818   2.97288089102e-05  
    4.97362760448                 0.0  
    4.99352183074   3.18944275224e-05  
    5.01349607765                 0.0  
    5.03355000696                 0.0  
    5.05368430539   3.14898876974e-05  
    5.07389897276   5.94079449194e-05  
    5.09419470807                 0.0  
    5.11457151245                 0.0  
     5.1350297384   3.09854191436e-05  
    5.15556974197   6.31793131133e-05  
    5.17619188281   0.000123128170978  
    5.19689689217                 0.0  
    5.21768440439   3.18609162101e-05  
    5.23855515541   5.29961456045e-05  
    5.25950952014   6.56803225865e-05  
    5.28054749769   3.28286091149e-05  
    5.30166946194                 0.0  
    5.32287617669   9.62138339749e-05  
     5.3441676442   9.95525086253e-05  
    5.36554464285   3.31427982997e-05  
    5.38700678205                 0.0  
    5.40855484569                 0.0  
    5.43018883146   3.31756584487e-05  
     5.4519095384   3.48471319961e-05  
    5.47371737491                 0.0  
    5.49561234274    0.00013203024428  
    5.51759443527                 0.0  
    5.53966489128   2.21783481691e-05  
    5.56182371703                 0.0  
    5.58407091037   6.46633958007e-05  
    5.60640731682   0.000102943148089  
    5.62883293749    3.6700096795e-05  
    5.65134819992   0.000108843543338  
    5.67395353681   7.10315880192e-05  
    5.69664938618   3.30131771538e-05  
    5.71943619141                 0.0  
    5.74231350316   3.63963877243e-05  
     5.7652831125                 0.0  
    5.78834412131   3.56335921406e-05  
    5.81149743365                 0.0  
    5.83474351021   3.64898307449e-05  
    5.85808235018   7.33537653151e-05  
    5.88151488606                 0.0  
    5.90504064664                 0.0  
    5.92866105146   0.000144463510916  
    5.95237562645   7.28699174685e-05  
    5.97618533246   4.04756031297e-05  
    6.00008968111   3.57889357277e-05  
    6.02409013633    3.6723505023e-05  
     6.0481867053   3.42462489499e-05  
    6.07237938609                 0.0  
     6.0966686737   3.86970089734e-05  
    6.12105558018   4.02221186079e-05  
    6.14553959755   3.67310835592e-05  
    6.17012174768   3.68124557424e-05  
    6.19480255328                 0.0  
    6.21958149061   0.000115834700415  
    6.24446013397   3.65870988277e-05  
    6.26943795744   7.85723827184e-05  
    6.29451548781                 0.0  
    6.31969380334    3.9952521641e-05  
    6.34497236227   7.76640999276e-05  
    6.37035225392    3.6777197243e-05  
    6.39583347869   0.000156242535465  
    6.42141715049   8.02802823696e-05  
    6.44710271082   3.95511288098e-05  
    6.47289128537                 0.0  
    6.49878287572   0.000118481782974  
    6.52477805342   4.36382828295e-05  
      6.550876814   8.15606944935e-05  
    6.57708032125   4.01746303571e-05  
    6.60338857865   3.98124449771e-05  
    6.62980217829   4.13556011651e-05  
     6.6563217212    4.0369203205e-05  
    6.68294660092   4.21190708691e-05  
    6.70967863407                 0.0  
    6.73651721316                 0.0  
    6.76346356996                 0.0  
    6.79051708144   0.000206172877519  
    6.81767899338                 0.0  
    6.84494994327                 0.0  
    6.87232993526                 0.0  
    6.89981896307   4.37237018081e-05  
    6.92741831705   4.13606469869e-05  
    6.95512800081   0.000126098470707  
    6.98294867158                 0.0  
    7.01088032757   4.01281227498e-05  
     7.0389236311                 0.0  
    7.06707925516                 0.0  
    7.09534788362                 0.0  
    7.12372952024                 0.0  
    7.15222415796   4.02475948894e-05  
    7.18083318331   8.89088401835e-05  
    7.20955660066                 0.0  
    7.23839440342                 0.0  
    7.26734801256                 0.0  
     7.2964174335   3.80005991131e-05  
    7.32560339154    9.0097483787e-06  
     7.3549058873                 0.0  
    7.38432565288   4.53549687509e-05  
    7.41386268406                 0.0  
    7.44351771988                 0.0  
    7.47329227265   7.68066099954e-05  
    7.50318559143   4.48296356075e-05  
    7.53319843542   5.70977702174e-05  
    7.56333079768                 0.0  
    7.59358423039                 0.0  
    7.62395874079                 0.0  
    7.65445432458                 0.0  
    7.68507177011   3.94695417723e-05  
    7.71581269039                 0.0  
    7.74667546895   4.48804610296e-05  
    7.77766254505   4.83949634858e-05  
    7.80877310258                 0.0  
    7.84000796151   0.000141763747836  
    7.87136795637   9.50226562877e-05  
    7.90285393657   9.73096804136e-05  
    7.93446505168   4.84246187185e-05  
    7.96620300486                 0.0  
    7.99806779953   8.51791670281e-05  
    8.03006030517                 0.0  
     8.0621805217   9.68727295135e-05  
    8.09442932911   3.95426305942e-05  
    8.12680672387   3.95841996033e-05  
    8.15931359673                 0.0  
    8.19195085476                 0.0  
    8.22471942171   5.26249788348e-05  
    8.25761745204    0.00010049312392  
    8.29064864545                 0.0  
    8.32381114603   5.09549727695e-05  
    8.35710587897                 0.0  
    8.39053474565                 0.0  
    8.42409679606   9.99075265203e-05  
    8.45779298527   0.000206041696654  
    8.49162428634   4.73904845925e-05  
    8.52559070065                 0.0  
    8.55969321454                 0.0  
    8.59393182709                 0.0  
    8.62830753824   0.000100610355851  
    8.66282136702                 0.0  
    8.69747229125    0.00010939982375  
    8.73226235834   0.000104051211183  
    8.76719105115                 0.0  
    8.80225993308                 0.0  
    8.83746900884                 0.0  
    8.87281880584   0.000107656699278  
    8.90830985498   5.28965121012e-05  
    8.94394323548   5.40595860167e-05  
    8.97971894935                 0.0  
      9.015638092    0.00010597821339  
    9.05170066437   5.59879196653e-05  
    9.08790721605   5.53945982721e-05  
    9.12425886751                 0.0  
    9.16075618987                 0.0  
     9.1973991825                 0.0  
    9.23418841136                 0.0  
    9.27112561745                 0.0  
    9.30820963329                 0.0  
    9.34544280832   5.72093759089e-05  
    9.38282455567                 0.0  
    9.42035546382   5.82454932939e-05  
    9.45803734441   5.86055340149e-05  
    9.49586959654   0.000117266761332  
    9.53385282337                 0.0  
    9.57198825704   0.000245476804621  
    9.61027589683   0.000115818181558  
    9.64871699537   5.80770950796e-05  
    9.68731219181                 0.0  
    9.72606148678                 0.0  
     9.7649655154    6.1095806099e-05  
    9.80402557306                 0.0  
    9.84324166221   5.68790422613e-05  
    9.88261443541                 0.0  
    9.92214522171   5.31651538813e-05  
    9.96183335024   6.32322477548e-05  
    10.0016808383   6.19728274903e-05  
     10.041687693   0.000122841879739  
    10.0818545982    6.2808647141e-05  
    10.1221815468   6.08500991027e-05  
    10.1626706261                 0.0  
    10.2033211391                 0.0  
    10.2441344948   0.000399451660544  
